date,hour,member,casual,total
2010-09-20,11,2,0,2
2010-09-20,12,17,0,17
2010-09-20,13,11,0,11
2010-09-20,14,4,2,6
2010-09-20,15,10,2,12
2010-09-20,16,12,5,17
2010-09-20,17,22,2,24
2010-09-20,18,36,3,39
2010-09-20,19,22,11,33
2010-09-20,20,20,3,23
2010-09-20,21,14,4,18
2010-09-20,22,3,2,5
2010-09-20,23,5,0,5
2010-09-21,0,2,0,2
2010-09-21,6,2,1,3
2010-09-21,7,5,1,6
2010-09-21,8,22,3,25
2010-09-21,9,18,4,22
2010-09-21,10,9,3,12
2010-09-21,11,11,5,16
2010-09-21,12,14,6,20
2010-09-21,13,13,7,20
2010-09-21,14,10,7,17
2010-09-21,15,6,5,11
2010-09-21,16,7,8,15
2010-09-21,17,16,9,25
2010-09-21,18,28,19,47
2010-09-21,19,21,11,32
2010-09-21,20,12,5,17
2010-09-21,21,12,7,19
2010-09-21,22,5,7,12
2010-09-21,23,2,1,3
2010-09-22,0,1,0,1
2010-09-22,1,0,1,1
2010-09-22,2,0,1,1
2010-09-22,3,1,0,1
2010-09-22,4,2,0,2
2010-09-22,5,2,0,2
2010-09-22,6,4,0,4
2010-09-22,7,14,4,18
2010-09-22,8,24,4,28
2010-09-22,9,21,4,25
2010-09-22,10,10,6,16
2010-09-22,11,11,4,15
2010-09-22,12,16,6,22
2010-09-22,13,11,6,17
2010-09-22,14,13,12,25
2010-09-22,15,11,10,21
2010-09-22,16,14,8,22
2010-09-22,17,13,17,30
2010-09-22,18,24,7,31
2010-09-22,19,23,6,29
2010-09-22,20,15,5,20
2010-09-22,21,13,11,24
2010-09-22,22,12,1,13
2010-09-22,23,5,4,9
2010-09-23,0,3,1,4
2010-09-23,2,1,1,2
2010-09-23,3,1,0,1
2010-09-23,6,3,0,3
2010-09-23,7,8,3,11
2010-09-23,8,23,7,30
2010-09-23,9,13,5,18
2010-09-23,10,4,3,7
2010-09-23,11,12,7,19
2010-09-23,12,9,8,17
2010-09-23,13,7,5,12
2010-09-23,14,9,9,18
2010-09-23,15,7,10,17
2010-09-23,16,11,11,22
2010-09-23,17,21,6,27
2010-09-23,18,28,12,40
2010-09-23,19,29,9,38
2010-09-23,20,14,7,21
2010-09-23,21,21,3,24
2010-09-23,22,11,14,25
2010-09-23,23,14,3,17
2010-09-24,0,1,3,4
2010-09-24,1,1,0,1
2010-09-24,2,0,5,5
2010-09-24,7,7,0,7
2010-09-24,8,19,0,19
2010-09-24,9,18,1,19
2010-09-24,10,10,7,17
2010-09-24,11,12,1,13
2010-09-24,12,9,12,21
2010-09-24,13,7,11,18
2010-09-24,14,11,13,24
2010-09-24,15,12,7,19
2010-09-24,16,9,13,22
2010-09-24,17,23,13,36
2010-09-24,18,21,15,36
2010-09-24,19,18,9,27
2010-09-24,20,9,12,21
2010-09-24,21,5,12,17
2010-09-24,22,11,15,26
2010-09-24,23,3,7,10
2010-09-25,0,3,3,6
2010-09-25,1,4,0,4
2010-09-25,2,4,3,7
2010-09-25,3,1,3,4
2010-09-25,6,0,1,1
2010-09-25,7,0,4,4
2010-09-25,8,6,9,15
2010-09-25,9,11,20,31
2010-09-25,10,16,16,32
2010-09-25,11,29,22,51
2010-09-25,12,27,30,57
2010-09-25,13,19,50,69
2010-09-25,14,12,41,53
2010-09-25,15,16,16,32
2010-09-25,16,19,3,22
2010-09-25,17,13,0,13
2010-09-25,18,24,10,34
2010-09-25,19,22,12,34
2010-09-25,20,17,6,23
2010-09-25,21,12,13,25
2010-09-25,22,9,2,11
2010-09-25,23,8,3,11
2010-09-26,0,12,14,26
2010-09-26,1,4,0,4
2010-09-26,2,7,9,16
2010-09-26,6,1,1,2
2010-09-26,7,2,6,8
2010-09-26,8,2,0,2
2010-09-26,9,10,2,12
2010-09-26,10,13,5,18
2010-09-26,11,10,9,19
2010-09-26,12,30,9,39
2010-09-26,13,20,17,37
2010-09-26,14,29,32,61
2010-09-26,15,36,16,52
2010-09-26,16,25,13,38
2010-09-26,17,26,37,63
2010-09-26,18,21,20,41
2010-09-26,19,19,13,32
2010-09-26,20,19,14,33
2010-09-26,21,9,9,18
2010-09-26,22,7,4,11
2010-09-26,23,5,0,5
2010-09-27,0,3,1,4
2010-09-27,6,3,0,3
2010-09-27,7,4,1,5
2010-09-27,8,17,3,20
2010-09-27,9,9,3,12
2010-09-27,10,4,2,6
2010-09-27,11,6,2,8
2010-09-27,12,3,2,5
2010-09-27,13,8,4,12
2010-09-27,14,8,5,13
2010-09-27,15,5,4,9
2010-09-27,16,10,5,15
2010-09-27,17,30,9,39
2010-09-27,18,44,8,52
2010-09-27,19,30,4,34
2010-09-27,20,15,5,20
2010-09-27,21,14,2,16
2010-09-27,22,5,4,9
2010-09-27,23,4,0,4
2010-09-28,0,1,0,1
2010-09-28,1,0,1,1
2010-09-28,6,3,1,4
2010-09-28,7,14,2,16
2010-09-28,8,33,7,40
2010-09-28,9,15,3,18
2010-09-28,10,8,5,13
2010-09-28,11,11,1,12
2010-09-28,12,13,6,19
2010-09-28,13,19,4,23
2010-09-28,14,7,7,14
2010-09-28,15,15,11,26
2010-09-28,16,15,3,18
2010-09-28,17,34,12,46
2010-09-28,18,36,9,45
2010-09-28,19,24,4,28
2010-09-28,20,17,5,22
2010-09-28,21,25,11,36
2010-09-28,22,14,6,20
2010-09-28,23,6,3,9
2010-09-29,0,1,2,3
2010-09-29,1,1,0,1
2010-09-29,3,1,0,1
2010-09-29,5,1,0,1
2010-09-29,6,3,1,4
2010-09-29,7,25,6,31
2010-09-29,8,49,6,55
2010-09-29,9,36,3,39
2010-09-29,10,18,3,21
2010-09-29,11,17,9,26
2010-09-29,12,24,9,33
2010-09-29,13,4,4,8
2010-09-29,14,4,0,4
2010-09-29,15,2,2,4
2010-09-29,16,19,0,19
2010-09-29,17,28,3,31
2010-09-29,18,30,4,34
2010-09-29,19,30,9,39
2010-09-29,20,19,3,22
2010-09-29,21,21,5,26
2010-09-29,22,11,6,17
2010-09-29,23,1,2,3
2010-09-30,1,1,0,1
2010-09-30,7,1,0,1
2010-09-30,8,12,1,13
2010-09-30,9,10,0,10
2010-09-30,10,3,0,3
2010-09-30,12,2,0,2
2010-09-30,13,7,3,10
2010-09-30,14,4,1,5
2010-09-30,15,13,5,18
2010-09-30,16,9,2,11
2010-09-30,17,40,3,43
2010-09-30,18,19,2,21
2010-09-30,19,13,2,15
2010-09-30,20,2,0,2
2010-09-30,21,1,0,1
2010-09-30,22,2,0,2
2010-09-30,23,1,0,1
2010-10-01,0,2,0,2
2010-10-01,1,2,3,5
2010-10-01,2,4,0,4
2010-10-01,3,2,0,2
2010-10-01,6,2,1,3
2010-10-01,7,18,1,19
2010-10-01,8,34,7,41
2010-10-01,9,30,3,33
2010-10-01,10,16,4,20
2010-10-01,11,20,10,30
2010-10-01,12,20,6,26
2010-10-01,13,16,11,27
2010-10-01,14,14,10,24
2010-10-01,15,16,13,29
2010-10-01,16,22,17,39
2010-10-01,17,51,12,63
2010-10-01,18,42,21,63
2010-10-01,19,42,15,57
2010-10-01,20,19,14,33
2010-10-01,21,22,4,26
2010-10-01,22,12,3,15
2010-10-01,23,8,9,17
2010-10-02,0,5,6,11
2010-10-02,1,5,0,5
2010-10-02,2,1,7,8
2010-10-02,3,1,1,2
2010-10-02,4,1,0,1
2010-10-02,6,2,1,3
2010-10-02,7,3,4,7
2010-10-02,8,17,6,23
2010-10-02,9,12,12,24
2010-10-02,10,23,22,45
2010-10-02,11,41,24,65
2010-10-02,12,43,48,91
2010-10-02,13,37,38,75
2010-10-02,14,33,37,70
2010-10-02,15,41,64,105
2010-10-02,16,36,28,64
2010-10-02,17,32,31,63
2010-10-02,18,23,23,46
2010-10-02,19,28,19,47
2010-10-02,20,14,8,22
2010-10-02,21,16,11,27
2010-10-02,22,24,5,29
2010-10-02,23,4,2,6
2010-10-03,0,11,6,17
2010-10-03,1,12,4,16
2010-10-03,2,9,5,14
2010-10-03,3,2,0,2
2010-10-03,4,1,0,1
2010-10-03,6,1,0,1
2010-10-03,7,3,0,3
2010-10-03,8,8,4,12
2010-10-03,9,15,17,32
2010-10-03,10,15,17,32
2010-10-03,11,16,22,38
2010-10-03,12,28,35,63
2010-10-03,13,29,33,62
2010-10-03,14,29,32,61
2010-10-03,15,38,17,55
2010-10-03,16,27,13,40
2010-10-03,17,20,14,34
2010-10-03,18,7,2,9
2010-10-03,19,3,1,4
2010-10-03,20,5,0,5
2010-10-03,21,1,0,1
2010-10-03,22,2,0,2
2010-10-03,23,1,0,1
2010-10-04,0,1,1,2
2010-10-04,2,0,1,1
2010-10-04,6,1,0,1
2010-10-04,7,5,1,6
2010-10-04,8,8,2,10
2010-10-04,9,10,0,10
2010-10-04,10,6,0,6
2010-10-04,11,6,1,7
2010-10-04,12,9,4,13
2010-10-04,13,15,6,21
2010-10-04,14,12,4,16
2010-10-04,15,8,6,14
2010-10-04,16,22,4,26
2010-10-04,17,49,4,53
2010-10-04,18,41,8,49
2010-10-04,19,22,9,31
2010-10-04,20,23,3,26
2010-10-04,21,15,2,17
2010-10-04,22,10,0,10
2010-10-04,23,5,2,7
2010-10-05,0,1,0,1
2010-10-05,1,3,0,3
2010-10-05,5,1,0,1
2010-10-05,6,7,1,8
2010-10-05,7,23,1,24
2010-10-05,8,47,4,51
2010-10-05,9,39,3,42
2010-10-05,10,13,7,20
2010-10-05,11,12,7,19
2010-10-05,12,20,2,22
2010-10-05,13,18,5,23
2010-10-05,14,22,4,26
2010-10-05,15,23,4,27
2010-10-05,16,27,8,35
2010-10-05,17,85,8,93
2010-10-05,18,62,10,72
2010-10-05,19,47,7,54
2010-10-05,20,43,3,46
2010-10-05,21,22,4,26
2010-10-05,22,14,4,18
2010-10-05,23,9,4,13
2010-10-06,0,4,2,6
2010-10-06,5,1,0,1
2010-10-06,6,8,2,10
2010-10-06,7,24,1,25
2010-10-06,8,56,4,60
2010-10-06,9,52,5,57
2010-10-06,10,21,4,25
2010-10-06,11,16,8,24
2010-10-06,12,33,3,36
2010-10-06,13,26,3,29
2010-10-06,14,12,5,17
2010-10-06,15,16,4,20
2010-10-06,16,33,11,44
2010-10-06,17,81,12,93
2010-10-06,18,59,17,76
2010-10-06,19,59,5,64
2010-10-06,20,32,3,35
2010-10-06,21,19,2,21
2010-10-06,22,8,2,10
2010-10-06,23,9,1,10
2010-10-07,0,9,1,10
2010-10-07,1,1,1,2
2010-10-07,2,1,0,1
2010-10-07,3,0,1,1
2010-10-07,5,1,0,1
2010-10-07,6,15,1,16
2010-10-07,7,26,4,30
2010-10-07,8,89,9,98
2010-10-07,9,44,7,51
2010-10-07,10,28,5,33
2010-10-07,11,17,8,25
2010-10-07,12,26,7,33
2010-10-07,13,35,14,49
2010-10-07,14,26,6,32
2010-10-07,15,26,9,35
2010-10-07,16,43,8,51
2010-10-07,17,71,23,94
2010-10-07,18,71,22,93
2010-10-07,19,70,7,77
2010-10-07,20,48,8,56
2010-10-07,21,31,8,39
2010-10-07,22,14,8,22
2010-10-07,23,15,5,20
2010-10-08,0,9,3,12
2010-10-08,1,8,2,10
2010-10-08,2,1,1,2
2010-10-08,6,8,0,8
2010-10-08,7,24,2,26
2010-10-08,8,81,6,87
2010-10-08,9,52,11,63
2010-10-08,10,28,8,36
2010-10-08,11,36,13,49
2010-10-08,12,41,13,54
2010-10-08,13,32,16,48
2010-10-08,14,32,8,40
2010-10-08,15,42,15,57
2010-10-08,16,40,36,76
2010-10-08,17,76,11,87
2010-10-08,18,53,10,63
2010-10-08,19,53,18,71
2010-10-08,20,20,20,40
2010-10-08,21,31,5,36
2010-10-08,22,19,15,34
2010-10-08,23,10,5,15
2010-10-09,0,9,0,9
2010-10-09,1,8,9,17
2010-10-09,2,9,7,16
2010-10-09,3,1,0,1
2010-10-09,4,3,2,5
2010-10-09,5,0,1,1
2010-10-09,6,2,1,3
2010-10-09,7,6,3,9
2010-10-09,8,21,10,31
2010-10-09,9,25,17,42
2010-10-09,10,36,28,64
2010-10-09,11,32,25,57
2010-10-09,12,41,56,97
2010-10-09,13,33,43,76
2010-10-09,14,38,48,86
2010-10-09,15,24,70,94
2010-10-09,16,46,85,131
2010-10-09,17,38,55,93
2010-10-09,18,45,40,85
2010-10-09,19,40,14,54
2010-10-09,20,28,10,38
2010-10-09,21,21,14,35
2010-10-09,22,22,22,44
2010-10-09,23,11,10,21
2010-10-10,0,9,13,22
2010-10-10,1,8,6,14
2010-10-10,2,10,11,21
2010-10-10,3,2,3,5
2010-10-10,4,1,0,1
2010-10-10,6,1,4,5
2010-10-10,7,4,4,8
2010-10-10,8,8,4,12
2010-10-10,9,22,19,41
2010-10-10,10,26,43,69
2010-10-10,11,36,40,76
2010-10-10,12,46,51,97
2010-10-10,13,30,73,103
2010-10-10,14,28,56,84
2010-10-10,15,35,54,89
2010-10-10,16,47,79,126
2010-10-10,17,27,76,103
2010-10-10,18,43,33,76
2010-10-10,19,23,14,37
2010-10-10,20,22,12,34
2010-10-10,21,19,7,26
2010-10-10,22,16,9,25
2010-10-10,23,13,10,23
2010-10-11,0,4,1,5
2010-10-11,1,11,2,13
2010-10-11,2,2,3,5
2010-10-11,3,1,1,2
2010-10-11,5,0,1,1
2010-10-11,6,2,2,4
2010-10-11,7,15,2,17
2010-10-11,8,32,13,45
2010-10-11,9,27,11,38
2010-10-11,10,29,25,54
2010-10-11,11,28,29,57
2010-10-11,12,42,49,91
2010-10-11,13,36,24,60
2010-10-11,14,39,38,77
2010-10-11,15,33,30,63
2010-10-11,16,43,26,69
2010-10-11,17,74,22,96
2010-10-11,18,67,25,92
2010-10-11,19,50,28,78
2010-10-11,20,34,9,43
2010-10-11,21,25,6,31
2010-10-11,22,17,3,20
2010-10-11,23,6,0,6
2010-10-12,0,2,2,4
2010-10-12,1,3,0,3
2010-10-12,3,1,0,1
2010-10-12,4,1,0,1
2010-10-12,6,14,0,14
2010-10-12,7,47,5,52
2010-10-12,8,94,15,109
2010-10-12,9,46,12,58
2010-10-12,10,23,15,38
2010-10-12,11,21,12,33
2010-10-12,12,35,18,53
2010-10-12,13,47,13,60
2010-10-12,14,35,15,50
2010-10-12,15,31,16,47
2010-10-12,16,55,20,75
2010-10-12,17,95,31,126
2010-10-12,18,100,21,121
2010-10-12,19,66,16,82
2010-10-12,20,38,11,49
2010-10-12,21,41,7,48
2010-10-12,22,18,7,25
2010-10-12,23,19,12,31
2010-10-13,0,4,2,6
2010-10-13,1,3,0,3
2010-10-13,2,2,0,2
2010-10-13,5,1,1,2
2010-10-13,6,15,4,19
2010-10-13,7,44,5,49
2010-10-13,8,94,14,108
2010-10-13,9,61,6,67
2010-10-13,10,37,19,56
2010-10-13,11,27,10,37
2010-10-13,12,50,25,75
2010-10-13,13,34,18,52
2010-10-13,14,23,17,40
2010-10-13,15,28,11,39
2010-10-13,16,49,13,62
2010-10-13,17,119,16,135
2010-10-13,18,101,19,120
2010-10-13,19,75,11,86
2010-10-13,20,44,14,58
2010-10-13,21,36,16,52
2010-10-13,22,35,12,47
2010-10-13,23,12,4,16
2010-10-14,0,2,3,5
2010-10-14,1,0,1,1
2010-10-14,2,1,3,4
2010-10-14,3,1,0,1
2010-10-14,4,1,0,1
2010-10-14,5,1,0,1
2010-10-14,6,14,3,17
2010-10-14,7,33,1,34
2010-10-14,8,27,2,29
2010-10-14,9,4,0,4
2010-10-14,10,8,1,9
2010-10-14,11,3,0,3
2010-10-14,12,1,1,2
2010-10-14,13,1,0,1
2010-10-14,14,8,2,10
2010-10-14,15,15,3,18
2010-10-14,16,30,5,35
2010-10-14,17,97,9,106
2010-10-14,18,91,5,96
2010-10-14,19,55,11,66
2010-10-14,20,27,5,32
2010-10-14,21,43,5,48
2010-10-14,22,23,7,30
2010-10-14,23,15,5,20
2010-10-15,0,8,7,15
2010-10-15,1,8,2,10
2010-10-15,2,2,3,5
2010-10-15,5,1,0,1
2010-10-15,6,11,3,14
2010-10-15,7,45,2,47
2010-10-15,8,83,4,87
2010-10-15,9,69,9,78
2010-10-15,10,27,12,39
2010-10-15,11,44,21,65
2010-10-15,12,38,33,71
2010-10-15,13,32,20,52
2010-10-15,14,34,37,71
2010-10-15,15,42,28,70
2010-10-15,16,43,20,63
2010-10-15,17,99,30,129
2010-10-15,18,110,16,126
2010-10-15,19,49,11,60
2010-10-15,20,35,10,45
2010-10-15,21,28,5,33
2010-10-15,22,24,3,27
2010-10-15,23,25,5,30
2010-10-16,0,19,9,28
2010-10-16,1,13,1,14
2010-10-16,2,4,0,4
2010-10-16,3,4,0,4
2010-10-16,4,1,0,1
2010-10-16,5,3,0,3
2010-10-16,6,7,0,7
2010-10-16,7,8,2,10
2010-10-16,8,24,2,26
2010-10-16,9,25,13,38
2010-10-16,10,47,25,72
2010-10-16,11,74,33,107
2010-10-16,12,49,56,105
2010-10-16,13,67,67,134
2010-10-16,14,68,77,145
2010-10-16,15,71,65,136
2010-10-16,16,68,47,115
2010-10-16,17,68,60,128
2010-10-16,18,54,40,94
2010-10-16,19,36,11,47
2010-10-16,20,26,15,41
2010-10-16,21,28,16,44
2010-10-16,22,26,12,38
2010-10-16,23,17,16,33
2010-10-17,0,10,9,19
2010-10-17,1,15,2,17
2010-10-17,2,11,5,16
2010-10-17,3,4,3,7
2010-10-17,4,3,0,3
2010-10-17,5,1,0,1
2010-10-17,6,1,2,3
2010-10-17,7,2,2,4
2010-10-17,8,18,10,28
2010-10-17,9,27,16,43
2010-10-17,10,39,21,60
2010-10-17,11,43,56,99
2010-10-17,12,42,65,107
2010-10-17,13,60,74,134
2010-10-17,14,73,65,138
2010-10-17,15,62,74,136
2010-10-17,16,65,70,135
2010-10-17,17,69,46,115
2010-10-17,18,52,42,94
2010-10-17,19,52,13,65
2010-10-17,20,25,5,30
2010-10-17,21,26,7,33
2010-10-17,22,16,8,24
2010-10-17,23,19,2,21
2010-10-18,0,5,1,6
2010-10-18,1,2,2,4
2010-10-18,2,3,3,6
2010-10-18,3,1,0,1
2010-10-18,5,3,0,3
2010-10-18,6,14,6,20
2010-10-18,7,42,4,46
2010-10-18,8,97,8,105
2010-10-18,9,70,6,76
2010-10-18,10,33,10,43
2010-10-18,11,31,13,44
2010-10-18,12,39,19,58
2010-10-18,13,39,12,51
2010-10-18,14,32,13,45
2010-10-18,15,45,17,62
2010-10-18,16,54,20,74
2010-10-18,17,107,13,120
2010-10-18,18,107,12,119
2010-10-18,19,77,16,93
2010-10-18,20,49,5,54
2010-10-18,21,36,2,38
2010-10-18,22,36,5,41
2010-10-18,23,21,7,28
2010-10-19,0,4,2,6
2010-10-19,1,1,1,2
2010-10-19,2,5,1,6
2010-10-19,5,5,0,5
2010-10-19,6,23,1,24
2010-10-19,7,60,1,61
2010-10-19,8,123,12,135
2010-10-19,9,63,12,75
2010-10-19,10,25,3,28
2010-10-19,11,17,8,25
2010-10-19,12,46,6,52
2010-10-19,13,36,20,56
2010-10-19,14,29,14,43
2010-10-19,15,33,12,45
2010-10-19,16,36,14,50
2010-10-19,17,120,28,148
2010-10-19,18,133,19,152
2010-10-19,19,74,11,85
2010-10-19,20,50,11,61
2010-10-19,21,37,10,47
2010-10-19,22,21,6,27
2010-10-19,23,14,2,16
2010-10-20,0,5,1,6
2010-10-20,1,3,0,3
2010-10-20,2,1,1,2
2010-10-20,4,1,0,1
2010-10-20,5,3,0,3
2010-10-20,6,21,1,22
2010-10-20,7,57,11,68
2010-10-20,8,122,9,131
2010-10-20,9,79,12,91
2010-10-20,10,31,8,39
2010-10-20,11,35,11,46
2010-10-20,12,37,8,45
2010-10-20,13,37,5,42
2010-10-20,14,12,1,13
2010-10-20,15,34,5,39
2010-10-20,16,50,10,60
2010-10-20,17,110,19,129
2010-10-20,18,114,22,136
2010-10-20,19,73,19,92
2010-10-20,20,48,8,56
2010-10-20,21,38,3,41
2010-10-20,22,35,7,42
2010-10-20,23,28,5,33
2010-10-21,0,12,0,12
2010-10-21,1,6,0,6
2010-10-21,2,4,0,4
2010-10-21,3,1,0,1
2010-10-21,5,4,0,4
2010-10-21,6,23,0,23
2010-10-21,7,57,5,62
2010-10-21,8,123,11,134
2010-10-21,9,82,14,96
2010-10-21,10,40,6,46
2010-10-21,11,49,9,58
2010-10-21,12,50,12,62
2010-10-21,13,39,13,52
2010-10-21,14,35,13,48
2010-10-21,15,43,15,58
2010-10-21,16,52,9,61
2010-10-21,17,124,21,145
2010-10-21,18,113,25,138
2010-10-21,19,113,14,127
2010-10-21,20,54,12,66
2010-10-21,21,41,1,42
2010-10-21,22,37,10,47
2010-10-21,23,32,5,37
2010-10-22,0,7,4,11
2010-10-22,1,11,2,13
2010-10-22,2,2,0,2
2010-10-22,4,0,1,1
2010-10-22,5,6,0,6
2010-10-22,6,11,2,13
2010-10-22,7,51,4,55
2010-10-22,8,132,11,143
2010-10-22,9,90,16,106
2010-10-22,10,27,7,34
2010-10-22,11,43,10,53
2010-10-22,12,65,14,79
2010-10-22,13,52,18,70
2010-10-22,14,54,17,71
2010-10-22,15,47,24,71
2010-10-22,16,67,14,81
2010-10-22,17,131,27,158
2010-10-22,18,117,14,131
2010-10-22,19,64,9,73
2010-10-22,20,48,5,53
2010-10-22,21,38,22,60
2010-10-22,22,37,10,47
2010-10-22,23,25,6,31
2010-10-23,0,16,5,21
2010-10-23,1,13,6,19
2010-10-23,2,19,7,26
2010-10-23,3,5,1,6
2010-10-23,4,3,1,4
2010-10-23,5,2,0,2
2010-10-23,6,7,1,8
2010-10-23,7,11,2,13
2010-10-23,8,22,7,29
2010-10-23,9,36,16,52
2010-10-23,10,45,23,68
2010-10-23,11,57,60,117
2010-10-23,12,78,57,135
2010-10-23,13,64,80,144
2010-10-23,14,77,108,185
2010-10-23,15,87,93,180
2010-10-23,16,73,108,181
2010-10-23,17,74,78,152
2010-10-23,18,73,39,112
2010-10-23,19,56,11,67
2010-10-23,20,35,10,45
2010-10-23,21,31,25,56
2010-10-23,22,25,15,40
2010-10-23,23,29,7,36
2010-10-24,0,26,21,47
2010-10-24,1,16,9,25
2010-10-24,2,13,11,24
2010-10-24,3,5,3,8
2010-10-24,4,1,0,1
2010-10-24,5,1,0,1
2010-10-24,6,2,1,3
2010-10-24,7,1,3,4
2010-10-24,8,19,10,29
2010-10-24,9,36,24,60
2010-10-24,10,40,44,84
2010-10-24,11,61,55,116
2010-10-24,12,62,63,125
2010-10-24,13,67,87,154
2010-10-24,14,65,99,164
2010-10-24,15,79,86,165
2010-10-24,16,68,55,123
2010-10-24,17,63,69,132
2010-10-24,18,58,28,86
2010-10-24,19,39,19,58
2010-10-24,20,39,8,47
2010-10-24,21,38,10,48
2010-10-24,22,16,6,22
2010-10-24,23,11,7,18
2010-10-25,0,4,7,11
2010-10-25,1,1,1,2
2010-10-25,2,3,2,5
2010-10-25,3,1,1,2
2010-10-25,5,4,0,4
2010-10-25,6,24,1,25
2010-10-25,7,53,1,54
2010-10-25,8,145,11,156
2010-10-25,9,78,11,89
2010-10-25,10,31,17,48
2010-10-25,11,26,21,47
2010-10-25,12,54,16,70
2010-10-25,13,39,12,51
2010-10-25,14,37,19,56
2010-10-25,15,32,18,50
2010-10-25,16,63,17,80
2010-10-25,17,126,21,147
2010-10-25,18,131,18,149
2010-10-25,19,89,12,101
2010-10-25,20,69,10,79
2010-10-25,21,45,4,49
2010-10-25,22,28,6,34
2010-10-25,23,17,1,18
2010-10-26,0,1,3,4
2010-10-26,1,6,2,8
2010-10-26,2,1,2,3
2010-10-26,5,7,0,7
2010-10-26,6,22,1,23
2010-10-26,7,77,6,83
2010-10-26,8,167,14,181
2010-10-26,9,84,15,99
2010-10-26,10,36,15,51
2010-10-26,11,38,18,56
2010-10-26,12,44,17,61
2010-10-26,13,50,4,54
2010-10-26,14,50,17,67
2010-10-26,15,59,20,79
2010-10-26,16,69,20,89
2010-10-26,17,142,25,167
2010-10-26,18,144,18,162
2010-10-26,19,89,19,108
2010-10-26,20,62,22,84
2010-10-26,21,66,18,84
2010-10-26,22,51,8,59
2010-10-26,23,22,3,25
2010-10-27,0,12,3,15
2010-10-27,1,2,2,4
2010-10-27,2,2,3,5
2010-10-27,3,0,1,1
2010-10-27,4,2,0,2
2010-10-27,6,3,0,3
2010-10-27,7,12,2,14
2010-10-27,8,27,6,33
2010-10-27,9,51,7,58
2010-10-27,10,39,4,43
2010-10-27,11,22,8,30
2010-10-27,12,15,6,21
2010-10-27,13,6,2,8
2010-10-27,14,24,5,29
2010-10-27,15,43,10,53
2010-10-27,16,60,4,64
2010-10-27,17,143,21,164
2010-10-27,18,148,17,165
2010-10-27,19,79,17,96
2010-10-27,20,65,8,73
2010-10-27,21,49,9,58
2010-10-27,22,44,6,50
2010-10-27,23,27,1,28
2010-10-28,0,12,4,16
2010-10-28,1,5,1,6
2010-10-28,2,2,0,2
2010-10-28,4,1,0,1
2010-10-28,5,5,0,5
2010-10-28,6,26,0,26
2010-10-28,7,71,8,79
2010-10-28,8,163,23,186
2010-10-28,9,94,11,105
2010-10-28,10,40,14,54
2010-10-28,11,46,15,61
2010-10-28,12,65,23,88
2010-10-28,13,51,19,70
2010-10-28,14,50,22,72
2010-10-28,15,39,24,63
2010-10-28,16,72,29,101
2010-10-28,17,153,52,205
2010-10-28,18,173,33,206
2010-10-28,19,88,25,113
2010-10-28,20,56,16,72
2010-10-28,21,65,21,86
2010-10-28,22,38,11,49
2010-10-28,23,22,7,29
2010-10-29,0,14,2,16
2010-10-29,1,5,6,11
2010-10-29,2,1,2,3
2010-10-29,3,2,1,3
2010-10-29,5,4,0,4
2010-10-29,6,21,2,23
2010-10-29,7,57,8,65
2010-10-29,8,147,16,163
2010-10-29,9,95,17,112
2010-10-29,10,25,24,49
2010-10-29,11,50,25,75
2010-10-29,12,57,42,99
2010-10-29,13,68,41,109
2010-10-29,14,43,32,75
2010-10-29,15,46,28,74
2010-10-29,16,83,40,123
2010-10-29,17,142,32,174
2010-10-29,18,129,36,165
2010-10-29,19,84,24,108
2010-10-29,20,60,18,78
2010-10-29,21,48,9,57
2010-10-29,22,30,4,34
2010-10-29,23,25,7,32
2010-10-30,0,27,10,37
2010-10-30,1,20,1,21
2010-10-30,2,18,7,25
2010-10-30,3,4,2,6
2010-10-30,4,1,1,2
2010-10-30,5,3,2,5
2010-10-30,6,1,2,3
2010-10-30,7,9,9,18
2010-10-30,8,30,13,43
2010-10-30,9,63,64,127
2010-10-30,10,90,89,179
2010-10-30,11,103,141,244
2010-10-30,12,54,74,128
2010-10-30,13,74,95,169
2010-10-30,14,98,134,232
2010-10-30,15,122,152,274
2010-10-30,16,109,132,241
2010-10-30,17,88,92,180
2010-10-30,18,54,40,94
2010-10-30,19,39,19,58
2010-10-30,20,34,34,68
2010-10-30,21,39,20,59
2010-10-30,22,29,15,44
2010-10-30,23,24,11,35
2010-10-31,0,14,19,33
2010-10-31,1,24,16,40
2010-10-31,2,33,21,54
2010-10-31,3,20,20,40
2010-10-31,4,5,6,11
2010-10-31,5,0,1,1
2010-10-31,6,3,3,6
2010-10-31,7,10,5,15
2010-10-31,8,24,32,56
2010-10-31,9,28,37,65
2010-10-31,10,52,72,124
2010-10-31,11,60,95,155
2010-10-31,12,87,88,175
2010-10-31,13,76,100,176
2010-10-31,14,90,105,195
2010-10-31,15,67,99,166
2010-10-31,16,80,64,144
2010-10-31,17,70,74,144
2010-10-31,18,59,41,100
2010-10-31,19,49,19,68
2010-10-31,20,29,25,54
2010-10-31,21,39,18,57
2010-10-31,22,25,17,42
2010-10-31,23,10,11,21
2010-11-01,0,8,3,11
2010-11-01,1,3,2,5
2010-11-01,2,5,4,9
2010-11-01,5,6,1,7
2010-11-01,6,28,1,29
2010-11-01,7,65,5,70
2010-11-01,8,124,11,135
2010-11-01,9,85,15,100
2010-11-01,10,30,10,40
2010-11-01,11,42,18,60
2010-11-01,12,63,22,85
2010-11-01,13,46,21,67
2010-11-01,14,47,23,70
2010-11-01,15,43,15,58
2010-11-01,16,77,20,97
2010-11-01,17,131,25,156
2010-11-01,18,137,14,151
2010-11-01,19,105,12,117
2010-11-01,20,67,0,67
2010-11-01,21,52,2,54
2010-11-01,22,30,11,41
2010-11-01,23,21,1,22
2010-11-02,0,7,2,9
2010-11-02,1,1,0,1
2010-11-02,3,1,0,1
2010-11-02,4,1,0,1
2010-11-02,5,6,2,8
2010-11-02,6,21,0,21
2010-11-02,7,64,5,69
2010-11-02,8,132,21,153
2010-11-02,9,93,10,103
2010-11-02,10,34,17,51
2010-11-02,11,47,12,59
2010-11-02,12,43,10,53
2010-11-02,13,50,13,63
2010-11-02,14,50,17,67
2010-11-02,15,57,16,73
2010-11-02,16,76,10,86
2010-11-02,17,134,16,150
2010-11-02,18,136,7,143
2010-11-02,19,99,13,112
2010-11-02,20,56,4,60
2010-11-02,21,49,3,52
2010-11-02,22,43,3,46
2010-11-02,23,23,1,24
2010-11-03,0,19,3,22
2010-11-03,1,5,2,7
2010-11-03,2,2,1,3
2010-11-03,4,2,2,4
2010-11-03,5,4,6,10
2010-11-03,6,25,2,27
2010-11-03,7,62,5,67
2010-11-03,8,129,16,145
2010-11-03,9,115,4,119
2010-11-03,10,45,4,49
2010-11-03,11,36,3,39
2010-11-03,12,48,15,63
2010-11-03,13,50,13,63
2010-11-03,14,41,12,53
2010-11-03,15,46,13,59
2010-11-03,16,81,10,91
2010-11-03,17,181,20,201
2010-11-03,18,158,19,177
2010-11-03,19,103,10,113
2010-11-03,20,70,6,76
2010-11-03,21,49,6,55
2010-11-03,22,31,6,37
2010-11-03,23,8,2,10
2010-11-04,0,8,0,8
2010-11-04,1,5,0,5
2010-11-04,2,1,1,2
2010-11-04,4,1,0,1
2010-11-04,5,1,0,1
2010-11-04,6,3,0,3
2010-11-04,7,11,3,14
2010-11-04,8,27,2,29
2010-11-04,9,16,1,17
2010-11-04,10,11,1,12
2010-11-04,11,6,0,6
2010-11-04,12,13,1,14
2010-11-04,13,12,0,12
2010-11-04,14,9,0,9
2010-11-04,15,11,0,11
2010-11-04,16,22,2,24
2010-11-04,17,79,6,85
2010-11-04,18,85,9,94
2010-11-04,19,79,7,86
2010-11-04,20,41,3,44
2010-11-04,21,47,7,54
2010-11-04,22,37,0,37
2010-11-04,23,19,2,21
2010-11-05,0,18,0,18
2010-11-05,1,4,0,4
2010-11-05,2,1,2,3
2010-11-05,4,5,0,5
2010-11-05,5,2,0,2
2010-11-05,6,15,1,16
2010-11-05,7,72,2,74
2010-11-05,8,159,10,169
2010-11-05,9,127,17,144
2010-11-05,10,56,8,64
2010-11-05,11,50,14,64
2010-11-05,12,78,21,99
2010-11-05,13,95,27,122
2010-11-05,14,80,31,111
2010-11-05,15,81,32,113
2010-11-05,16,101,30,131
2010-11-05,17,183,22,205
2010-11-05,18,131,22,153
2010-11-05,19,101,17,118
2010-11-05,20,74,14,88
2010-11-05,21,49,11,60
2010-11-05,22,44,8,52
2010-11-05,23,34,5,39
2010-11-06,0,25,4,29
2010-11-06,1,18,1,19
2010-11-06,2,7,4,11
2010-11-06,3,6,4,10
2010-11-06,4,1,0,1
2010-11-06,5,4,1,5
2010-11-06,6,0,4,4
2010-11-06,7,15,4,19
2010-11-06,8,35,2,37
2010-11-06,9,43,17,60
2010-11-06,10,58,27,85
2010-11-06,11,78,53,131
2010-11-06,12,111,73,184
2010-11-06,13,113,85,198
2010-11-06,14,90,78,168
2010-11-06,15,99,65,164
2010-11-06,16,133,58,191
2010-11-06,17,78,59,137
2010-11-06,18,88,19,107
2010-11-06,19,60,17,77
2010-11-06,20,39,11,50
2010-11-06,21,52,6,58
2010-11-06,22,25,6,31
2010-11-06,23,34,6,40
2010-11-07,0,22,6,28
2010-11-07,1,32,11,43
2010-11-07,2,8,1,9
2010-11-07,5,2,0,2
2010-11-07,6,2,0,2
2010-11-07,7,5,1,6
2010-11-07,8,20,17,37
2010-11-07,9,47,22,69
2010-11-07,10,81,31,112
2010-11-07,11,79,44,123
2010-11-07,12,102,42,144
2010-11-07,13,83,57,140
2010-11-07,14,98,46,144
2010-11-07,15,85,25,110
2010-11-07,16,80,35,115
2010-11-07,17,66,8,74
2010-11-07,18,62,13,75
2010-11-07,19,39,14,53
2010-11-07,20,40,7,47
2010-11-07,21,26,10,36
2010-11-07,22,20,3,23
2010-11-07,23,21,1,22
2010-11-08,0,7,4,11
2010-11-08,1,0,2,2
2010-11-08,4,0,1,1
2010-11-08,5,4,2,6
2010-11-08,6,24,2,26
2010-11-08,7,100,7,107
2010-11-08,8,156,12,168
2010-11-08,9,77,14,91
2010-11-08,10,37,4,41
2010-11-08,11,44,4,48
2010-11-08,12,66,18,84
2010-11-08,13,62,8,70
2010-11-08,14,57,14,71
2010-11-08,15,62,11,73
2010-11-08,16,85,14,99
2010-11-08,17,199,14,213
2010-11-08,18,160,8,168
2010-11-08,19,91,9,100
2010-11-08,20,79,6,85
2010-11-08,21,57,7,64
2010-11-08,22,48,0,48
2010-11-08,23,21,2,23
2010-11-09,0,7,4,11
2010-11-09,1,1,0,1
2010-11-09,2,2,0,2
2010-11-09,4,1,0,1
2010-11-09,5,2,0,2
2010-11-09,6,34,4,38
2010-11-09,7,104,2,106
2010-11-09,8,232,15,247
2010-11-09,9,109,10,119
2010-11-09,10,58,17,75
2010-11-09,11,43,6,49
2010-11-09,12,79,8,87
2010-11-09,13,73,19,92
2010-11-09,14,68,22,90
2010-11-09,15,67,18,85
2010-11-09,16,89,31,120
2010-11-09,17,215,26,241
2010-11-09,18,169,9,178
2010-11-09,19,143,11,154
2010-11-09,20,94,7,101
2010-11-09,21,69,2,71
2010-11-09,22,42,3,45
2010-11-09,23,18,1,19
2010-11-10,0,9,4,13
2010-11-10,1,6,0,6
2010-11-10,2,1,2,3
2010-11-10,4,3,0,3
2010-11-10,5,3,2,5
2010-11-10,6,25,1,26
2010-11-10,7,118,7,125
2010-11-10,8,228,16,244
2010-11-10,9,126,5,131
2010-11-10,10,58,15,73
2010-11-10,11,62,15,77
2010-11-10,12,88,27,115
2010-11-10,13,70,7,77
2010-11-10,14,69,10,79
2010-11-10,15,60,17,77
2010-11-10,16,104,22,126
2010-11-10,17,219,19,238
2010-11-10,18,159,12,171
2010-11-10,19,120,14,134
2010-11-10,20,121,5,126
2010-11-10,21,90,13,103
2010-11-10,22,47,11,58
2010-11-10,23,36,3,39
2010-11-11,0,14,3,17
2010-11-11,1,6,3,9
2010-11-11,2,3,0,3
2010-11-11,3,0,2,2
2010-11-11,4,1,0,1
2010-11-11,6,11,2,13
2010-11-11,7,54,2,56
2010-11-11,8,166,19,185
2010-11-11,9,116,11,127
2010-11-11,10,73,20,93
2010-11-11,11,68,38,106
2010-11-11,12,105,31,136
2010-11-11,13,105,40,145
2010-11-11,14,103,48,151
2010-11-11,15,103,42,145
2010-11-11,16,94,34,128
2010-11-11,17,170,35,205
2010-11-11,18,134,34,168
2010-11-11,19,123,22,145
2010-11-11,20,65,11,76
2010-11-11,21,45,3,48
2010-11-11,22,47,14,61
2010-11-11,23,26,3,29
2010-11-12,0,14,3,17
2010-11-12,1,5,2,7
2010-11-12,2,2,1,3
2010-11-12,5,2,0,2
2010-11-12,6,26,1,27
2010-11-12,7,74,6,80
2010-11-12,8,185,12,197
2010-11-12,9,102,16,118
2010-11-12,10,47,24,71
2010-11-12,11,51,29,80
2010-11-12,12,94,32,126
2010-11-12,13,92,29,121
2010-11-12,14,84,38,122
2010-11-12,15,82,46,128
2010-11-12,16,94,27,121
2010-11-12,17,202,28,230
2010-11-12,18,160,29,189
2010-11-12,19,107,15,122
2010-11-12,20,72,15,87
2010-11-12,21,48,14,62
2010-11-12,22,36,23,59
2010-11-12,23,45,6,51
2010-11-13,0,31,6,37
2010-11-13,1,26,8,34
2010-11-13,2,11,1,12
2010-11-13,3,7,1,8
2010-11-13,4,2,0,2
2010-11-13,5,3,0,3
2010-11-13,6,4,1,5
2010-11-13,7,20,3,23
2010-11-13,8,26,11,37
2010-11-13,9,49,20,69
2010-11-13,10,76,44,120
2010-11-13,11,118,85,203
2010-11-13,12,123,88,211
2010-11-13,13,108,113,221
2010-11-13,14,119,124,243
2010-11-13,15,106,136,242
2010-11-13,16,89,107,196
2010-11-13,17,104,46,150
2010-11-13,18,86,36,122
2010-11-13,19,67,18,85
2010-11-13,20,44,24,68
2010-11-13,21,44,22,66
2010-11-13,22,43,14,57
2010-11-13,23,44,7,51
2010-11-14,0,32,15,47
2010-11-14,1,38,12,50
2010-11-14,2,12,5,17
2010-11-14,3,14,6,20
2010-11-14,4,1,0,1
2010-11-14,5,1,0,1
2010-11-14,6,4,6,10
2010-11-14,7,15,6,21
2010-11-14,8,22,8,30
2010-11-14,9,43,39,82
2010-11-14,10,61,52,113
2010-11-14,11,70,78,148
2010-11-14,12,102,89,191
2010-11-14,13,122,102,224
2010-11-14,14,128,114,242
2010-11-14,15,103,78,181
2010-11-14,16,107,88,195
2010-11-14,17,83,49,132
2010-11-14,18,65,20,85
2010-11-14,19,48,23,71
2010-11-14,20,36,9,45
2010-11-14,21,37,4,41
2010-11-14,22,23,14,37
2010-11-14,23,16,5,21
2010-11-15,0,4,5,9
2010-11-15,1,1,0,1
2010-11-15,2,0,3,3
2010-11-15,3,1,0,1
2010-11-15,4,5,0,5
2010-11-15,5,3,0,3
2010-11-15,6,31,5,36
2010-11-15,7,96,5,101
2010-11-15,8,208,17,225
2010-11-15,9,103,12,115
2010-11-15,10,35,13,48
2010-11-15,11,43,6,49
2010-11-15,12,82,20,102
2010-11-15,13,46,13,59
2010-11-15,14,61,19,80
2010-11-15,15,66,18,84
2010-11-15,16,105,17,122
2010-11-15,17,189,20,209
2010-11-15,18,158,22,180
2010-11-15,19,120,15,135
2010-11-15,20,100,5,105
2010-11-15,21,40,2,42
2010-11-15,22,15,1,16
2010-11-15,23,5,1,6
2010-11-16,0,4,2,6
2010-11-16,1,4,0,4
2010-11-16,2,1,2,3
2010-11-16,3,1,0,1
2010-11-16,5,3,0,3
2010-11-16,6,18,0,18
2010-11-16,7,39,1,40
2010-11-16,8,67,3,70
2010-11-16,9,28,1,29
2010-11-16,10,14,0,14
2010-11-16,11,20,4,24
2010-11-16,12,15,4,19
2010-11-16,13,25,5,30
2010-11-16,14,25,3,28
2010-11-16,15,13,0,13
2010-11-16,16,19,1,20
2010-11-16,17,96,6,102
2010-11-16,18,82,5,87
2010-11-16,19,76,6,82
2010-11-16,20,52,3,55
2010-11-16,21,58,4,62
2010-11-16,22,29,4,33
2010-11-16,23,21,8,29
2010-11-17,0,10,2,12
2010-11-17,1,4,0,4
2010-11-17,2,1,0,1
2010-11-17,5,1,1,2
2010-11-17,6,39,0,39
2010-11-17,7,124,3,127
2010-11-17,8,207,17,224
2010-11-17,9,119,13,132
2010-11-17,10,52,6,58
2010-11-17,11,56,10,66
2010-11-17,12,86,15,101
2010-11-17,13,68,14,82
2010-11-17,14,54,15,69
2010-11-17,15,57,9,66
2010-11-17,16,103,7,110
2010-11-17,17,205,8,213
2010-11-17,18,177,18,195
2010-11-17,19,129,12,141
2010-11-17,20,93,4,97
2010-11-17,21,70,15,85
2010-11-17,22,45,7,52
2010-11-17,23,43,4,47
2010-11-18,0,17,2,19
2010-11-18,1,5,7,12
2010-11-18,2,4,3,7
2010-11-18,3,1,0,1
2010-11-18,4,2,0,2
2010-11-18,5,4,1,5
2010-11-18,6,28,3,31
2010-11-18,7,121,3,124
2010-11-18,8,208,14,222
2010-11-18,9,128,9,137
2010-11-18,10,53,11,64
2010-11-18,11,58,17,75
2010-11-18,12,112,23,135
2010-11-18,13,67,8,75
2010-11-18,14,54,12,66
2010-11-18,15,57,14,71
2010-11-18,16,109,8,117
2010-11-18,17,187,11,198
2010-11-18,18,155,10,165
2010-11-18,19,102,9,111
2010-11-18,20,85,8,93
2010-11-18,21,45,11,56
2010-11-18,22,36,5,41
2010-11-18,23,27,2,29
2010-11-19,0,21,3,24
2010-11-19,1,6,0,6
2010-11-19,2,10,1,11
2010-11-19,3,2,1,3
2010-11-19,4,1,0,1
2010-11-19,5,1,0,1
2010-11-19,6,29,2,31
2010-11-19,7,79,3,82
2010-11-19,8,220,12,232
2010-11-19,9,116,6,122
2010-11-19,10,54,10,64
2010-11-19,11,59,16,75
2010-11-19,12,93,25,118
2010-11-19,13,83,21,104
2010-11-19,14,63,18,81
2010-11-19,15,60,24,84
2010-11-19,16,95,35,130
2010-11-19,17,199,14,213
2010-11-19,18,155,21,176
2010-11-19,19,107,9,116
2010-11-19,20,76,5,81
2010-11-19,21,58,10,68
2010-11-19,22,63,11,74
2010-11-19,23,54,4,58
2010-11-20,0,23,7,30
2010-11-20,1,22,5,27
2010-11-20,2,16,20,36
2010-11-20,3,4,7,11
2010-11-20,4,4,3,7
2010-11-20,5,1,0,1
2010-11-20,6,1,4,5
2010-11-20,7,16,2,18
2010-11-20,8,37,17,54
2010-11-20,9,70,17,87
2010-11-20,10,82,39,121
2010-11-20,11,103,43,146
2010-11-20,12,150,76,226
2010-11-20,13,142,104,246
2010-11-20,14,145,116,261
2010-11-20,15,126,155,281
2010-11-20,16,127,92,219
2010-11-20,17,99,53,152
2010-11-20,18,85,27,112
2010-11-20,19,68,13,81
2010-11-20,20,58,5,63
2010-11-20,21,55,7,62
2010-11-20,22,41,9,50
2010-11-20,23,39,16,55
2010-11-21,0,20,10,30
2010-11-21,1,27,5,32
2010-11-21,2,20,5,25
2010-11-21,3,7,1,8
2010-11-21,4,3,0,3
2010-11-21,5,4,1,5
2010-11-21,6,2,1,3
2010-11-21,7,7,6,13
2010-11-21,8,19,2,21
2010-11-21,9,40,19,59
2010-11-21,10,59,43,102
2010-11-21,11,80,45,125
2010-11-21,12,131,77,208
2010-11-21,13,97,81,178
2010-11-21,14,111,72,183
2010-11-21,15,120,69,189
2010-11-21,16,107,31,138
2010-11-21,17,91,26,117
2010-11-21,18,75,16,91
2010-11-21,19,46,10,56
2010-11-21,20,31,11,42
2010-11-21,21,44,13,57
2010-11-21,22,27,14,41
2010-11-21,23,21,5,26
2010-11-22,0,8,5,13
2010-11-22,1,4,0,4
2010-11-22,2,4,0,4
2010-11-22,3,1,0,1
2010-11-22,4,1,0,1
2010-11-22,5,6,0,6
2010-11-22,6,38,3,41
2010-11-22,7,83,4,87
2010-11-22,8,203,10,213
2010-11-22,9,93,7,100
2010-11-22,10,56,7,63
2010-11-22,11,50,17,67
2010-11-22,12,76,18,94
2010-11-22,13,63,18,81
2010-11-22,14,63,35,98
2010-11-22,15,62,20,82
2010-11-22,16,94,21,115
2010-11-22,17,191,31,222
2010-11-22,18,172,7,179
2010-11-22,19,142,7,149
2010-11-22,20,89,16,105
2010-11-22,21,75,12,87
2010-11-22,22,44,15,59
2010-11-22,23,30,4,34
2010-11-23,0,16,9,25
2010-11-23,1,2,0,2
2010-11-23,2,1,2,3
2010-11-23,3,2,0,2
2010-11-23,4,2,0,2
2010-11-23,5,3,0,3
2010-11-23,6,33,3,36
2010-11-23,7,98,2,100
2010-11-23,8,220,10,230
2010-11-23,9,124,5,129
2010-11-23,10,57,17,74
2010-11-23,11,69,17,86
2010-11-23,12,66,24,90
2010-11-23,13,66,11,77
2010-11-23,14,63,11,74
2010-11-23,15,39,8,47
2010-11-23,16,89,8,97
2010-11-23,17,172,8,180
2010-11-23,18,171,7,178
2010-11-23,19,113,9,122
2010-11-23,20,78,0,78
2010-11-23,21,52,4,56
2010-11-23,22,46,4,50
2010-11-23,23,22,2,24
2010-11-24,0,12,10,22
2010-11-24,1,7,4,11
2010-11-24,2,4,0,4
2010-11-24,3,5,0,5
2010-11-24,5,6,0,6
2010-11-24,6,31,1,32
2010-11-24,7,73,3,76
2010-11-24,8,171,4,175
2010-11-24,9,100,6,106
2010-11-24,10,53,9,62
2010-11-24,11,62,17,79
2010-11-24,12,74,18,92
2010-11-24,13,71,17,88
2010-11-24,14,81,11,92
2010-11-24,15,135,11,146
2010-11-24,16,114,11,125
2010-11-24,17,95,10,105
2010-11-24,18,65,2,67
2010-11-24,19,54,7,61
2010-11-24,20,33,3,36
2010-11-24,21,33,8,41
2010-11-24,22,30,2,32
2010-11-24,23,13,3,16
2010-11-25,0,12,1,13
2010-11-25,1,7,4,11
2010-11-25,2,7,0,7
2010-11-25,3,1,1,2
2010-11-25,5,3,0,3
2010-11-25,6,3,1,4
2010-11-25,7,14,0,14
2010-11-25,8,15,7,22
2010-11-25,9,25,4,29
2010-11-25,10,16,12,28
2010-11-25,11,43,13,56
2010-11-25,12,38,23,61
2010-11-25,13,35,15,50
2010-11-25,14,28,28,56
2010-11-25,15,21,19,40
2010-11-25,16,16,14,30
2010-11-25,17,11,15,26
2010-11-25,18,10,1,11
2010-11-25,19,7,2,9
2010-11-25,20,13,10,23
2010-11-25,21,10,14,24
2010-11-25,22,10,7,17
2010-11-25,23,12,5,17
2010-11-26,0,10,0,10
2010-11-26,1,4,3,7
2010-11-26,2,2,0,2
2010-11-26,3,2,0,2
2010-11-26,4,3,1,4
2010-11-26,6,7,0,7
2010-11-26,7,12,2,14
2010-11-26,8,28,2,30
2010-11-26,9,30,7,37
2010-11-26,10,34,17,51
2010-11-26,11,28,6,34
2010-11-26,12,40,23,63
2010-11-26,13,47,12,59
2010-11-26,14,37,32,69
2010-11-26,15,50,22,72
2010-11-26,16,66,24,90
2010-11-26,17,38,13,51
2010-11-26,18,33,18,51
2010-11-26,19,17,4,21
2010-11-26,20,29,3,32
2010-11-26,21,26,4,30
2010-11-26,22,18,0,18
2010-11-26,23,20,4,24
2010-11-27,0,18,2,20
2010-11-27,1,12,3,15
2010-11-27,2,10,5,15
2010-11-27,3,1,1,2
2010-11-27,4,2,0,2
2010-11-27,5,1,0,1
2010-11-27,6,2,3,5
2010-11-27,7,5,4,9
2010-11-27,8,14,5,19
2010-11-27,9,31,15,46
2010-11-27,10,28,16,44
2010-11-27,11,41,36,77
2010-11-27,12,34,42,76
2010-11-27,13,44,42,86
2010-11-27,14,52,63,115
2010-11-27,15,57,50,107
2010-11-27,16,36,24,60
2010-11-27,17,46,7,53
2010-11-27,18,32,14,46
2010-11-27,19,33,10,43
2010-11-27,20,21,5,26
2010-11-27,21,23,1,24
2010-11-27,22,15,9,24
2010-11-27,23,18,5,23
2010-11-28,0,9,2,11
2010-11-28,1,10,3,13
2010-11-28,2,9,10,19
2010-11-28,3,5,0,5
2010-11-28,6,5,0,5
2010-11-28,7,8,0,8
2010-11-28,8,10,1,11
2010-11-28,9,20,11,31
2010-11-28,10,39,14,53
2010-11-28,11,34,27,61
2010-11-28,12,84,27,111
2010-11-28,13,68,20,88
2010-11-28,14,73,30,103
2010-11-28,15,73,29,102
2010-11-28,16,88,19,107
2010-11-28,17,66,6,72
2010-11-28,18,33,6,39
2010-11-28,19,29,0,29
2010-11-28,20,23,0,23
2010-11-28,21,28,2,30
2010-11-28,22,15,0,15
2010-11-28,23,8,0,8
2010-11-29,0,4,0,4
2010-11-29,1,1,0,1
2010-11-29,3,1,0,1
2010-11-29,5,3,0,3
2010-11-29,6,32,1,33
2010-11-29,7,81,1,82
2010-11-29,8,201,7,208
2010-11-29,9,87,4,91
2010-11-29,10,38,7,45
2010-11-29,11,27,5,32
2010-11-29,12,54,4,58
2010-11-29,13,58,7,65
2010-11-29,14,52,8,60
2010-11-29,15,60,4,64
2010-11-29,16,75,6,81
2010-11-29,17,180,7,187
2010-11-29,18,144,9,153
2010-11-29,19,106,5,111
2010-11-29,20,67,8,75
2010-11-29,21,67,4,71
2010-11-29,22,36,7,43
2010-11-29,23,14,2,16
2010-11-30,0,7,1,8
2010-11-30,1,4,2,6
2010-11-30,2,1,0,1
2010-11-30,3,2,0,2
2010-11-30,4,1,0,1
2010-11-30,5,4,1,5
2010-11-30,6,39,3,42
2010-11-30,7,50,3,53
2010-11-30,8,71,2,73
2010-11-30,9,78,3,81
2010-11-30,10,42,9,51
2010-11-30,11,32,3,35
2010-11-30,12,51,5,56
2010-11-30,13,57,8,65
2010-11-30,14,48,3,51
2010-11-30,15,55,7,62
2010-11-30,16,80,4,84
2010-11-30,17,167,9,176
2010-11-30,18,148,15,163
2010-11-30,19,85,5,90
2010-11-30,20,61,4,65
2010-11-30,21,43,3,46
2010-11-30,22,25,2,27
2010-11-30,23,14,2,16
2010-12-01,0,12,1,13
2010-12-01,1,3,0,3
2010-12-01,2,3,0,3
2010-12-01,3,1,1,2
2010-12-01,4,1,0,1
2010-12-01,5,1,0,1
2010-12-01,6,7,0,7
2010-12-01,7,23,0,23
2010-12-01,8,53,1,54
2010-12-01,9,39,2,41
2010-12-01,10,7,1,8
2010-12-01,11,20,2,22
2010-12-01,12,29,0,29
2010-12-01,13,40,2,42
2010-12-01,14,41,2,43
2010-12-01,15,55,1,56
2010-12-01,16,60,7,67
2010-12-01,17,124,4,128
2010-12-01,18,133,4,137
2010-12-01,19,104,3,107
2010-12-01,20,91,3,94
2010-12-01,21,41,2,43
2010-12-01,22,32,1,33
2010-12-01,23,19,3,22
2010-12-02,0,11,0,11
2010-12-02,1,5,3,8
2010-12-02,2,1,0,1
2010-12-02,3,4,0,4
2010-12-02,4,1,0,1
2010-12-02,5,5,0,5
2010-12-02,6,33,1,34
2010-12-02,7,77,1,78
2010-12-02,8,183,2,185
2010-12-02,9,145,6,151
2010-12-02,10,43,9,52
2010-12-02,11,61,4,65
2010-12-02,12,50,11,61
2010-12-02,13,41,7,48
2010-12-02,14,54,1,55
2010-12-02,15,43,4,47
2010-12-02,16,58,7,65
2010-12-02,17,143,6,149
2010-12-02,18,130,10,140
2010-12-02,19,100,5,105
2010-12-02,20,70,4,74
2010-12-02,21,50,3,53
2010-12-02,22,40,5,45
2010-12-02,23,21,0,21
2010-12-03,0,13,0,13
2010-12-03,1,5,0,5
2010-12-03,2,2,0,2
2010-12-03,3,2,0,2
2010-12-03,4,1,0,1
2010-12-03,5,1,0,1
2010-12-03,6,24,0,24
2010-12-03,7,80,0,80
2010-12-03,8,206,6,212
2010-12-03,9,116,8,124
2010-12-03,10,49,3,52
2010-12-03,11,57,9,66
2010-12-03,12,62,11,73
2010-12-03,13,76,4,80
2010-12-03,14,48,5,53
2010-12-03,15,47,10,57
2010-12-03,16,100,10,110
2010-12-03,17,146,10,156
2010-12-03,18,154,5,159
2010-12-03,19,93,6,99
2010-12-03,20,72,6,78
2010-12-03,21,51,7,58
2010-12-03,22,42,9,51
2010-12-03,23,26,4,30
2010-12-04,0,28,5,33
2010-12-04,1,14,4,18
2010-12-04,2,17,3,20
2010-12-04,3,1,3,4
2010-12-04,4,5,0,5
2010-12-04,5,3,0,3
2010-12-04,6,3,0,3
2010-12-04,7,17,0,17
2010-12-04,8,17,6,23
2010-12-04,9,36,8,44
2010-12-04,10,52,11,63
2010-12-04,11,68,14,82
2010-12-04,12,72,14,86
2010-12-04,13,104,27,131
2010-12-04,14,80,30,110
2010-12-04,15,99,34,133
2010-12-04,16,62,30,92
2010-12-04,17,57,13,70
2010-12-04,18,54,8,62
2010-12-04,19,45,16,61
2010-12-04,20,33,7,40
2010-12-04,21,38,8,46
2010-12-04,22,32,3,35
2010-12-04,23,21,2,23
2010-12-05,0,21,6,27
2010-12-05,1,29,8,37
2010-12-05,2,14,1,15
2010-12-05,3,9,1,10
2010-12-05,4,3,0,3
2010-12-05,5,1,0,1
2010-12-05,6,5,0,5
2010-12-05,7,3,3,6
2010-12-05,8,17,5,22
2010-12-05,9,33,9,42
2010-12-05,10,50,11,61
2010-12-05,11,66,22,88
2010-12-05,12,73,17,90
2010-12-05,13,79,22,101
2010-12-05,14,69,17,86
2010-12-05,15,58,11,69
2010-12-05,16,66,7,73
2010-12-05,17,63,13,76
2010-12-05,18,51,4,55
2010-12-05,19,43,3,46
2010-12-05,20,32,1,33
2010-12-05,21,22,3,25
2010-12-05,22,20,1,21
2010-12-05,23,18,1,19
2010-12-06,0,8,0,8
2010-12-06,1,4,0,4
2010-12-06,3,2,0,2
2010-12-06,5,2,0,2
2010-12-06,6,30,0,30
2010-12-06,7,67,1,68
2010-12-06,8,163,4,167
2010-12-06,9,88,2,90
2010-12-06,10,34,1,35
2010-12-06,11,41,4,45
2010-12-06,12,50,2,52
2010-12-06,13,52,2,54
2010-12-06,14,34,3,37
2010-12-06,15,40,2,42
2010-12-06,16,67,3,70
2010-12-06,17,121,6,127
2010-12-06,18,149,3,152
2010-12-06,19,77,6,83
2010-12-06,20,49,2,51
2010-12-06,21,29,3,32
2010-12-06,22,20,0,20
2010-12-06,23,7,4,11
2010-12-07,0,15,0,15
2010-12-07,1,4,2,6
2010-12-07,2,1,0,1
2010-12-07,3,1,0,1
2010-12-07,5,1,0,1
2010-12-07,6,28,1,29
2010-12-07,7,61,1,62
2010-12-07,8,153,8,161
2010-12-07,9,86,2,88
2010-12-07,10,37,0,37
2010-12-07,11,35,0,35
2010-12-07,12,39,8,47
2010-12-07,13,37,2,39
2010-12-07,14,28,1,29
2010-12-07,15,34,2,36
2010-12-07,16,56,1,57
2010-12-07,17,121,4,125
2010-12-07,18,102,6,108
2010-12-07,19,82,4,86
2010-12-07,20,40,3,43
2010-12-07,21,27,0,27
2010-12-07,22,23,0,23
2010-12-07,23,15,1,16
2010-12-08,0,9,0,9
2010-12-08,1,1,1,2
2010-12-08,2,2,0,2
2010-12-08,5,1,0,1
2010-12-08,6,18,1,19
2010-12-08,7,68,4,72
2010-12-08,8,144,5,149
2010-12-08,9,95,9,104
2010-12-08,10,34,2,36
2010-12-08,11,42,3,45
2010-12-08,12,47,2,49
2010-12-08,13,35,2,37
2010-12-08,14,38,4,42
2010-12-08,15,43,4,47
2010-12-08,16,58,4,62
2010-12-08,17,114,2,116
2010-12-08,18,105,8,113
2010-12-08,19,72,2,74
2010-12-08,20,61,2,63
2010-12-08,21,44,0,44
2010-12-08,22,29,4,33
2010-12-08,23,15,0,15
2010-12-09,0,6,1,7
2010-12-09,1,4,0,4
2010-12-09,2,1,0,1
2010-12-09,3,2,0,2
2010-12-09,4,1,0,1
2010-12-09,5,4,0,4
2010-12-09,6,24,1,25
2010-12-09,7,60,0,60
2010-12-09,8,147,4,151
2010-12-09,9,110,6,116
2010-12-09,10,34,4,38
2010-12-09,11,47,5,52
2010-12-09,12,47,4,51
2010-12-09,13,44,2,46
2010-12-09,14,52,1,53
2010-12-09,15,45,6,51
2010-12-09,16,82,6,88
2010-12-09,17,129,8,137
2010-12-09,18,115,9,124
2010-12-09,19,75,4,79
2010-12-09,20,57,4,61
2010-12-09,21,51,2,53
2010-12-09,22,35,3,38
2010-12-09,23,25,1,26
2010-12-10,0,19,2,21
2010-12-10,1,4,1,5
2010-12-10,2,2,0,2
2010-12-10,3,0,1,1
2010-12-10,4,0,1,1
2010-12-10,5,1,0,1
2010-12-10,6,15,1,16
2010-12-10,7,45,3,48
2010-12-10,8,161,5,166
2010-12-10,9,115,2,117
2010-12-10,10,39,3,42
2010-12-10,11,41,2,43
2010-12-10,12,58,2,60
2010-12-10,13,51,6,57
2010-12-10,14,50,19,69
2010-12-10,15,53,3,56
2010-12-10,16,66,1,67
2010-12-10,17,128,5,133
2010-12-10,18,109,2,111
2010-12-10,19,91,2,93
2010-12-10,20,47,1,48
2010-12-10,21,41,1,42
2010-12-10,22,44,4,48
2010-12-10,23,23,6,29
2010-12-11,0,23,0,23
2010-12-11,1,24,0,24
2010-12-11,2,12,2,14
2010-12-11,3,10,0,10
2010-12-11,4,4,0,4
2010-12-11,5,2,0,2
2010-12-11,6,7,0,7
2010-12-11,7,6,1,7
2010-12-11,8,19,1,20
2010-12-11,9,34,3,37
2010-12-11,10,50,6,56
2010-12-11,11,66,12,78
2010-12-11,12,80,14,94
2010-12-11,13,80,13,93
2010-12-11,14,81,34,115
2010-12-11,15,94,22,116
2010-12-11,16,74,20,94
2010-12-11,17,72,14,86
2010-12-11,18,62,16,78
2010-12-11,19,48,7,55
2010-12-11,20,35,10,45
2010-12-11,21,33,2,35
2010-12-11,22,13,2,15
2010-12-11,23,18,3,21
2010-12-12,0,14,1,15
2010-12-12,1,15,1,16
2010-12-12,2,6,1,7
2010-12-12,3,6,2,8
2010-12-12,4,1,0,1
2010-12-12,5,1,0,1
2010-12-12,6,7,3,10
2010-12-12,7,1,0,1
2010-12-12,8,10,3,13
2010-12-12,9,15,3,18
2010-12-12,10,35,4,39
2010-12-12,11,43,7,50
2010-12-12,12,36,6,42
2010-12-12,13,25,4,29
2010-12-12,14,9,2,11
2010-12-12,15,14,0,14
2010-12-12,16,6,0,6
2010-12-12,17,13,0,13
2010-12-12,18,25,2,27
2010-12-12,19,25,0,25
2010-12-12,20,20,4,24
2010-12-12,21,16,0,16
2010-12-12,22,23,0,23
2010-12-12,23,11,0,11
2010-12-13,0,3,0,3
2010-12-13,1,2,0,2
2010-12-13,2,1,0,1
2010-12-13,3,3,0,3
2010-12-13,4,2,0,2
2010-12-13,5,1,0,1
2010-12-13,6,14,1,15
2010-12-13,7,58,0,58
2010-12-13,8,144,7,151
2010-12-13,9,91,9,100
2010-12-13,10,38,0,38
2010-12-13,11,38,3,41
2010-12-13,12,56,6,62
2010-12-13,13,34,1,35
2010-12-13,14,47,4,51
2010-12-13,15,46,1,47
2010-12-13,16,49,3,52
2010-12-13,17,99,4,103
2010-12-13,18,101,3,104
2010-12-13,19,66,1,67
2010-12-13,20,38,2,40
2010-12-13,21,27,1,28
2010-12-13,22,21,0,21
2010-12-13,23,8,0,8
2010-12-14,0,1,0,1
2010-12-14,1,1,0,1
2010-12-14,2,0,2,2
2010-12-14,3,1,1,2
2010-12-14,5,1,0,1
2010-12-14,6,20,1,21
2010-12-14,7,55,0,55
2010-12-14,8,91,3,94
2010-12-14,9,79,3,82
2010-12-14,10,33,1,34
2010-12-14,11,25,2,27
2010-12-14,12,28,3,31
2010-12-14,13,25,1,26
2010-12-14,14,26,4,30
2010-12-14,15,32,3,35
2010-12-14,16,33,3,36
2010-12-14,17,107,3,110
2010-12-14,18,104,2,106
2010-12-14,19,46,3,49
2010-12-14,20,45,1,46
2010-12-14,21,25,1,26
2010-12-14,22,15,2,17
2010-12-14,23,12,0,12
2010-12-15,0,4,1,5
2010-12-15,1,4,0,4
2010-12-15,2,1,1,2
2010-12-15,5,3,0,3
2010-12-15,6,23,1,24
2010-12-15,7,53,2,55
2010-12-15,8,121,4,125
2010-12-15,9,84,2,86
2010-12-15,10,35,1,36
2010-12-15,11,36,2,38
2010-12-15,12,46,4,50
2010-12-15,13,32,3,35
2010-12-15,14,42,2,44
2010-12-15,15,34,3,37
2010-12-15,16,57,1,58
2010-12-15,17,115,5,120
2010-12-15,18,105,4,109
2010-12-15,19,77,1,78
2010-12-15,20,52,0,52
2010-12-15,21,32,0,32
2010-12-15,22,34,0,34
2010-12-15,23,16,6,22
2010-12-16,0,10,0,10
2010-12-16,1,1,0,1
2010-12-16,4,3,0,3
2010-12-16,5,6,0,6
2010-12-16,6,19,1,20
2010-12-16,7,65,0,65
2010-12-16,8,145,8,153
2010-12-16,9,99,0,99
2010-12-16,10,27,0,27
2010-12-16,11,20,0,20
2010-12-16,12,15,0,15
2010-12-16,13,10,0,10
2010-12-16,14,11,0,11
2010-12-16,15,13,1,14
2010-12-16,16,19,0,19
2010-12-16,17,55,1,56
2010-12-16,18,42,0,42
2010-12-16,19,39,0,39
2010-12-16,20,19,1,20
2010-12-16,21,19,0,19
2010-12-16,22,11,0,11
2010-12-16,23,9,0,9
2010-12-17,0,3,0,3
2010-12-17,1,2,1,3
2010-12-17,2,3,1,4
2010-12-17,6,10,1,11
2010-12-17,7,32,0,32
2010-12-17,8,77,5,82
2010-12-17,9,64,2,66
2010-12-17,10,32,0,32
2010-12-17,11,31,2,33
2010-12-17,12,40,2,42
2010-12-17,13,31,3,34
2010-12-17,14,36,1,37
2010-12-17,15,44,0,44
2010-12-17,16,59,5,64
2010-12-17,17,85,4,89
2010-12-17,18,86,2,88
2010-12-17,19,56,2,58
2010-12-17,20,50,0,50
2010-12-17,21,29,2,31
2010-12-17,22,24,1,25
2010-12-17,23,25,1,26
2010-12-18,0,20,0,20
2010-12-18,1,10,0,10
2010-12-18,2,12,0,12
2010-12-18,3,5,0,5
2010-12-18,5,2,0,2
2010-12-18,6,3,0,3
2010-12-18,7,10,0,10
2010-12-18,8,15,1,16
2010-12-18,9,22,0,22
2010-12-18,10,51,4,55
2010-12-18,11,48,12,60
2010-12-18,12,60,17,77
2010-12-18,13,70,11,81
2010-12-18,14,51,9,60
2010-12-18,15,63,5,68
2010-12-18,16,58,5,63
2010-12-18,17,40,7,47
2010-12-18,18,60,5,65
2010-12-18,19,29,2,31
2010-12-18,20,28,2,30
2010-12-18,21,35,3,38
2010-12-18,22,28,1,29
2010-12-18,23,19,0,19
2010-12-19,0,10,0,10
2010-12-19,1,20,4,24
2010-12-19,2,13,3,16
2010-12-19,3,6,1,7
2010-12-19,5,1,0,1
2010-12-19,6,4,0,4
2010-12-19,7,6,0,6
2010-12-19,8,11,1,12
2010-12-19,9,29,0,29
2010-12-19,10,41,2,43
2010-12-19,11,49,12,61
2010-12-19,12,83,15,98
2010-12-19,13,65,6,71
2010-12-19,14,51,17,68
2010-12-19,15,63,12,75
2010-12-19,16,57,7,64
2010-12-19,17,59,11,70
2010-12-19,18,38,7,45
2010-12-19,19,29,0,29
2010-12-19,20,18,3,21
2010-12-19,21,20,0,20
2010-12-19,22,19,0,19
2010-12-19,23,6,0,6
2010-12-20,0,3,0,3
2010-12-20,1,2,0,2
2010-12-20,4,2,0,2
2010-12-20,5,1,0,1
2010-12-20,6,22,0,22
2010-12-20,7,47,0,47
2010-12-20,8,117,1,118
2010-12-20,9,84,0,84
2010-12-20,10,25,2,27
2010-12-20,11,34,9,43
2010-12-20,12,42,4,46
2010-12-20,13,48,3,51
2010-12-20,14,45,3,48
2010-12-20,15,35,12,47
2010-12-20,16,55,6,61
2010-12-20,17,134,7,141
2010-12-20,18,98,5,103
2010-12-20,19,77,0,77
2010-12-20,20,42,0,42
2010-12-20,21,29,0,29
2010-12-20,22,18,1,19
2010-12-20,23,11,1,12
2010-12-21,0,10,0,10
2010-12-21,1,1,0,1
2010-12-21,2,4,2,6
2010-12-21,4,0,1,1
2010-12-21,5,1,0,1
2010-12-21,6,24,0,24
2010-12-21,7,40,0,40
2010-12-21,8,120,2,122
2010-12-21,9,87,4,91
2010-12-21,10,37,0,37
2010-12-21,11,34,2,36
2010-12-21,12,42,8,50
2010-12-21,13,40,5,45
2010-12-21,14,39,8,47
2010-12-21,15,40,0,40
2010-12-21,16,57,2,59
2010-12-21,17,132,5,137
2010-12-21,18,116,3,119
2010-12-21,19,57,6,63
2010-12-21,20,38,2,40
2010-12-21,21,28,0,28
2010-12-21,22,21,0,21
2010-12-21,23,18,0,18
2010-12-22,0,15,0,15
2010-12-22,1,1,1,2
2010-12-22,2,4,0,4
2010-12-22,5,1,0,1
2010-12-22,6,17,0,17
2010-12-22,7,52,0,52
2010-12-22,8,127,3,130
2010-12-22,9,93,4,97
2010-12-22,10,35,6,41
2010-12-22,11,41,11,52
2010-12-22,12,45,10,55
2010-12-22,13,50,5,55
2010-12-22,14,54,2,56
2010-12-22,15,34,9,43
2010-12-22,16,70,2,72
2010-12-22,17,112,16,128
2010-12-22,18,97,18,115
2010-12-22,19,52,3,55
2010-12-22,20,36,3,39
2010-12-22,21,28,6,34
2010-12-22,22,11,2,13
2010-12-22,23,21,0,21
2010-12-23,0,7,0,7
2010-12-23,1,7,1,8
2010-12-23,2,2,0,2
2010-12-23,3,1,0,1
2010-12-23,4,1,0,1
2010-12-23,5,1,0,1
2010-12-23,6,14,0,14
2010-12-23,7,30,1,31
2010-12-23,8,72,0,72
2010-12-23,9,61,0,61
2010-12-23,10,36,3,39
2010-12-23,11,25,0,25
2010-12-23,12,55,10,65
2010-12-23,13,47,8,55
2010-12-23,14,57,9,66
2010-12-23,15,53,8,61
2010-12-23,16,54,3,57
2010-12-23,17,53,4,57
2010-12-23,18,28,1,29
2010-12-23,19,22,6,28
2010-12-23,20,21,4,25
2010-12-23,21,15,2,17
2010-12-23,22,10,1,11
2010-12-23,23,5,0,5
2010-12-24,0,8,0,8
2010-12-24,1,2,8,10
2010-12-24,2,2,2,4
2010-12-24,3,1,0,1
2010-12-24,4,2,1,3
2010-12-24,5,2,0,2
2010-12-24,6,4,0,4
2010-12-24,7,3,2,5
2010-12-24,8,9,2,11
2010-12-24,9,15,3,18
2010-12-24,10,21,4,25
2010-12-24,11,18,5,23
2010-12-24,12,29,5,34
2010-12-24,13,24,14,38
2010-12-24,14,28,1,29
2010-12-24,15,24,8,32
2010-12-24,16,18,11,29
2010-12-24,17,17,2,19
2010-12-24,18,17,0,17
2010-12-24,19,4,2,6
2010-12-24,20,10,2,12
2010-12-24,21,7,0,7
2010-12-24,22,5,0,5
2010-12-24,23,1,0,1
2010-12-25,0,2,0,2
2010-12-25,1,2,0,2
2010-12-25,2,3,0,3
2010-12-25,3,1,0,1
2010-12-25,6,2,0,2
2010-12-25,7,1,0,1
2010-12-25,8,4,2,6
2010-12-25,9,1,3,4
2010-12-25,10,2,3,5
2010-12-25,11,6,3,9
2010-12-25,12,3,5,8
2010-12-25,13,2,13,15
2010-12-25,14,8,8,16
2010-12-25,15,11,5,16
2010-12-25,16,12,20,32
2010-12-25,17,2,14,16
2010-12-25,18,6,8,14
2010-12-25,19,0,2,2
2010-12-25,20,4,5,9
2010-12-25,21,5,8,13
2010-12-25,22,5,3,8
2010-12-25,23,4,0,4
2010-12-26,0,1,0,1
2010-12-26,10,1,2,3
2010-12-26,11,4,1,5
2010-12-26,12,6,1,7
2010-12-26,13,13,2,15
2010-12-26,14,4,1,5
2010-12-26,15,8,1,9
2010-12-26,16,9,4,13
2010-12-26,17,6,0,6
2010-12-26,18,2,2,4
2010-12-26,19,4,0,4
2010-12-26,20,3,1,4
2010-12-26,21,1,0,1
2010-12-26,22,4,0,4
2010-12-26,23,3,0,3
2010-12-27,0,1,0,1
2010-12-27,1,2,0,2
2010-12-27,5,2,0,2
2010-12-27,6,4,0,4
2010-12-27,7,6,0,6
2010-12-27,8,22,1,23
2010-12-27,9,15,1,16
2010-12-27,10,9,1,10
2010-12-27,11,9,1,10
2010-12-27,12,18,1,19
2010-12-27,13,15,6,21
2010-12-27,14,19,4,23
2010-12-27,15,10,4,14
2010-12-27,16,26,1,27
2010-12-27,17,35,4,39
2010-12-27,18,29,0,29
2010-12-27,19,13,0,13
2010-12-27,20,12,0,12
2010-12-27,21,14,0,14
2010-12-27,22,7,0,7
2010-12-27,23,4,2,6
2010-12-28,0,3,1,4
2010-12-28,1,2,1,3
2010-12-28,3,1,0,1
2010-12-28,5,2,0,2
2010-12-28,6,13,0,13
2010-12-28,7,26,0,26
2010-12-28,8,61,3,64
2010-12-28,9,44,2,46
2010-12-28,10,16,4,20
2010-12-28,11,24,1,25
2010-12-28,12,33,4,37
2010-12-28,13,44,16,60
2010-12-28,14,27,15,42
2010-12-28,15,25,4,29
2010-12-28,16,50,7,57
2010-12-28,17,89,5,94
2010-12-28,18,49,1,50
2010-12-28,19,38,3,41
2010-12-28,20,24,1,25
2010-12-28,21,21,0,21
2010-12-28,22,16,0,16
2010-12-28,23,12,1,13
2010-12-29,0,8,2,10
2010-12-29,1,7,0,7
2010-12-29,2,2,0,2
2010-12-29,5,1,0,1
2010-12-29,6,16,0,16
2010-12-29,7,27,0,27
2010-12-29,8,85,3,88
2010-12-29,9,72,5,77
2010-12-29,10,33,10,43
2010-12-29,11,35,6,41
2010-12-29,12,43,12,55
2010-12-29,13,45,7,52
2010-12-29,14,49,7,56
2010-12-29,15,30,15,45
2010-12-29,16,52,13,65
2010-12-29,17,87,10,97
2010-12-29,18,90,7,97
2010-12-29,19,44,4,48
2010-12-29,20,42,2,44
2010-12-29,21,20,7,27
2010-12-29,22,17,0,17
2010-12-29,23,7,1,8
2010-12-30,0,5,1,6
2010-12-30,1,2,0,2
2010-12-30,2,1,0,1
2010-12-30,3,0,1,1
2010-12-30,5,1,0,1
2010-12-30,6,12,0,12
2010-12-30,7,30,0,30
2010-12-30,8,87,12,99
2010-12-30,9,68,6,74
2010-12-30,10,35,12,47
2010-12-30,11,44,14,58
2010-12-30,12,56,11,67
2010-12-30,13,67,16,83
2010-12-30,14,78,16,94
2010-12-30,15,90,8,98
2010-12-30,16,98,13,111
2010-12-30,17,83,5,88
2010-12-30,18,53,8,61
2010-12-30,19,49,6,55
2010-12-30,20,28,5,33
2010-12-30,21,21,5,26
2010-12-30,22,21,8,29
2010-12-30,23,26,1,27
2010-12-31,0,10,1,11
2010-12-31,1,10,6,16
2010-12-31,2,9,2,11
2010-12-31,3,2,1,3
2010-12-31,4,2,3,5
2010-12-31,5,5,0,5
2010-12-31,6,6,0,6
2010-12-31,7,6,2,8
2010-12-31,8,15,1,16
2010-12-31,9,22,8,30
2010-12-31,10,31,14,45
2010-12-31,11,46,22,68
2010-12-31,12,50,34,84
2010-12-31,13,79,38,117
2010-12-31,14,70,35,105
2010-12-31,15,61,25,86
2010-12-31,16,57,46,103
2010-12-31,17,38,17,55
2010-12-31,18,25,7,32
2010-12-31,19,36,3,39
2010-12-31,20,25,7,32
2010-12-31,21,16,3,19
2010-12-31,22,25,4,29
2010-12-31,23,5,4,9
2011-01-01,0,13,3,16
2011-01-01,1,30,8,38
2011-01-01,2,26,5,31
2011-01-01,3,9,3,12
2011-01-01,4,1,0,1
2011-01-01,5,1,0,1
2011-01-01,6,0,2,2
2011-01-01,7,2,1,3
2011-01-01,8,7,1,8
2011-01-01,9,6,8,14
2011-01-01,10,22,12,34
2011-01-01,11,30,26,56
2011-01-01,12,54,29,83
2011-01-01,13,47,47,94
2011-01-01,14,69,34,103
2011-01-01,15,67,40,107
2011-01-01,16,50,41,91
2011-01-01,17,51,15,66
2011-01-01,18,22,9,31
2011-01-01,19,27,6,33
2011-01-01,20,23,11,34
2011-01-01,21,31,3,34
2011-01-01,22,17,11,28
2011-01-01,23,24,15,39
2011-01-02,0,13,4,17
2011-01-02,1,15,1,16
2011-01-02,2,8,1,9
2011-01-02,3,4,2,6
2011-01-02,4,1,2,3
2011-01-02,6,2,0,2
2011-01-02,7,1,0,1
2011-01-02,8,8,0,8
2011-01-02,9,18,1,19
2011-01-02,10,46,7,53
2011-01-02,11,52,16,68
2011-01-02,12,69,20,89
2011-01-02,13,63,10,73
2011-01-02,14,53,4,57
2011-01-02,15,54,19,73
2011-01-02,16,65,9,74
2011-01-02,17,57,7,64
2011-01-02,18,41,10,51
2011-01-02,19,28,1,29
2011-01-02,20,17,5,22
2011-01-02,21,20,11,31
2011-01-02,22,9,0,9
2011-01-02,23,7,0,7
2011-01-03,0,5,0,5
2011-01-03,1,2,0,2
2011-01-03,4,1,0,1
2011-01-03,5,3,0,3
2011-01-03,6,28,0,28
2011-01-03,7,62,1,63
2011-01-03,8,151,1,152
2011-01-03,9,79,7,86
2011-01-03,10,27,11,38
2011-01-03,11,35,10,45
2011-01-03,12,40,13,53
2011-01-03,13,50,8,58
2011-01-03,14,59,11,70
2011-01-03,15,58,14,72
2011-01-03,16,66,9,75
2011-01-03,17,143,11,154
2011-01-03,18,147,9,156
2011-01-03,19,99,8,107
2011-01-03,20,48,3,51
2011-01-03,21,48,3,51
2011-01-03,22,19,0,19
2011-01-03,23,11,1,12
2011-01-04,0,5,0,5
2011-01-04,1,2,0,2
2011-01-04,2,1,0,1
2011-01-04,4,2,0,2
2011-01-04,5,4,0,4
2011-01-04,6,36,0,36
2011-01-04,7,91,2,93
2011-01-04,8,175,2,177
2011-01-04,9,98,2,100
2011-01-04,10,35,5,40
2011-01-04,11,49,7,56
2011-01-04,12,62,12,74
2011-01-04,13,78,18,96
2011-01-04,14,53,9,62
2011-01-04,15,47,17,64
2011-01-04,16,67,15,82
2011-01-04,17,200,10,210
2011-01-04,18,179,3,182
2011-01-04,19,104,2,106
2011-01-04,20,52,0,52
2011-01-04,21,46,0,46
2011-01-04,22,34,1,35
2011-01-04,23,9,2,11
2011-01-05,0,6,0,6
2011-01-05,1,6,0,6
2011-01-05,2,2,0,2
2011-01-05,4,2,0,2
2011-01-05,5,3,0,3
2011-01-05,6,33,0,33
2011-01-05,7,86,1,87
2011-01-05,8,189,3,192
2011-01-05,9,107,6,113
2011-01-05,10,51,4,55
2011-01-05,11,34,12,46
2011-01-05,12,73,5,78
2011-01-05,13,64,6,70
2011-01-05,14,49,10,59
2011-01-05,15,52,7,59
2011-01-05,16,83,4,87
2011-01-05,17,183,4,187
2011-01-05,18,165,3,168
2011-01-05,19,125,5,130
2011-01-05,20,79,7,86
2011-01-05,21,40,3,43
2011-01-05,22,39,1,40
2011-01-05,23,18,1,19
2011-01-06,0,11,0,11
2011-01-06,1,4,0,4
2011-01-06,2,2,0,2
2011-01-06,4,1,0,1
2011-01-06,5,4,0,4
2011-01-06,6,36,0,36
2011-01-06,7,93,0,93
2011-01-06,8,208,3,211
2011-01-06,9,111,6,117
2011-01-06,10,42,3,45
2011-01-06,11,56,2,58
2011-01-06,12,77,6,83
2011-01-06,13,55,12,67
2011-01-06,14,56,11,67
2011-01-06,15,53,8,61
2011-01-06,16,73,12,85
2011-01-06,17,162,9,171
2011-01-06,18,153,5,158
2011-01-06,19,108,3,111
2011-01-06,20,64,3,67
2011-01-06,21,47,0,47
2011-01-06,22,50,1,51
2011-01-06,23,19,4,23
2011-01-07,0,12,4,16
2011-01-07,1,5,2,7
2011-01-07,2,1,0,1
2011-01-07,4,1,0,1
2011-01-07,5,5,0,5
2011-01-07,6,26,8,34
2011-01-07,7,74,8,82
2011-01-07,8,189,20,209
2011-01-07,9,123,9,132
2011-01-07,10,47,16,63
2011-01-07,11,47,19,66
2011-01-07,12,50,9,59
2011-01-07,13,63,9,72
2011-01-07,14,42,7,49
2011-01-07,15,62,9,71
2011-01-07,16,81,5,86
2011-01-07,17,177,9,186
2011-01-07,18,115,7,122
2011-01-07,19,91,3,94
2011-01-07,20,48,1,49
2011-01-07,21,38,0,38
2011-01-07,22,34,2,36
2011-01-07,23,14,1,15
2011-01-08,0,24,1,25
2011-01-08,1,15,1,16
2011-01-08,2,13,3,16
2011-01-08,3,7,0,7
2011-01-08,4,1,0,1
2011-01-08,5,5,0,5
2011-01-08,6,2,0,2
2011-01-08,7,8,1,9
2011-01-08,8,15,0,15
2011-01-08,9,19,0,19
2011-01-08,10,54,5,59
2011-01-08,11,60,2,62
2011-01-08,12,88,8,96
2011-01-08,13,93,7,100
2011-01-08,14,82,12,94
2011-01-08,15,63,5,68
2011-01-08,16,65,8,73
2011-01-08,17,62,5,67
2011-01-08,18,52,3,55
2011-01-08,19,26,4,30
2011-01-08,20,27,0,27
2011-01-08,21,35,2,37
2011-01-08,22,33,1,34
2011-01-08,23,22,0,22
2011-01-09,0,24,1,25
2011-01-09,1,12,0,12
2011-01-09,2,11,0,11
2011-01-09,3,4,0,4
2011-01-09,4,1,0,1
2011-01-09,5,1,0,1
2011-01-09,6,1,0,1
2011-01-09,7,5,1,6
2011-01-09,8,10,0,10
2011-01-09,9,19,0,19
2011-01-09,10,48,0,48
2011-01-09,11,45,2,47
2011-01-09,12,76,4,80
2011-01-09,13,68,6,74
2011-01-09,14,60,8,68
2011-01-09,15,76,5,81
2011-01-09,16,75,13,88
2011-01-09,17,59,3,62
2011-01-09,18,43,4,47
2011-01-09,19,39,1,40
2011-01-09,20,37,0,37
2011-01-09,21,18,1,19
2011-01-09,22,10,5,15
2011-01-09,23,6,0,6
2011-01-10,0,2,2,4
2011-01-10,1,0,1,1
2011-01-10,2,3,0,3
2011-01-10,3,1,0,1
2011-01-10,4,2,1,3
2011-01-10,5,3,0,3
2011-01-10,6,29,0,29
2011-01-10,7,73,2,75
2011-01-10,8,180,4,184
2011-01-10,9,91,2,93
2011-01-10,10,29,0,29
2011-01-10,11,28,2,30
2011-01-10,12,47,5,52
2011-01-10,13,49,4,53
2011-01-10,14,47,0,47
2011-01-10,15,42,2,44
2011-01-10,16,70,4,74
2011-01-10,17,173,4,177
2011-01-10,18,153,1,154
2011-01-10,19,88,3,91
2011-01-10,20,70,1,71
2011-01-10,21,37,1,38
2011-01-10,22,22,2,24
2011-01-10,23,18,0,18
2011-01-11,0,10,2,12
2011-01-11,1,3,0,3
2011-01-11,2,2,0,2
2011-01-11,5,6,0,6
2011-01-11,6,26,0,26
2011-01-11,7,95,2,97
2011-01-11,8,207,3,210
2011-01-11,9,123,3,126
2011-01-11,10,50,3,53
2011-01-11,11,31,4,35
2011-01-11,12,54,2,56
2011-01-11,13,42,6,48
2011-01-11,14,59,3,62
2011-01-11,15,43,2,45
2011-01-11,16,70,4,74
2011-01-11,17,128,6,134
2011-01-11,18,90,1,91
2011-01-11,19,51,0,51
2011-01-11,20,32,0,32
2011-01-11,21,20,0,20
2011-01-11,22,28,1,29
2011-01-11,23,18,1,19
2011-01-12,0,7,0,7
2011-01-12,1,6,0,6
2011-01-12,2,1,0,1
2011-01-12,5,5,0,5
2011-01-12,6,16,0,16
2011-01-12,7,54,0,54
2011-01-12,8,125,3,128
2011-01-12,9,76,3,79
2011-01-12,10,39,0,39
2011-01-12,11,32,3,35
2011-01-12,12,50,3,53
2011-01-12,13,46,0,46
2011-01-12,14,43,0,43
2011-01-12,15,47,1,48
2011-01-12,16,61,5,66
2011-01-12,17,137,0,137
2011-01-12,18,135,2,137
2011-01-12,19,76,1,77
2011-01-12,20,54,2,56
2011-01-12,21,56,0,56
2011-01-12,22,31,1,32
2011-01-12,23,19,1,20
2011-01-13,0,6,1,7
2011-01-13,1,2,0,2
2011-01-13,2,2,0,2
2011-01-13,3,2,0,2
2011-01-13,4,4,0,4
2011-01-13,5,3,0,3
2011-01-13,6,28,0,28
2011-01-13,7,70,0,70
2011-01-13,8,196,5,201
2011-01-13,9,135,2,137
2011-01-13,10,36,2,38
2011-01-13,11,32,4,36
2011-01-13,12,49,3,52
2011-01-13,13,80,2,82
2011-01-13,14,39,3,42
2011-01-13,15,54,5,59
2011-01-13,16,74,2,76
2011-01-13,17,156,3,159
2011-01-13,18,139,3,142
2011-01-13,19,94,1,95
2011-01-13,20,64,0,64
2011-01-13,21,37,0,37
2011-01-13,22,30,0,30
2011-01-13,23,14,1,15
2011-01-14,0,13,0,13
2011-01-14,1,5,0,5
2011-01-14,2,1,0,1
2011-01-14,3,1,0,1
2011-01-14,5,8,0,8
2011-01-14,6,17,0,17
2011-01-14,7,69,0,69
2011-01-14,8,153,2,155
2011-01-14,9,111,0,111
2011-01-14,10,39,4,43
2011-01-14,11,45,6,51
2011-01-14,12,57,2,59
2011-01-14,13,73,4,77
2011-01-14,14,57,5,62
2011-01-14,15,58,9,67
2011-01-14,16,84,3,87
2011-01-14,17,154,4,158
2011-01-14,18,131,5,136
2011-01-14,19,85,3,88
2011-01-14,20,66,0,66
2011-01-14,21,48,4,52
2011-01-14,22,30,2,32
2011-01-14,23,25,1,26
2011-01-15,0,25,3,28
2011-01-15,1,18,2,20
2011-01-15,2,12,0,12
2011-01-15,3,7,1,8
2011-01-15,4,5,0,5
2011-01-15,5,1,0,1
2011-01-15,6,2,1,3
2011-01-15,7,9,1,10
2011-01-15,8,21,1,22
2011-01-15,9,31,2,33
2011-01-15,10,57,2,59
2011-01-15,11,54,18,72
2011-01-15,12,74,15,89
2011-01-15,13,80,21,101
2011-01-15,14,91,26,117
2011-01-15,15,107,21,128
2011-01-15,16,94,33,127
2011-01-15,17,53,29,82
2011-01-15,18,69,15,84
2011-01-15,19,59,14,73
2011-01-15,20,34,6,40
2011-01-15,21,51,6,57
2011-01-15,22,26,0,26
2011-01-15,23,38,5,43
2011-01-16,0,32,6,38
2011-01-16,1,19,4,23
2011-01-16,2,12,3,15
2011-01-16,3,6,9,15
2011-01-16,4,1,0,1
2011-01-16,5,1,1,2
2011-01-16,6,1,0,1
2011-01-16,7,3,0,3
2011-01-16,8,17,0,17
2011-01-16,9,29,3,32
2011-01-16,10,70,8,78
2011-01-16,11,68,23,91
2011-01-16,12,74,29,103
2011-01-16,13,94,23,117
2011-01-16,14,67,22,89
2011-01-16,15,75,35,110
2011-01-16,16,77,22,99
2011-01-16,17,81,23,104
2011-01-16,18,56,11,67
2011-01-16,19,46,14,60
2011-01-16,20,50,7,57
2011-01-16,21,21,6,27
2011-01-16,22,19,2,21
2011-01-16,23,18,0,18
2011-01-17,0,16,1,17
2011-01-17,1,15,1,16
2011-01-17,2,8,0,8
2011-01-17,3,2,0,2
2011-01-17,4,2,1,3
2011-01-17,5,1,0,1
2011-01-17,6,5,0,5
2011-01-17,7,9,4,13
2011-01-17,8,30,3,33
2011-01-17,9,39,8,47
2011-01-17,10,49,7,56
2011-01-17,11,55,9,64
2011-01-17,12,69,10,79
2011-01-17,13,79,13,92
2011-01-17,14,74,12,86
2011-01-17,15,72,21,93
2011-01-17,16,75,6,81
2011-01-17,17,67,4,71
2011-01-17,18,83,7,90
2011-01-17,19,58,2,60
2011-01-17,20,29,4,33
2011-01-17,21,23,3,26
2011-01-17,22,13,0,13
2011-01-17,23,3,1,4
2011-01-18,12,3,0,3
2011-01-18,13,20,0,20
2011-01-18,14,25,2,27
2011-01-18,15,32,3,35
2011-01-18,16,61,0,61
2011-01-18,17,121,1,122
2011-01-18,18,131,1,132
2011-01-18,19,97,1,98
2011-01-18,20,80,0,80
2011-01-18,21,41,0,41
2011-01-18,22,33,0,33
2011-01-18,23,19,1,20
2011-01-19,0,3,0,3
2011-01-19,1,6,1,7
2011-01-19,2,3,0,3
2011-01-19,4,1,1,2
2011-01-19,5,7,0,7
2011-01-19,6,32,0,32
2011-01-19,7,89,1,90
2011-01-19,8,196,1,197
2011-01-19,9,107,2,109
2011-01-19,10,42,1,43
2011-01-19,11,46,5,51
2011-01-19,12,63,5,68
2011-01-19,13,67,11,78
2011-01-19,14,68,7,75
2011-01-19,15,78,4,82
2011-01-19,16,88,10,98
2011-01-19,17,190,7,197
2011-01-19,18,155,5,160
2011-01-19,19,107,4,111
2011-01-19,20,73,2,75
2011-01-19,21,54,4,58
2011-01-19,22,51,6,57
2011-01-19,23,27,1,28
2011-01-20,0,8,5,13
2011-01-20,1,3,2,5
2011-01-20,2,2,0,2
2011-01-20,3,1,0,1
2011-01-20,4,1,0,1
2011-01-20,5,6,0,6
2011-01-20,6,35,0,35
2011-01-20,7,99,1,100
2011-01-20,8,243,2,245
2011-01-20,9,140,3,143
2011-01-20,10,55,1,56
2011-01-20,11,63,5,68
2011-01-20,12,74,7,81
2011-01-20,13,76,12,88
2011-01-20,14,74,6,80
2011-01-20,15,62,8,70
2011-01-20,16,81,7,88
2011-01-20,17,206,8,214
2011-01-20,18,183,1,184
2011-01-20,19,144,5,149
2011-01-20,20,122,2,124
2011-01-20,21,53,3,56
2011-01-20,22,56,0,56
2011-01-20,23,28,3,31
2011-01-21,0,20,1,21
2011-01-21,1,6,0,6
2011-01-21,2,2,0,2
2011-01-21,3,1,0,1
2011-01-21,4,1,0,1
2011-01-21,5,4,1,5
2011-01-21,6,27,0,27
2011-01-21,7,66,2,68
2011-01-21,8,207,7,214
2011-01-21,9,158,7,165
2011-01-21,10,56,6,62
2011-01-21,11,53,6,59
2011-01-21,12,65,10,75
2011-01-21,13,65,8,73
2011-01-21,14,55,5,60
2011-01-21,15,60,4,64
2011-01-21,16,97,0,97
2011-01-21,17,151,10,161
2011-01-21,18,116,1,117
2011-01-21,19,89,3,92
2011-01-21,20,51,1,52
2011-01-21,21,40,0,40
2011-01-21,22,33,1,34
2011-01-21,23,26,0,26
2011-01-22,0,13,0,13
2011-01-22,1,9,3,12
2011-01-22,2,11,0,11
2011-01-22,3,6,1,7
2011-01-22,4,3,0,3
2011-01-22,6,2,0,2
2011-01-22,7,8,0,8
2011-01-22,8,26,1,27
2011-01-22,9,35,3,38
2011-01-22,10,49,3,52
2011-01-22,11,58,4,62
2011-01-22,12,60,10,70
2011-01-22,13,71,12,83
2011-01-22,14,64,11,75
2011-01-22,15,91,10,101
2011-01-22,16,71,11,82
2011-01-22,17,57,8,65
2011-01-22,18,54,0,54
2011-01-22,19,52,6,58
2011-01-22,20,44,1,45
2011-01-22,21,39,0,39
2011-01-22,22,23,7,30
2011-01-22,23,30,2,32
2011-01-23,0,20,2,22
2011-01-23,1,12,1,13
2011-01-23,2,14,3,17
2011-01-23,3,4,1,5
2011-01-23,5,3,0,3
2011-01-23,6,1,0,1
2011-01-23,7,1,1,2
2011-01-23,8,17,2,19
2011-01-23,9,25,3,28
2011-01-23,10,50,7,57
2011-01-23,11,75,22,97
2011-01-23,12,90,24,114
2011-01-23,13,75,12,87
2011-01-23,14,93,17,110
2011-01-23,15,63,13,76
2011-01-23,16,56,9,65
2011-01-23,17,50,5,55
2011-01-23,18,43,5,48
2011-01-23,19,45,5,50
2011-01-23,20,31,4,35
2011-01-23,21,20,5,25
2011-01-23,22,23,5,28
2011-01-23,23,16,4,20
2011-01-24,0,7,0,7
2011-01-24,1,1,0,1
2011-01-24,3,1,0,1
2011-01-24,4,1,0,1
2011-01-24,5,5,0,5
2011-01-24,6,15,0,15
2011-01-24,7,78,5,83
2011-01-24,8,171,6,177
2011-01-24,9,98,4,102
2011-01-24,10,34,6,40
2011-01-24,11,43,3,46
2011-01-24,12,52,11,63
2011-01-24,13,54,6,60
2011-01-24,14,43,2,45
2011-01-24,15,49,7,56
2011-01-24,16,66,4,70
2011-01-24,17,176,6,182
2011-01-24,18,145,8,153
2011-01-24,19,98,5,103
2011-01-24,20,78,1,79
2011-01-24,21,52,6,58
2011-01-24,22,31,3,34
2011-01-24,23,21,3,24
2011-01-25,0,6,3,9
2011-01-25,1,5,0,5
2011-01-25,2,2,0,2
2011-01-25,4,1,0,1
2011-01-25,5,8,0,8
2011-01-25,6,34,1,35
2011-01-25,7,103,5,108
2011-01-25,8,231,5,236
2011-01-25,9,134,10,144
2011-01-25,10,47,6,53
2011-01-25,11,54,6,60
2011-01-25,12,84,21,105
2011-01-25,13,72,21,93
2011-01-25,14,57,11,68
2011-01-25,15,63,21,84
2011-01-25,16,102,14,116
2011-01-25,17,207,14,221
2011-01-25,18,217,7,224
2011-01-25,19,132,13,145
2011-01-25,20,101,16,117
2011-01-25,21,40,5,45
2011-01-25,22,48,4,52
2011-01-25,23,37,3,40
2011-01-26,0,14,3,17
2011-01-26,1,5,0,5
2011-01-26,2,7,3,10
2011-01-26,5,1,0,1
2011-01-26,6,8,0,8
2011-01-26,7,29,1,30
2011-01-26,8,69,3,72
2011-01-26,9,54,3,57
2011-01-26,10,26,2,28
2011-01-26,11,35,6,41
2011-01-26,12,39,7,46
2011-01-26,13,42,4,46
2011-01-26,14,36,0,36
2011-01-26,15,41,1,42
2011-01-26,16,34,1,35
2011-01-26,17,26,0,26
2011-01-27,16,21,1,22
2011-01-27,17,79,2,81
2011-01-27,18,101,3,104
2011-01-27,19,76,3,79
2011-01-27,20,54,4,58
2011-01-27,21,35,2,37
2011-01-27,22,27,0,27
2011-01-27,23,16,0,16
2011-01-28,0,9,0,9
2011-01-28,1,2,1,3
2011-01-28,2,2,0,2
2011-01-28,3,0,1,1
2011-01-28,5,4,0,4
2011-01-28,6,16,0,16
2011-01-28,7,58,2,60
2011-01-28,8,150,2,152
2011-01-28,9,94,6,100
2011-01-28,10,48,0,48
2011-01-28,11,30,0,30
2011-01-28,12,27,1,28
2011-01-28,13,29,0,29
2011-01-28,14,36,2,38
2011-01-28,15,39,1,40
2011-01-28,16,69,10,79
2011-01-28,17,147,2,149
2011-01-28,18,105,2,107
2011-01-28,19,83,5,88
2011-01-28,20,60,1,61
2011-01-28,21,57,1,58
2011-01-28,22,26,0,26
2011-01-28,23,22,1,23
2011-01-29,0,25,2,27
2011-01-29,1,18,0,18
2011-01-29,2,14,0,14
2011-01-29,3,5,3,8
2011-01-29,4,2,1,3
2011-01-29,6,2,0,2
2011-01-29,7,4,1,5
2011-01-29,8,31,3,34
2011-01-29,9,34,0,34
2011-01-29,10,47,4,51
2011-01-29,11,55,4,59
2011-01-29,12,62,12,74
2011-01-29,13,55,9,64
2011-01-29,14,84,10,94
2011-01-29,15,97,22,119
2011-01-29,16,87,19,106
2011-01-29,17,81,9,90
2011-01-29,18,58,9,67
2011-01-29,19,52,6,58
2011-01-29,20,41,1,42
2011-01-29,21,35,1,36
2011-01-29,22,28,4,32
2011-01-29,23,30,3,33
2011-01-30,0,32,0,32
2011-01-30,1,21,7,28
2011-01-30,2,10,1,11
2011-01-30,3,7,1,8
2011-01-30,4,1,0,1
2011-01-30,5,3,0,3
2011-01-30,7,3,0,3
2011-01-30,8,11,1,12
2011-01-30,9,33,4,37
2011-01-30,10,57,7,64
2011-01-30,11,50,9,59
2011-01-30,12,85,10,95
2011-01-30,13,71,13,84
2011-01-30,14,103,18,121
2011-01-30,15,94,14,108
2011-01-30,16,103,19,122
2011-01-30,17,69,6,75
2011-01-30,18,56,8,64
2011-01-30,19,46,9,55
2011-01-30,20,30,3,33
2011-01-30,21,24,3,27
2011-01-30,22,19,2,21
2011-01-30,23,16,5,21
2011-01-31,0,6,1,7
2011-01-31,1,5,2,7
2011-01-31,2,1,0,1
2011-01-31,3,2,0,2
2011-01-31,4,2,0,2
2011-01-31,5,8,0,8
2011-01-31,6,37,0,37
2011-01-31,7,71,1,72
2011-01-31,8,180,3,183
2011-01-31,9,109,0,109
2011-01-31,10,47,1,48
2011-01-31,11,41,2,43
2011-01-31,12,53,6,59
2011-01-31,13,41,2,43
2011-01-31,14,63,1,64
2011-01-31,15,40,3,43
2011-01-31,16,79,3,82
2011-01-31,17,154,6,160
2011-01-31,18,151,3,154
2011-01-31,19,107,3,110
2011-01-31,20,78,0,78
2011-01-31,21,52,3,55
2011-01-31,22,34,0,34
2011-01-31,23,15,2,17
2011-02-01,0,6,2,8
2011-02-01,1,3,0,3
2011-02-01,2,2,0,2
2011-02-01,3,2,0,2
2011-02-01,5,3,0,3
2011-02-01,6,22,0,22
2011-02-01,7,51,0,51
2011-02-01,8,129,3,132
2011-02-01,9,113,2,115
2011-02-01,10,38,0,38
2011-02-01,11,44,2,46
2011-02-01,12,53,2,55
2011-02-01,13,47,3,50
2011-02-01,14,48,5,53
2011-02-01,15,45,7,52
2011-02-01,16,61,3,64
2011-02-01,17,171,4,175
2011-02-01,18,163,3,166
2011-02-01,19,102,3,105
2011-02-01,20,68,5,73
2011-02-01,21,64,0,64
2011-02-01,22,34,2,36
2011-02-01,23,15,1,16
2011-02-02,0,2,0,2
2011-02-02,1,3,0,3
2011-02-02,2,0,4,4
2011-02-02,3,1,0,1
2011-02-02,4,1,0,1
2011-02-02,5,3,0,3
2011-02-02,6,17,1,18
2011-02-02,7,47,1,48
2011-02-02,8,154,1,155
2011-02-02,9,118,4,122
2011-02-02,10,56,2,58
2011-02-02,11,43,5,48
2011-02-02,12,59,3,62
2011-02-02,13,73,1,74
2011-02-02,14,60,2,62
2011-02-02,15,63,10,73
2011-02-02,16,94,8,102
2011-02-02,17,183,7,190
2011-02-02,18,172,7,179
2011-02-02,19,87,3,90
2011-02-02,20,71,4,75
2011-02-02,21,61,1,62
2011-02-02,22,35,5,40
2011-02-02,23,27,3,30
2011-02-03,0,11,1,12
2011-02-03,1,5,0,5
2011-02-03,2,2,0,2
2011-02-03,3,1,0,1
2011-02-03,5,2,0,2
2011-02-03,6,38,0,38
2011-02-03,7,85,1,86
2011-02-03,8,183,4,187
2011-02-03,9,127,6,133
2011-02-03,10,50,2,52
2011-02-03,11,52,9,61
2011-02-03,12,65,2,67
2011-02-03,13,46,4,50
2011-02-03,14,42,4,46
2011-02-03,15,55,4,59
2011-02-03,16,73,5,78
2011-02-03,17,170,5,175
2011-02-03,18,141,2,143
2011-02-03,19,91,4,95
2011-02-03,20,108,1,109
2011-02-03,21,53,1,54
2011-02-03,22,39,2,41
2011-02-03,23,34,4,38
2011-02-04,0,10,3,13
2011-02-04,1,7,0,7
2011-02-04,2,1,0,1
2011-02-04,3,1,0,1
2011-02-04,5,7,0,7
2011-02-04,6,26,2,28
2011-02-04,7,86,0,86
2011-02-04,8,214,3,217
2011-02-04,9,120,3,123
2011-02-04,10,46,5,51
2011-02-04,11,61,3,64
2011-02-04,12,77,8,85
2011-02-04,13,73,9,82
2011-02-04,14,76,15,91
2011-02-04,15,79,9,88
2011-02-04,16,90,8,98
2011-02-04,17,194,10,204
2011-02-04,18,151,3,154
2011-02-04,19,100,1,101
2011-02-04,20,69,2,71
2011-02-04,21,41,2,43
2011-02-04,22,45,1,46
2011-02-04,23,29,1,30
2011-02-05,0,36,3,39
2011-02-05,1,17,1,18
2011-02-05,2,11,5,16
2011-02-05,3,10,1,11
2011-02-05,4,8,0,8
2011-02-05,5,9,0,9
2011-02-05,6,4,0,4
2011-02-05,7,4,0,4
2011-02-05,8,10,0,10
2011-02-05,9,17,3,20
2011-02-05,10,31,3,34
2011-02-05,11,46,1,47
2011-02-05,12,40,10,50
2011-02-05,13,61,10,71
2011-02-05,14,48,5,53
2011-02-05,15,49,11,60
2011-02-05,16,62,8,70
2011-02-05,17,64,14,78
2011-02-05,18,79,2,81
2011-02-05,19,78,6,84
2011-02-05,20,62,5,67
2011-02-05,21,52,3,55
2011-02-05,22,42,2,44
2011-02-05,23,52,7,59
2011-02-06,0,36,2,38
2011-02-06,1,40,4,44
2011-02-06,2,19,0,19
2011-02-06,3,10,3,13
2011-02-06,4,2,0,2
2011-02-06,5,1,0,1
2011-02-06,6,1,0,1
2011-02-06,7,8,0,8
2011-02-06,8,21,2,23
2011-02-06,9,38,7,45
2011-02-06,10,74,15,89
2011-02-06,11,85,27,112
2011-02-06,12,125,49,174
2011-02-06,13,133,47,180
2011-02-06,14,110,47,157
2011-02-06,15,126,52,178
2011-02-06,16,115,42,157
2011-02-06,17,96,24,120
2011-02-06,18,65,13,78
2011-02-06,19,19,1,20
2011-02-06,20,21,5,26
2011-02-06,21,22,5,27
2011-02-06,22,56,5,61
2011-02-06,23,26,4,30
2011-02-07,0,14,1,15
2011-02-07,1,4,1,5
2011-02-07,2,3,0,3
2011-02-07,3,1,0,1
2011-02-07,4,1,1,2
2011-02-07,5,9,1,10
2011-02-07,6,29,1,30
2011-02-07,7,89,6,95
2011-02-07,8,221,7,228
2011-02-07,9,114,3,117
2011-02-07,10,45,5,50
2011-02-07,11,34,11,45
2011-02-07,12,57,7,64
2011-02-07,13,54,10,64
2011-02-07,14,45,8,53
2011-02-07,15,45,4,49
2011-02-07,16,98,16,114
2011-02-07,17,205,9,214
2011-02-07,18,170,5,175
2011-02-07,19,120,5,125
2011-02-07,20,82,6,88
2011-02-07,21,75,3,78
2011-02-07,22,34,3,37
2011-02-07,23,19,6,25
2011-02-08,0,6,4,10
2011-02-08,1,4,0,4
2011-02-08,2,1,1,2
2011-02-08,3,1,0,1
2011-02-08,4,3,0,3
2011-02-08,5,2,0,2
2011-02-08,6,39,0,39
2011-02-08,7,96,3,99
2011-02-08,8,232,7,239
2011-02-08,9,127,7,134
2011-02-08,10,43,4,47
2011-02-08,11,48,1,49
2011-02-08,12,60,2,62
2011-02-08,13,48,2,50
2011-02-08,14,61,3,64
2011-02-08,15,44,6,50
2011-02-08,16,79,4,83
2011-02-08,17,171,4,175
2011-02-08,18,148,1,149
2011-02-08,19,98,1,99
2011-02-08,20,52,3,55
2011-02-08,21,45,8,53
2011-02-08,22,29,0,29
2011-02-08,23,9,3,12
2011-02-09,0,17,0,17
2011-02-09,1,7,0,7
2011-02-09,2,2,1,3
2011-02-09,3,2,0,2
2011-02-09,5,7,0,7
2011-02-09,6,43,0,43
2011-02-09,7,94,4,98
2011-02-09,8,196,1,197
2011-02-09,9,117,3,120
2011-02-09,10,51,8,59
2011-02-09,11,40,1,41
2011-02-09,12,57,4,61
2011-02-09,13,67,2,69
2011-02-09,14,56,2,58
2011-02-09,15,60,3,63
2011-02-09,16,69,7,76
2011-02-09,17,157,9,166
2011-02-09,18,165,2,167
2011-02-09,19,87,1,88
2011-02-09,20,84,0,84
2011-02-09,21,83,0,83
2011-02-09,22,42,4,46
2011-02-09,23,37,0,37
2011-02-10,0,16,0,16
2011-02-10,1,7,0,7
2011-02-10,2,3,0,3
2011-02-10,4,1,0,1
2011-02-10,5,6,0,6
2011-02-10,6,26,0,26
2011-02-10,7,96,0,96
2011-02-10,8,173,4,177
2011-02-10,9,121,1,122
2011-02-10,10,34,1,35
2011-02-10,11,44,1,45
2011-02-10,12,65,4,69
2011-02-10,13,56,3,59
2011-02-10,14,41,6,47
2011-02-10,15,50,0,50
2011-02-10,16,76,4,80
2011-02-10,17,157,6,163
2011-02-10,18,154,3,157
2011-02-10,19,110,2,112
2011-02-10,20,91,4,95
2011-02-10,21,70,2,72
2011-02-10,22,46,4,50
2011-02-10,23,31,1,32
2011-02-11,0,11,2,13
2011-02-11,1,6,1,7
2011-02-11,2,3,0,3
2011-02-11,5,4,0,4
2011-02-11,6,23,1,24
2011-02-11,7,73,1,74
2011-02-11,8,211,4,215
2011-02-11,9,131,8,139
2011-02-11,10,38,5,43
2011-02-11,11,52,12,64
2011-02-11,12,61,7,68
2011-02-11,13,88,21,109
2011-02-11,14,65,17,82
2011-02-11,15,62,12,74
2011-02-11,16,111,14,125
2011-02-11,17,187,18,205
2011-02-11,18,163,9,172
2011-02-11,19,94,6,100
2011-02-11,20,59,2,61
2011-02-11,21,46,1,47
2011-02-11,22,41,2,43
2011-02-11,23,47,5,52
2011-02-12,0,26,3,29
2011-02-12,1,22,2,24
2011-02-12,2,12,2,14
2011-02-12,3,7,3,10
2011-02-12,4,4,0,4
2011-02-12,5,1,0,1
2011-02-12,6,1,1,2
2011-02-12,7,9,2,11
2011-02-12,8,28,2,30
2011-02-12,9,38,5,43
2011-02-12,10,69,13,82
2011-02-12,11,84,30,114
2011-02-12,12,92,27,119
2011-02-12,13,100,32,132
2011-02-12,14,90,30,120
2011-02-12,15,126,47,173
2011-02-12,16,100,42,142
2011-02-12,17,112,24,136
2011-02-12,18,60,4,64
2011-02-12,19,39,2,41
2011-02-12,20,37,1,38
2011-02-12,21,42,9,51
2011-02-12,22,37,6,43
2011-02-12,23,31,1,32
2011-02-13,0,33,5,38
2011-02-13,1,22,0,22
2011-02-13,2,18,1,19
2011-02-13,3,8,4,12
2011-02-13,4,2,0,2
2011-02-13,6,3,2,5
2011-02-13,7,3,0,3
2011-02-13,8,11,1,12
2011-02-13,9,34,12,46
2011-02-13,10,85,19,104
2011-02-13,11,83,26,109
2011-02-13,12,92,58,150
2011-02-13,13,90,62,152
2011-02-13,14,102,51,153
2011-02-13,15,122,40,162
2011-02-13,16,105,28,133
2011-02-13,17,95,30,125
2011-02-13,18,76,17,93
2011-02-13,19,49,11,60
2011-02-13,20,32,15,47
2011-02-13,21,44,6,50
2011-02-13,22,28,5,33
2011-02-13,23,25,3,28
2011-02-14,0,8,3,11
2011-02-14,1,6,1,7
2011-02-14,2,2,0,2
2011-02-14,3,1,1,2
2011-02-14,4,2,0,2
2011-02-14,5,3,0,3
2011-02-14,6,25,1,26
2011-02-14,7,95,2,97
2011-02-14,8,243,7,250
2011-02-14,9,121,8,129
2011-02-14,10,45,9,54
2011-02-14,11,43,10,53
2011-02-14,12,97,26,123
2011-02-14,13,92,27,119
2011-02-14,14,76,14,90
2011-02-14,15,70,19,89
2011-02-14,16,100,16,116
2011-02-14,17,214,25,239
2011-02-14,18,193,11,204
2011-02-14,19,86,12,98
2011-02-14,20,65,5,70
2011-02-14,21,35,8,43
2011-02-14,22,44,1,45
2011-02-14,23,19,1,20
2011-02-15,0,12,7,19
2011-02-15,1,5,0,5
2011-02-15,2,2,1,3
2011-02-15,4,1,0,1
2011-02-15,5,4,0,4
2011-02-15,6,29,0,29
2011-02-15,7,101,2,103
2011-02-15,8,212,10,222
2011-02-15,9,106,2,108
2011-02-15,10,46,5,51
2011-02-15,11,46,11,57
2011-02-15,12,65,6,71
2011-02-15,13,67,14,81
2011-02-15,14,61,10,71
2011-02-15,15,73,11,84
2011-02-15,16,76,21,97
2011-02-15,17,186,14,200
2011-02-15,18,197,14,211
2011-02-15,19,139,3,142
2011-02-15,20,93,3,96
2011-02-15,21,60,5,65
2011-02-15,22,40,0,40
2011-02-15,23,20,0,20
2011-02-16,0,15,0,15
2011-02-16,1,9,0,9
2011-02-16,3,1,0,1
2011-02-16,4,1,0,1
2011-02-16,5,5,0,5
2011-02-16,6,31,1,32
2011-02-16,7,103,5,108
2011-02-16,8,220,6,226
2011-02-16,9,119,2,121
2011-02-16,10,54,14,68
2011-02-16,11,57,7,64
2011-02-16,12,71,14,85
2011-02-16,13,76,13,89
2011-02-16,14,62,17,79
2011-02-16,15,82,35,117
2011-02-16,16,96,26,122
2011-02-16,17,240,11,251
2011-02-16,18,196,20,216
2011-02-16,19,142,18,160
2011-02-16,20,106,10,116
2011-02-16,21,84,5,89
2011-02-16,22,60,12,72
2011-02-16,23,31,2,33
2011-02-17,0,16,1,17
2011-02-17,1,6,0,6
2011-02-17,2,3,2,5
2011-02-17,3,1,3,4
2011-02-17,4,1,3,4
2011-02-17,5,11,1,12
2011-02-17,6,44,3,47
2011-02-17,7,119,7,126
2011-02-17,8,265,18,283
2011-02-17,9,162,16,178
2011-02-17,10,70,18,88
2011-02-17,11,69,19,88
2011-02-17,12,86,15,101
2011-02-17,13,105,15,120
2011-02-17,14,54,26,80
2011-02-17,15,89,14,103
2011-02-17,16,114,29,143
2011-02-17,17,251,18,269
2011-02-17,18,209,11,220
2011-02-17,19,160,14,174
2011-02-17,20,127,8,135
2011-02-17,21,117,5,122
2011-02-17,22,67,8,75
2011-02-17,23,39,4,43
2011-02-18,0,20,12,32
2011-02-18,1,7,1,8
2011-02-18,2,5,2,7
2011-02-18,3,6,2,8
2011-02-18,4,1,0,1
2011-02-18,5,6,1,7
2011-02-18,6,48,2,50
2011-02-18,7,106,8,114
2011-02-18,8,242,25,267
2011-02-18,9,153,15,168
2011-02-18,10,77,17,94
2011-02-18,11,78,31,109
2011-02-18,12,125,59,184
2011-02-18,13,128,45,173
2011-02-18,14,117,73,190
2011-02-18,15,113,55,168
2011-02-18,16,163,68,231
2011-02-18,17,272,52,324
2011-02-18,18,191,29,220
2011-02-18,19,144,16,160
2011-02-18,20,102,19,121
2011-02-18,21,61,11,72
2011-02-18,22,88,19,107
2011-02-18,23,61,16,77
2011-02-19,0,22,6,28
2011-02-19,1,21,10,31
2011-02-19,2,14,3,17
2011-02-19,3,7,0,7
2011-02-19,4,3,0,3
2011-02-19,5,3,0,3
2011-02-19,6,3,3,6
2011-02-19,7,16,6,22
2011-02-19,8,34,9,43
2011-02-19,9,37,18,55
2011-02-19,10,71,34,105
2011-02-19,11,76,47,123
2011-02-19,12,78,38,116
2011-02-19,13,99,52,151
2011-02-19,14,93,102,195
2011-02-19,15,83,84,167
2011-02-19,16,80,39,119
2011-02-19,17,88,36,124
2011-02-19,18,63,21,84
2011-02-19,19,53,5,58
2011-02-19,20,38,9,47
2011-02-19,21,29,4,33
2011-02-19,22,41,2,43
2011-02-19,23,25,4,29
2011-02-20,0,14,3,17
2011-02-20,1,11,5,16
2011-02-20,2,16,0,16
2011-02-20,3,8,9,17
2011-02-20,4,1,0,1
2011-02-20,6,1,1,2
2011-02-20,7,2,0,2
2011-02-20,8,22,2,24
2011-02-20,9,47,7,54
2011-02-20,10,69,34,103
2011-02-20,11,89,72,161
2011-02-20,12,116,62,178
2011-02-20,13,119,76,195
2011-02-20,14,103,108,211
2011-02-20,15,102,66,168
2011-02-20,16,83,59,142
2011-02-20,17,83,60,143
2011-02-20,18,71,30,101
2011-02-20,19,37,3,40
2011-02-20,20,28,12,40
2011-02-20,21,39,17,56
2011-02-20,22,42,4,46
2011-02-20,23,45,9,54
2011-02-21,0,30,7,37
2011-02-21,1,11,2,13
2011-02-21,2,3,1,4
2011-02-21,3,3,2,5
2011-02-21,4,0,1,1
2011-02-21,5,2,1,3
2011-02-21,6,6,2,8
2011-02-21,7,16,3,19
2011-02-21,8,56,7,63
2011-02-21,9,44,11,55
2011-02-21,10,51,29,80
2011-02-21,11,69,20,89
2011-02-21,12,65,26,91
2011-02-21,13,73,28,101
2011-02-21,14,100,15,115
2011-02-21,15,76,11,87
2011-02-21,16,47,8,55
2011-02-21,17,61,18,79
2011-02-21,18,62,2,64
2011-02-21,19,49,0,49
2011-02-21,20,28,0,28
2011-02-21,21,33,1,34
2011-02-21,22,11,0,11
2011-02-21,23,2,0,2
2011-02-22,6,7,0,7
2011-02-22,7,40,0,40
2011-02-22,8,105,7,112
2011-02-22,9,98,5,103
2011-02-22,10,43,0,43
2011-02-22,11,43,7,50
2011-02-22,12,47,7,54
2011-02-22,13,50,3,53
2011-02-22,14,49,9,58
2011-02-22,15,67,2,69
2011-02-22,16,79,7,86
2011-02-22,17,187,8,195
2011-02-22,18,158,6,164
2011-02-22,19,113,4,117
2011-02-22,20,100,3,103
2011-02-22,21,79,2,81
2011-02-22,22,75,1,76
2011-02-22,23,18,3,21
2011-02-23,0,6,0,6
2011-02-23,1,4,0,4
2011-02-23,2,1,0,1
2011-02-23,3,2,0,2
2011-02-23,5,8,0,8
2011-02-23,6,35,0,35
2011-02-23,7,90,2,92
2011-02-23,8,225,8,233
2011-02-23,9,128,9,137
2011-02-23,10,43,4,47
2011-02-23,11,52,16,68
2011-02-23,12,56,11,67
2011-02-23,13,73,9,82
2011-02-23,14,61,17,78
2011-02-23,15,51,18,69
2011-02-23,16,78,15,93
2011-02-23,17,207,15,222
2011-02-23,18,201,3,204
2011-02-23,19,132,6,138
2011-02-23,20,103,2,105
2011-02-23,21,87,2,89
2011-02-23,22,59,1,60
2011-02-23,23,38,1,39
2011-02-24,0,11,0,11
2011-02-24,1,7,0,7
2011-02-24,2,4,0,4
2011-02-24,3,2,0,2
2011-02-24,5,3,1,4
2011-02-24,6,58,0,58
2011-02-24,7,103,0,103
2011-02-24,8,239,8,247
2011-02-24,9,130,4,134
2011-02-24,10,47,8,55
2011-02-24,11,71,8,79
2011-02-24,12,85,10,95
2011-02-24,13,72,16,88
2011-02-24,14,67,2,69
2011-02-24,15,57,5,62
2011-02-24,16,67,4,71
2011-02-24,17,167,9,176
2011-02-24,18,130,5,135
2011-02-24,19,110,3,113
2011-02-24,20,85,2,87
2011-02-24,21,75,7,82
2011-02-24,22,49,5,54
2011-02-24,23,47,3,50
2011-02-25,0,8,1,9
2011-02-25,1,9,1,10
2011-02-25,2,3,0,3
2011-02-25,3,1,1,2
2011-02-25,5,5,1,6
2011-02-25,6,11,0,11
2011-02-25,7,34,1,35
2011-02-25,8,70,3,73
2011-02-25,9,111,3,114
2011-02-25,10,42,7,49
2011-02-25,11,50,9,59
2011-02-25,12,93,19,112
2011-02-25,13,75,6,81
2011-02-25,14,68,15,83
2011-02-25,15,49,5,54
2011-02-25,16,89,11,100
2011-02-25,17,179,8,187
2011-02-25,18,150,7,157
2011-02-25,19,84,4,88
2011-02-25,20,60,2,62
2011-02-25,21,53,7,60
2011-02-25,22,43,7,50
2011-02-25,23,36,2,38
2011-02-26,0,25,3,28
2011-02-26,1,25,2,27
2011-02-26,2,9,3,12
2011-02-26,3,7,1,8
2011-02-26,4,1,1,2
2011-02-26,5,9,1,10
2011-02-26,6,6,1,7
2011-02-26,7,21,1,22
2011-02-26,8,54,2,56
2011-02-26,9,64,9,73
2011-02-26,10,70,14,84
2011-02-26,11,99,26,125
2011-02-26,12,115,45,160
2011-02-26,13,133,38,171
2011-02-26,14,151,57,208
2011-02-26,15,123,40,163
2011-02-26,16,128,41,169
2011-02-26,17,125,53,178
2011-02-26,18,111,26,137
2011-02-26,19,62,30,92
2011-02-26,20,59,8,67
2011-02-26,21,58,9,67
2011-02-26,22,36,8,44
2011-02-26,23,28,5,33
2011-02-27,0,26,8,34
2011-02-27,1,30,7,37
2011-02-27,2,20,2,22
2011-02-27,3,8,3,11
2011-02-27,4,2,0,2
2011-02-27,6,1,2,3
2011-02-27,7,8,6,14
2011-02-27,8,26,9,35
2011-02-27,9,42,16,58
2011-02-27,10,78,25,103
2011-02-27,11,89,33,122
2011-02-27,12,130,61,191
2011-02-27,13,167,90,257
2011-02-27,14,171,105,276
2011-02-27,15,160,98,258
2011-02-27,16,170,98,268
2011-02-27,17,118,66,184
2011-02-27,18,100,24,124
2011-02-27,19,84,16,100
2011-02-27,20,71,9,80
2011-02-27,21,56,8,64
2011-02-27,22,67,2,69
2011-02-27,23,53,6,59
2011-02-28,0,24,5,29
2011-02-28,1,7,1,8
2011-02-28,3,1,0,1
2011-02-28,5,4,1,5
2011-02-28,6,27,1,28
2011-02-28,7,90,2,92
2011-02-28,8,242,13,255
2011-02-28,9,125,15,140
2011-02-28,10,76,13,89
2011-02-28,11,74,13,87
2011-02-28,12,36,0,36
2011-02-28,13,30,1,31
2011-02-28,14,24,0,24
2011-02-28,15,31,0,31
2011-02-28,16,40,2,42
2011-02-28,17,77,2,79
2011-02-28,18,127,4,131
2011-02-28,19,77,1,78
2011-02-28,20,45,0,45
2011-02-28,21,78,2,80
2011-02-28,22,71,4,75
2011-02-28,23,44,0,44
2011-03-01,0,7,0,7
2011-03-01,1,3,0,3
2011-03-01,2,4,0,4
2011-03-01,3,2,0,2
2011-03-01,4,1,0,1
2011-03-01,5,1,1,2
2011-03-01,6,46,0,46
2011-03-01,7,105,2,107
2011-03-01,8,201,10,211
2011-03-01,9,115,8,123
2011-03-01,10,54,13,67
2011-03-01,11,47,8,55
2011-03-01,12,79,6,85
2011-03-01,13,65,13,78
2011-03-01,14,59,18,77
2011-03-01,15,56,7,63
2011-03-01,16,92,10,102
2011-03-01,17,227,12,239
2011-03-01,18,213,10,223
2011-03-01,19,115,4,119
2011-03-01,20,85,2,87
2011-03-01,21,53,8,61
2011-03-01,22,42,3,45
2011-03-01,23,23,2,25
2011-03-02,0,4,3,7
2011-03-02,1,4,0,4
2011-03-02,2,2,0,2
2011-03-02,3,1,3,4
2011-03-02,4,0,1,1
2011-03-02,5,5,0,5
2011-03-02,6,39,1,40
2011-03-02,7,107,2,109
2011-03-02,8,242,13,255
2011-03-02,9,140,7,147
2011-03-02,10,64,11,75
2011-03-02,11,64,8,72
2011-03-02,12,61,20,81
2011-03-02,13,90,35,125
2011-03-02,14,75,21,96
2011-03-02,15,90,19,109
2011-03-02,16,111,27,138
2011-03-02,17,235,30,265
2011-03-02,18,192,8,200
2011-03-02,19,141,6,147
2011-03-02,20,82,9,91
2011-03-02,21,67,3,70
2011-03-02,22,42,4,46
2011-03-02,23,20,0,20
2011-03-03,0,10,3,13
2011-03-03,1,1,0,1
2011-03-03,2,2,1,3
2011-03-03,3,1,0,1
2011-03-03,4,1,0,1
2011-03-03,5,7,1,8
2011-03-03,6,34,1,35
2011-03-03,7,107,1,108
2011-03-03,8,215,4,219
2011-03-03,9,133,10,143
2011-03-03,10,46,7,53
2011-03-03,11,40,10,50
2011-03-03,12,65,7,72
2011-03-03,13,66,13,79
2011-03-03,14,57,18,75
2011-03-03,15,59,6,65
2011-03-03,16,65,6,71
2011-03-03,17,181,17,198
2011-03-03,18,160,6,166
2011-03-03,19,99,5,104
2011-03-03,20,69,1,70
2011-03-03,21,47,3,50
2011-03-03,22,49,3,52
2011-03-03,23,22,0,22
2011-03-04,0,12,0,12
2011-03-04,1,4,0,4
2011-03-04,2,2,0,2
2011-03-04,3,1,0,1
2011-03-04,4,0,1,1
2011-03-04,5,7,0,7
2011-03-04,6,28,1,29
2011-03-04,7,80,0,80
2011-03-04,8,222,6,228
2011-03-04,9,137,12,149
2011-03-04,10,56,10,66
2011-03-04,11,73,16,89
2011-03-04,12,84,10,94
2011-03-04,13,74,13,87
2011-03-04,14,65,30,95
2011-03-04,15,74,31,105
2011-03-04,16,101,17,118
2011-03-04,17,204,22,226
2011-03-04,18,168,15,183
2011-03-04,19,99,5,104
2011-03-04,20,77,9,86
2011-03-04,21,62,6,68
2011-03-04,22,40,4,44
2011-03-04,23,39,6,45
2011-03-05,0,15,4,19
2011-03-05,1,20,5,25
2011-03-05,2,15,5,20
2011-03-05,3,2,0,2
2011-03-05,4,1,0,1
2011-03-05,5,3,0,3
2011-03-05,6,3,1,4
2011-03-05,7,10,5,15
2011-03-05,8,34,11,45
2011-03-05,9,48,15,63
2011-03-05,10,68,34,102
2011-03-05,11,116,43,159
2011-03-05,12,115,46,161
2011-03-05,13,129,60,189
2011-03-05,14,116,80,196
2011-03-05,15,122,83,205
2011-03-05,16,129,74,203
2011-03-05,17,103,60,163
2011-03-05,18,111,37,148
2011-03-05,19,62,27,89
2011-03-05,20,58,12,70
2011-03-05,21,56,12,68
2011-03-05,22,44,16,60
2011-03-05,23,34,10,44
2011-03-06,0,40,11,51
2011-03-06,1,27,12,39
2011-03-06,2,27,5,32
2011-03-06,3,9,2,11
2011-03-06,4,3,0,3
2011-03-06,6,1,1,2
2011-03-06,7,4,0,4
2011-03-06,8,8,1,9
2011-03-06,9,18,4,22
2011-03-06,10,27,4,31
2011-03-06,11,44,18,62
2011-03-06,12,58,10,68
2011-03-06,13,81,22,103
2011-03-06,14,27,12,39
2011-03-06,15,4,2,6
2011-03-06,16,8,3,11
2011-03-06,17,21,2,23
2011-03-06,18,20,0,20
2011-03-06,19,11,0,11
2011-03-06,20,7,3,10
2011-03-06,21,6,1,7
2011-03-06,22,9,0,9
2011-03-06,23,9,0,9
2011-03-07,0,4,0,4
2011-03-07,1,2,0,2
2011-03-07,3,1,0,1
2011-03-07,4,0,1,1
2011-03-07,5,1,0,1
2011-03-07,6,30,3,33
2011-03-07,7,87,3,90
2011-03-07,8,194,11,205
2011-03-07,9,125,5,130
2011-03-07,10,43,14,57
2011-03-07,11,41,19,60
2011-03-07,12,68,28,96
2011-03-07,13,54,16,70
2011-03-07,14,55,21,76
2011-03-07,15,63,32,95
2011-03-07,16,94,26,120
2011-03-07,17,203,27,230
2011-03-07,18,213,19,232
2011-03-07,19,131,11,142
2011-03-07,20,85,5,90
2011-03-07,21,51,1,52
2011-03-07,22,34,1,35
2011-03-07,23,20,0,20
2011-03-08,0,9,1,10
2011-03-08,1,3,0,3
2011-03-08,2,0,1,1
2011-03-08,3,2,5,7
2011-03-08,4,2,0,2
2011-03-08,5,8,2,10
2011-03-08,6,42,3,45
2011-03-08,7,116,9,125
2011-03-08,8,244,10,254
2011-03-08,9,138,11,149
2011-03-08,10,46,25,71
2011-03-08,11,51,26,77
2011-03-08,12,70,29,99
2011-03-08,13,71,25,96
2011-03-08,14,55,16,71
2011-03-08,15,74,35,109
2011-03-08,16,81,26,107
2011-03-08,17,206,39,245
2011-03-08,18,208,21,229
2011-03-08,19,138,9,147
2011-03-08,20,72,2,74
2011-03-08,21,65,7,72
2011-03-08,22,44,11,55
2011-03-08,23,36,3,39
2011-03-09,0,9,0,9
2011-03-09,1,4,0,4
2011-03-09,2,1,1,2
2011-03-09,3,2,1,3
2011-03-09,4,2,0,2
2011-03-09,5,7,1,8
2011-03-09,6,44,5,49
2011-03-09,7,120,18,138
2011-03-09,8,234,11,245
2011-03-09,9,134,5,139
2011-03-09,10,48,8,56
2011-03-09,11,44,15,59
2011-03-09,12,83,14,97
2011-03-09,13,81,17,98
2011-03-09,14,60,10,70
2011-03-09,15,64,15,79
2011-03-09,16,98,10,108
2011-03-09,17,176,18,194
2011-03-09,18,175,12,187
2011-03-09,19,121,11,132
2011-03-09,20,87,4,91
2011-03-09,21,51,10,61
2011-03-09,22,16,4,20
2011-03-09,23,16,1,17
2011-03-10,0,0,3,3
2011-03-10,1,2,0,2
2011-03-10,2,1,0,1
2011-03-10,5,2,1,3
2011-03-10,6,12,0,12
2011-03-10,7,36,1,37
2011-03-10,8,43,1,44
2011-03-10,9,23,1,24
2011-03-10,10,17,0,17
2011-03-10,11,5,6,11
2011-03-10,12,29,4,33
2011-03-10,13,10,1,11
2011-03-10,14,12,0,12
2011-03-10,15,11,3,14
2011-03-10,16,20,1,21
2011-03-10,17,109,2,111
2011-03-10,18,78,2,80
2011-03-10,19,50,5,55
2011-03-10,20,28,9,37
2011-03-10,21,27,1,28
2011-03-10,22,29,4,33
2011-03-10,23,26,1,27
2011-03-11,0,6,0,6
2011-03-11,1,7,0,7
2011-03-11,2,3,2,5
2011-03-11,3,2,0,2
2011-03-11,5,6,1,7
2011-03-11,6,31,1,32
2011-03-11,7,102,10,112
2011-03-11,8,243,15,258
2011-03-11,9,142,13,155
2011-03-11,10,59,18,77
2011-03-11,11,64,14,78
2011-03-11,12,95,15,110
2011-03-11,13,92,15,107
2011-03-11,14,62,25,87
2011-03-11,15,63,21,84
2011-03-11,16,93,18,111
2011-03-11,17,197,23,220
2011-03-11,18,131,19,150
2011-03-11,19,111,7,118
2011-03-11,20,69,6,75
2011-03-11,21,43,10,53
2011-03-11,22,51,11,62
2011-03-11,23,34,3,37
2011-03-12,0,28,4,32
2011-03-12,1,15,3,18
2011-03-12,2,13,0,13
2011-03-12,3,6,1,7
2011-03-12,4,1,0,1
2011-03-12,5,2,0,2
2011-03-12,6,2,2,4
2011-03-12,7,19,4,23
2011-03-12,8,43,9,52
2011-03-12,9,75,25,100
2011-03-12,10,77,21,98
2011-03-12,11,83,36,119
2011-03-12,12,105,51,156
2011-03-12,13,95,62,157
2011-03-12,14,94,70,164
2011-03-12,15,100,81,181
2011-03-12,16,137,100,237
2011-03-12,17,112,99,211
2011-03-12,18,90,54,144
2011-03-12,19,85,26,111
2011-03-12,20,59,22,81
2011-03-12,21,46,36,82
2011-03-12,22,56,7,63
2011-03-12,23,37,11,48
2011-03-13,0,35,3,38
2011-03-13,1,22,10,32
2011-03-13,3,15,6,21
2011-03-13,4,6,4,10
2011-03-13,5,3,0,3
2011-03-13,6,2,0,2
2011-03-13,7,7,2,9
2011-03-13,8,23,11,34
2011-03-13,9,36,8,44
2011-03-13,10,86,36,122
2011-03-13,11,91,88,179
2011-03-13,12,118,74,192
2011-03-13,13,116,97,213
2011-03-13,14,103,144,247
2011-03-13,15,152,148,300
2011-03-13,16,131,122,253
2011-03-13,17,139,98,237
2011-03-13,18,91,55,146
2011-03-13,19,72,28,100
2011-03-13,20,52,23,75
2011-03-13,21,45,9,54
2011-03-13,22,29,8,37
2011-03-13,23,22,5,27
2011-03-14,0,7,4,11
2011-03-14,1,1,0,1
2011-03-14,2,1,0,1
2011-03-14,3,3,0,3
2011-03-14,5,8,0,8
2011-03-14,6,27,1,28
2011-03-14,7,82,4,86
2011-03-14,8,216,24,240
2011-03-14,9,126,13,139
2011-03-14,10,56,27,83
2011-03-14,11,44,26,70
2011-03-14,12,54,40,94
2011-03-14,13,51,24,75
2011-03-14,14,52,27,79
2011-03-14,15,76,24,100
2011-03-14,16,80,27,107
2011-03-14,17,228,42,270
2011-03-14,18,209,25,234
2011-03-14,19,132,17,149
2011-03-14,20,104,23,127
2011-03-14,21,56,5,61
2011-03-14,22,43,4,47
2011-03-14,23,17,2,19
2011-03-15,0,7,7,14
2011-03-15,1,5,4,9
2011-03-15,2,2,1,3
2011-03-15,4,1,1,2
2011-03-15,5,11,0,11
2011-03-15,6,32,3,35
2011-03-15,7,109,10,119
2011-03-15,8,255,23,278
2011-03-15,9,144,10,154
2011-03-15,10,55,22,77
2011-03-15,11,50,27,77
2011-03-15,12,68,32,100
2011-03-15,13,71,23,94
2011-03-15,14,74,14,88
2011-03-15,15,63,24,87
2011-03-15,16,93,21,114
2011-03-15,17,192,22,214
2011-03-15,18,205,18,223
2011-03-15,19,136,13,149
2011-03-15,20,77,9,86
2011-03-15,21,52,2,54
2011-03-15,22,19,1,20
2011-03-15,23,15,1,16
2011-03-16,0,8,0,8
2011-03-16,1,2,1,3
2011-03-16,3,2,1,3
2011-03-16,4,1,0,1
2011-03-16,5,3,0,3
2011-03-16,6,30,1,31
2011-03-16,7,100,10,110
2011-03-16,8,227,26,253
2011-03-16,9,141,10,151
2011-03-16,10,47,19,66
2011-03-16,11,60,13,73
2011-03-16,12,64,23,87
2011-03-16,13,81,18,99
2011-03-16,14,66,33,99
2011-03-16,15,77,22,99
2011-03-16,16,120,30,150
2011-03-16,17,215,37,252
2011-03-16,18,209,26,235
2011-03-16,19,150,18,168
2011-03-16,20,110,10,120
2011-03-16,21,74,3,77
2011-03-16,22,48,11,59
2011-03-16,23,16,9,25
2011-03-17,0,18,4,22
2011-03-17,1,11,1,12
2011-03-17,2,5,3,8
2011-03-17,3,1,1,2
2011-03-17,4,3,0,3
2011-03-17,5,13,0,13
2011-03-17,6,47,4,51
2011-03-17,7,126,12,138
2011-03-17,8,282,17,299
2011-03-17,9,162,23,185
2011-03-17,10,68,9,77
2011-03-17,11,65,20,85
2011-03-17,12,79,24,103
2011-03-17,13,84,26,110
2011-03-17,14,87,32,119
2011-03-17,15,95,30,125
2011-03-17,16,108,34,142
2011-03-17,17,263,48,311
2011-03-17,18,258,49,307
2011-03-17,19,186,18,204
2011-03-17,20,108,25,133
2011-03-17,21,115,19,134
2011-03-17,22,69,17,86
2011-03-17,23,42,7,49
2011-03-18,0,24,5,29
2011-03-18,1,12,4,16
2011-03-18,2,9,5,14
2011-03-18,3,4,1,5
2011-03-18,5,8,2,10
2011-03-18,6,34,1,35
2011-03-18,7,107,11,118
2011-03-18,8,255,24,279
2011-03-18,9,187,18,205
2011-03-18,10,73,43,116
2011-03-18,11,101,55,156
2011-03-18,12,119,72,191
2011-03-18,13,118,57,175
2011-03-18,14,99,71,170
2011-03-18,15,109,61,170
2011-03-18,16,133,67,200
2011-03-18,17,234,95,329
2011-03-18,18,241,84,325
2011-03-18,19,131,58,189
2011-03-18,20,101,46,147
2011-03-18,21,90,22,112
2011-03-18,22,62,55,117
2011-03-18,23,60,26,86
2011-03-19,0,44,26,70
2011-03-19,1,33,16,49
2011-03-19,2,19,5,24
2011-03-19,3,7,1,8
2011-03-19,4,2,1,3
2011-03-19,5,2,0,2
2011-03-19,6,10,0,10
2011-03-19,7,9,4,13
2011-03-19,8,37,11,48
2011-03-19,9,40,35,75
2011-03-19,10,84,55,139
2011-03-19,11,104,90,194
2011-03-19,12,141,125,266
2011-03-19,13,125,175,300
2011-03-19,14,139,168,307
2011-03-19,15,141,170,311
2011-03-19,16,124,175,299
2011-03-19,17,133,137,270
2011-03-19,18,124,92,216
2011-03-19,19,98,38,136
2011-03-19,20,68,39,107
2011-03-19,21,72,20,92
2011-03-19,22,41,27,68
2011-03-19,23,37,12,49
2011-03-20,0,31,7,38
2011-03-20,1,22,2,24
2011-03-20,2,23,6,29
2011-03-20,3,11,1,12
2011-03-20,4,1,2,3
2011-03-20,5,4,3,7
2011-03-20,6,3,1,4
2011-03-20,7,9,5,14
2011-03-20,8,30,7,37
2011-03-20,9,42,35,77
2011-03-20,10,80,55,135
2011-03-20,11,108,92,200
2011-03-20,12,105,120,225
2011-03-20,13,109,88,197
2011-03-20,14,128,145,273
2011-03-20,15,126,171,297
2011-03-20,16,127,92,219
2011-03-20,17,136,83,219
2011-03-20,18,96,58,154
2011-03-20,19,58,21,79
2011-03-20,20,45,21,66
2011-03-20,21,39,10,49
2011-03-20,22,28,8,36
2011-03-20,23,11,13,24
2011-03-21,0,11,2,13
2011-03-21,1,6,1,7
2011-03-21,2,5,1,6
2011-03-21,3,1,0,1
2011-03-21,5,1,1,2
2011-03-21,6,30,2,32
2011-03-21,7,14,3,17
2011-03-21,8,94,3,97
2011-03-21,9,114,12,126
2011-03-21,10,44,17,61
2011-03-21,11,47,32,79
2011-03-21,12,56,25,81
2011-03-21,13,77,35,112
2011-03-21,14,65,36,101
2011-03-21,15,65,41,106
2011-03-21,16,108,29,137
2011-03-21,17,230,41,271
2011-03-21,18,229,44,273
2011-03-21,19,195,22,217
2011-03-21,20,104,16,120
2011-03-21,21,79,12,91
2011-03-21,22,60,18,78
2011-03-21,23,22,8,30
2011-03-22,0,7,4,11
2011-03-22,1,13,6,19
2011-03-22,2,1,0,1
2011-03-22,3,2,3,5
2011-03-22,4,1,0,1
2011-03-22,5,11,1,12
2011-03-22,6,58,2,60
2011-03-22,7,129,4,133
2011-03-22,8,309,24,333
2011-03-22,9,157,19,176
2011-03-22,10,94,29,123
2011-03-22,11,64,22,86
2011-03-22,12,86,35,121
2011-03-22,13,85,21,106
2011-03-22,14,69,29,98
2011-03-22,15,76,56,132
2011-03-22,16,124,40,164
2011-03-22,17,263,42,305
2011-03-22,18,266,41,307
2011-03-22,19,138,22,160
2011-03-22,20,111,19,130
2011-03-22,21,63,24,87
2011-03-22,22,53,13,66
2011-03-22,23,27,4,31
2011-03-23,0,8,3,11
2011-03-23,1,7,0,7
2011-03-23,2,1,1,2
2011-03-23,3,3,0,3
2011-03-23,5,10,0,10
2011-03-23,6,42,1,43
2011-03-23,7,110,7,117
2011-03-23,8,243,14,257
2011-03-23,9,174,8,182
2011-03-23,10,60,15,75
2011-03-23,11,53,18,71
2011-03-23,12,72,14,86
2011-03-23,13,93,14,107
2011-03-23,14,71,13,84
2011-03-23,15,73,11,84
2011-03-23,16,123,13,136
2011-03-23,17,241,28,269
2011-03-23,18,217,20,237
2011-03-23,19,146,12,158
2011-03-23,20,70,3,73
2011-03-23,21,22,0,22
2011-03-23,22,37,6,43
2011-03-23,23,22,2,24
2011-03-24,0,11,0,11
2011-03-24,1,3,0,3
2011-03-24,2,6,0,6
2011-03-24,3,0,1,1
2011-03-24,4,1,0,1
2011-03-24,5,8,1,9
2011-03-24,6,41,0,41
2011-03-24,7,104,2,106
2011-03-24,8,119,4,123
2011-03-24,9,92,3,95
2011-03-24,10,53,10,63
2011-03-24,11,61,10,71
2011-03-24,12,81,12,93
2011-03-24,13,90,11,101
2011-03-24,14,64,17,81
2011-03-24,15,76,12,88
2011-03-24,16,77,7,84
2011-03-24,17,219,12,231
2011-03-24,18,196,17,213
2011-03-24,19,120,16,136
2011-03-24,20,107,8,115
2011-03-24,21,66,11,77
2011-03-24,22,59,3,62
2011-03-24,23,24,9,33
2011-03-25,0,17,1,18
2011-03-25,1,5,0,5
2011-03-25,2,5,0,5
2011-03-25,3,2,0,2
2011-03-25,4,2,3,5
2011-03-25,5,9,0,9
2011-03-25,6,32,0,32
2011-03-25,7,99,4,103
2011-03-25,8,228,9,237
2011-03-25,9,148,16,164
2011-03-25,10,53,15,68
2011-03-25,11,57,17,74
2011-03-25,12,105,37,142
2011-03-25,13,104,34,138
2011-03-25,14,102,30,132
2011-03-25,15,76,43,119
2011-03-25,16,126,23,149
2011-03-25,17,201,23,224
2011-03-25,18,185,8,193
2011-03-25,19,125,9,134
2011-03-25,20,74,6,80
2011-03-25,21,61,11,72
2011-03-25,22,39,3,42
2011-03-25,23,31,8,39
2011-03-26,0,25,3,28
2011-03-26,1,24,3,27
2011-03-26,2,21,4,25
2011-03-26,3,7,2,9
2011-03-26,4,4,2,6
2011-03-26,5,8,0,8
2011-03-26,6,8,2,10
2011-03-26,7,20,18,38
2011-03-26,8,42,24,66
2011-03-26,9,65,32,97
2011-03-26,10,92,32,124
2011-03-26,11,90,75,165
2011-03-26,12,125,98,223
2011-03-26,13,140,94,234
2011-03-26,14,117,93,210
2011-03-26,15,107,110,217
2011-03-26,16,128,118,246
2011-03-26,17,100,102,202
2011-03-26,18,87,64,151
2011-03-26,19,93,45,138
2011-03-26,20,62,18,80
2011-03-26,21,36,15,51
2011-03-26,22,45,17,62
2011-03-26,23,31,10,41
2011-03-27,0,26,5,31
2011-03-27,1,17,3,20
2011-03-27,2,15,6,21
2011-03-27,3,14,0,14
2011-03-27,4,5,1,6
2011-03-27,6,2,0,2
2011-03-27,7,7,0,7
2011-03-27,8,7,6,13
2011-03-27,9,36,17,53
2011-03-27,10,56,27,83
2011-03-27,11,84,22,106
2011-03-27,12,109,43,152
2011-03-27,13,99,46,145
2011-03-27,14,103,61,164
2011-03-27,15,110,61,171
2011-03-27,16,96,45,141
2011-03-27,17,108,50,158
2011-03-27,18,103,32,135
2011-03-27,19,79,23,102
2011-03-27,20,50,7,57
2011-03-27,21,29,7,36
2011-03-27,22,24,5,29
2011-03-27,23,16,3,19
2011-03-28,0,11,1,12
2011-03-28,1,4,2,6
2011-03-28,2,5,0,5
2011-03-28,3,2,0,2
2011-03-28,5,8,0,8
2011-03-28,6,40,0,40
2011-03-28,7,103,6,109
2011-03-28,8,235,15,250
2011-03-28,9,109,12,121
2011-03-28,10,46,22,68
2011-03-28,11,38,18,56
2011-03-28,12,70,8,78
2011-03-28,13,69,14,83
2011-03-28,14,63,15,78
2011-03-28,15,53,19,72
2011-03-28,16,114,15,129
2011-03-28,17,223,25,248
2011-03-28,18,217,21,238
2011-03-28,19,154,17,171
2011-03-28,20,106,5,111
2011-03-28,21,55,6,61
2011-03-28,22,40,0,40
2011-03-28,23,17,1,18
2011-03-29,0,15,1,16
2011-03-29,1,4,0,4
2011-03-29,2,3,0,3
2011-03-29,3,1,2,3
2011-03-29,4,1,1,2
2011-03-29,5,8,0,8
2011-03-29,6,45,4,49
2011-03-29,7,126,5,131
2011-03-29,8,267,19,286
2011-03-29,9,156,16,172
2011-03-29,10,45,13,58
2011-03-29,11,63,18,81
2011-03-29,12,75,29,104
2011-03-29,13,79,24,103
2011-03-29,14,64,20,84
2011-03-29,15,63,22,85
2011-03-29,16,119,12,131
2011-03-29,17,263,34,297
2011-03-29,18,251,42,293
2011-03-29,19,168,20,188
2011-03-29,20,117,13,130
2011-03-29,21,73,8,81
2011-03-29,22,49,6,55
2011-03-29,23,25,8,33
2011-03-30,0,8,3,11
2011-03-30,1,8,1,9
2011-03-30,2,4,0,4
2011-03-30,3,4,0,4
2011-03-30,4,0,1,1
2011-03-30,5,7,0,7
2011-03-30,6,43,4,47
2011-03-30,7,127,8,135
2011-03-30,8,244,16,260
2011-03-30,9,146,7,153
2011-03-30,10,51,13,64
2011-03-30,11,57,26,83
2011-03-30,12,64,15,79
2011-03-30,13,83,14,97
2011-03-30,14,64,16,80
2011-03-30,15,56,14,70
2011-03-30,16,36,0,36
2011-03-30,17,105,11,116
2011-03-30,18,79,6,85
2011-03-30,19,66,5,71
2011-03-30,20,40,4,44
2011-03-30,21,27,0,27
2011-03-30,22,21,3,24
2011-03-30,23,11,1,12
2011-03-31,0,3,0,3
2011-03-31,1,4,1,5
2011-03-31,2,5,0,5
2011-03-31,3,1,0,1
2011-03-31,4,2,0,2
2011-03-31,5,8,0,8
2011-03-31,6,34,2,36
2011-03-31,7,86,5,91
2011-03-31,8,181,7,188
2011-03-31,9,126,6,132
2011-03-31,10,53,15,68
2011-03-31,11,49,6,55
2011-03-31,12,72,17,89
2011-03-31,13,54,13,67
2011-03-31,14,49,27,76
2011-03-31,15,61,4,65
2011-03-31,16,71,13,84
2011-03-31,17,153,15,168
2011-03-31,18,163,12,175
2011-03-31,19,117,12,129
2011-03-31,20,78,6,84
2011-03-31,21,52,7,59
2011-03-31,22,44,7,51
2011-03-31,23,23,4,27
2011-04-01,0,6,0,6
2011-04-01,1,4,0,4
2011-04-01,2,7,0,7
2011-04-01,3,4,0,4
2011-04-01,4,3,0,3
2011-04-01,5,11,1,12
2011-04-01,6,26,2,28
2011-04-01,7,86,4,90
2011-04-01,8,195,8,203
2011-04-01,9,163,11,174
2011-04-01,10,63,12,75
2011-04-01,11,71,17,88
2011-04-01,12,75,15,90
2011-04-01,13,90,18,108
2011-04-01,14,60,26,86
2011-04-01,15,79,30,109
2011-04-01,16,124,42,166
2011-04-01,17,242,36,278
2011-04-01,18,203,36,239
2011-04-01,19,116,16,132
2011-04-01,20,73,2,75
2011-04-01,21,81,9,90
2011-04-01,22,64,10,74
2011-04-01,23,39,12,51
2011-04-02,0,27,3,30
2011-04-02,1,27,4,31
2011-04-02,2,19,1,20
2011-04-02,3,8,1,9
2011-04-02,4,4,0,4
2011-04-02,5,4,1,5
2011-04-02,6,7,5,12
2011-04-02,7,16,2,18
2011-04-02,8,44,10,54
2011-04-02,9,65,22,87
2011-04-02,10,111,41,152
2011-04-02,11,126,72,198
2011-04-02,12,99,84,183
2011-04-02,13,77,56,133
2011-04-02,14,91,97,188
2011-04-02,15,64,72,136
2011-04-02,16,85,111,196
2011-04-02,17,93,89,182
2011-04-02,18,106,68,174
2011-04-02,19,75,71,146
2011-04-02,20,55,29,84
2011-04-02,21,53,24,77
2011-04-02,22,40,14,54
2011-04-02,23,32,20,52
2011-04-03,0,31,8,39
2011-04-03,1,26,8,34
2011-04-03,2,19,5,24
2011-04-03,3,8,3,11
2011-04-03,4,0,3,3
2011-04-03,5,4,1,5
2011-04-03,6,23,10,33
2011-04-03,7,19,13,32
2011-04-03,8,41,18,59
2011-04-03,9,73,68,141
2011-04-03,10,102,111,213
2011-04-03,11,101,139,240
2011-04-03,12,144,165,309
2011-04-03,13,147,220,367
2011-04-03,14,106,239,345
2011-04-03,15,117,175,292
2011-04-03,16,151,147,298
2011-04-03,17,124,148,272
2011-04-03,18,97,71,168
2011-04-03,19,89,51,140
2011-04-03,20,54,24,78
2011-04-03,21,36,8,44
2011-04-03,22,27,7,34
2011-04-03,23,22,9,31
2011-04-04,0,5,1,6
2011-04-04,1,4,7,11
2011-04-04,2,1,1,2
2011-04-04,3,0,1,1
2011-04-04,4,1,1,2
2011-04-04,5,7,0,7
2011-04-04,6,43,3,46
2011-04-04,7,148,7,155
2011-04-04,8,305,31,336
2011-04-04,9,133,24,157
2011-04-04,10,55,35,90
2011-04-04,11,65,58,123
2011-04-04,12,94,59,153
2011-04-04,13,91,47,138
2011-04-04,14,75,47,122
2011-04-04,15,93,47,140
2011-04-04,16,129,59,188
2011-04-04,17,281,83,364
2011-04-04,18,303,78,381
2011-04-04,19,221,51,272
2011-04-04,20,130,40,170
2011-04-04,21,74,19,93
2011-04-04,22,57,17,74
2011-04-04,23,30,18,48
2011-04-05,0,12,10,22
2011-04-05,1,5,10,15
2011-04-05,2,5,0,5
2011-04-05,3,3,1,4
2011-04-05,4,2,0,2
2011-04-05,5,5,0,5
2011-04-05,6,36,2,38
2011-04-05,7,122,10,132
2011-04-05,8,145,9,154
2011-04-05,9,45,2,47
2011-04-05,10,25,3,28
2011-04-05,11,18,1,19
2011-04-05,12,32,6,38
2011-04-05,13,50,5,55
2011-04-05,14,64,9,73
2011-04-05,15,59,6,65
2011-04-05,16,113,17,130
2011-04-05,17,240,27,267
2011-04-05,18,244,19,263
2011-04-05,19,143,12,155
2011-04-05,20,86,4,90
2011-04-05,21,81,8,89
2011-04-05,22,43,3,46
2011-04-05,23,23,3,26
2011-04-06,0,15,0,15
2011-04-06,1,2,0,2
2011-04-06,2,5,0,5
2011-04-06,3,4,0,4
2011-04-06,4,1,0,1
2011-04-06,5,11,1,12
2011-04-06,6,53,4,57
2011-04-06,7,128,3,131
2011-04-06,8,305,17,322
2011-04-06,9,157,8,165
2011-04-06,10,46,21,67
2011-04-06,11,69,23,92
2011-04-06,12,109,22,131
2011-04-06,13,81,29,110
2011-04-06,14,79,35,114
2011-04-06,15,79,34,113
2011-04-06,16,141,27,168
2011-04-06,17,299,53,352
2011-04-06,18,280,43,323
2011-04-06,19,193,36,229
2011-04-06,20,123,15,138
2011-04-06,21,83,18,101
2011-04-06,22,71,13,84
2011-04-06,23,29,11,40
2011-04-07,0,15,5,20
2011-04-07,1,10,2,12
2011-04-07,2,6,0,6
2011-04-07,3,3,0,3
2011-04-07,4,1,0,1
2011-04-07,5,6,0,6
2011-04-07,6,58,5,63
2011-04-07,7,148,8,156
2011-04-07,8,288,23,311
2011-04-07,9,154,15,169
2011-04-07,10,65,29,94
2011-04-07,11,84,36,120
2011-04-07,12,89,39,128
2011-04-07,13,91,36,127
2011-04-07,14,91,46,137
2011-04-07,15,95,27,122
2011-04-07,16,139,52,191
2011-04-07,17,276,63,339
2011-04-07,18,262,68,330
2011-04-07,19,190,33,223
2011-04-07,20,165,37,202
2011-04-07,21,88,19,107
2011-04-07,22,63,18,81
2011-04-07,23,44,9,53
2011-04-08,0,21,4,25
2011-04-08,1,6,3,9
2011-04-08,2,10,3,13
2011-04-08,3,1,0,1
2011-04-08,4,1,0,1
2011-04-08,5,8,1,9
2011-04-08,6,33,2,35
2011-04-08,7,107,4,111
2011-04-08,8,206,13,219
2011-04-08,9,165,17,182
2011-04-08,10,62,10,72
2011-04-08,11,78,19,97
2011-04-08,12,50,29,79
2011-04-08,13,35,7,42
2011-04-08,14,12,2,14
2011-04-08,15,24,1,25
2011-04-08,16,58,2,60
2011-04-08,17,136,10,146
2011-04-08,18,54,8,62
2011-04-08,19,51,1,52
2011-04-08,20,50,11,61
2011-04-08,21,42,12,54
2011-04-08,22,42,9,51
2011-04-08,23,30,4,34
2011-04-09,0,26,5,31
2011-04-09,1,17,3,20
2011-04-09,2,14,2,16
2011-04-09,3,11,3,14
2011-04-09,4,3,0,3
2011-04-09,5,5,0,5
2011-04-09,6,13,0,13
2011-04-09,7,13,8,21
2011-04-09,8,45,7,52
2011-04-09,9,70,27,97
2011-04-09,10,90,43,133
2011-04-09,11,89,51,140
2011-04-09,12,121,79,200
2011-04-09,13,103,114,217
2011-04-09,14,114,94,208
2011-04-09,15,116,85,201
2011-04-09,16,117,72,189
2011-04-09,17,127,129,256
2011-04-09,18,126,48,174
2011-04-09,19,83,47,130
2011-04-09,20,73,19,92
2011-04-09,21,63,10,73
2011-04-09,22,66,21,87
2011-04-09,23,44,12,56
2011-04-10,0,48,5,53
2011-04-10,1,29,6,35
2011-04-10,2,24,12,36
2011-04-10,3,11,5,16
2011-04-10,4,2,3,5
2011-04-10,5,4,0,4
2011-04-10,6,4,0,4
2011-04-10,7,7,3,10
2011-04-10,8,38,17,55
2011-04-10,9,49,31,80
2011-04-10,10,73,69,142
2011-04-10,11,103,93,196
2011-04-10,12,131,94,225
2011-04-10,13,137,121,258
2011-04-10,14,131,148,279
2011-04-10,15,139,156,295
2011-04-10,16,151,135,286
2011-04-10,17,147,84,231
2011-04-10,18,133,103,236
2011-04-10,19,84,47,131
2011-04-10,20,70,21,91
2011-04-10,21,75,18,93
2011-04-10,22,45,12,57
2011-04-10,23,27,5,32
2011-04-11,0,16,7,23
2011-04-11,1,2,1,3
2011-04-11,2,2,7,9
2011-04-11,4,1,0,1
2011-04-11,5,12,1,13
2011-04-11,6,59,2,61
2011-04-11,7,161,12,173
2011-04-11,8,279,28,307
2011-04-11,9,128,33,161
2011-04-11,10,55,41,96
2011-04-11,11,58,45,103
2011-04-11,12,97,37,134
2011-04-11,13,76,62,138
2011-04-11,14,84,60,144
2011-04-11,15,84,55,139
2011-04-11,16,159,73,232
2011-04-11,17,351,100,451
2011-04-11,18,283,93,376
2011-04-11,19,209,73,282
2011-04-11,20,116,44,160
2011-04-11,21,117,39,156
2011-04-11,22,63,25,88
2011-04-11,23,38,16,54
2011-04-12,0,13,11,24
2011-04-12,1,7,6,13
2011-04-12,2,7,7,14
2011-04-12,3,1,0,1
2011-04-12,4,2,4,6
2011-04-12,5,15,1,16
2011-04-12,6,53,3,56
2011-04-12,7,172,12,184
2011-04-12,8,207,15,222
2011-04-12,9,47,4,51
2011-04-12,10,34,6,40
2011-04-12,11,38,11,49
2011-04-12,12,82,9,91
2011-04-12,13,81,22,103
2011-04-12,14,26,16,42
2011-04-12,15,54,24,78
2011-04-12,16,79,19,98
2011-04-12,17,259,29,288
2011-04-12,18,199,21,220
2011-04-12,19,122,3,125
2011-04-12,20,91,9,100
2011-04-12,21,74,10,84
2011-04-12,22,47,7,54
2011-04-12,23,30,8,38
2011-04-13,0,12,3,15
2011-04-13,1,1,0,1
2011-04-13,2,2,0,2
2011-04-13,3,2,0,2
2011-04-13,4,2,1,3
2011-04-13,5,4,1,5
2011-04-13,6,33,1,34
2011-04-13,7,67,3,70
2011-04-13,8,156,6,162
2011-04-13,9,62,2,64
2011-04-13,10,41,4,45
2011-04-13,11,55,4,59
2011-04-13,12,82,12,94
2011-04-13,13,54,6,60
2011-04-13,14,80,24,104
2011-04-13,15,66,12,78
2011-04-13,16,114,23,137
2011-04-13,17,283,25,308
2011-04-13,18,289,28,317
2011-04-13,19,158,14,172
2011-04-13,20,117,7,124
2011-04-13,21,97,17,114
2011-04-13,22,87,10,97
2011-04-13,23,56,5,61
2011-04-14,0,18,3,21
2011-04-14,1,9,1,10
2011-04-14,2,3,0,3
2011-04-14,3,2,0,2
2011-04-14,4,7,1,8
2011-04-14,5,12,2,14
2011-04-14,6,66,4,70
2011-04-14,7,176,11,187
2011-04-14,8,312,21,333
2011-04-14,9,146,18,164
2011-04-14,10,67,21,88
2011-04-14,11,86,28,114
2011-04-14,12,107,35,142
2011-04-14,13,116,38,154
2011-04-14,14,101,36,137
2011-04-14,15,83,57,140
2011-04-14,16,150,49,199
2011-04-14,17,332,50,382
2011-04-14,18,286,46,332
2011-04-14,19,218,37,255
2011-04-14,20,142,22,164
2011-04-14,21,124,18,142
2011-04-14,22,80,22,102
2011-04-14,23,40,7,47
2011-04-15,0,21,6,27
2011-04-15,1,9,6,15
2011-04-15,2,10,8,18
2011-04-15,3,3,0,3
2011-04-15,4,3,0,3
2011-04-15,5,11,2,13
2011-04-15,6,42,5,47
2011-04-15,7,133,10,143
2011-04-15,8,277,21,298
2011-04-15,9,160,16,176
2011-04-15,10,87,31,118
2011-04-15,11,95,41,136
2011-04-15,12,153,45,198
2011-04-15,13,131,47,178
2011-04-15,14,106,57,163
2011-04-15,15,109,50,159
2011-04-15,16,171,70,241
2011-04-15,17,265,64,329
2011-04-15,18,210,47,257
2011-04-15,19,161,41,202
2011-04-15,20,90,26,116
2011-04-15,21,77,25,102
2011-04-15,22,62,16,78
2011-04-15,23,55,8,63
2011-04-16,0,34,7,41
2011-04-16,1,28,5,33
2011-04-16,2,17,5,22
2011-04-16,3,9,5,14
2011-04-16,4,4,1,5
2011-04-16,5,3,1,4
2011-04-16,6,9,1,10
2011-04-16,7,17,3,20
2011-04-16,8,38,7,45
2011-04-16,9,26,2,28
2011-04-16,10,20,1,21
2011-04-16,11,25,4,29
2011-04-16,12,26,6,32
2011-04-16,13,48,9,57
2011-04-16,14,48,14,62
2011-04-16,15,62,16,78
2011-04-16,16,25,6,31
2011-04-16,17,13,1,14
2011-04-16,18,32,6,38
2011-04-16,19,60,9,69
2011-04-16,20,45,4,49
2011-04-16,21,13,1,14
2011-04-16,22,22,2,24
2011-04-16,23,30,5,35
2011-04-17,0,29,4,33
2011-04-17,1,24,6,30
2011-04-17,2,24,4,28
2011-04-17,3,13,12,25
2011-04-17,4,4,2,6
2011-04-17,5,1,2,3
2011-04-17,6,5,3,8
2011-04-17,7,14,2,16
2011-04-17,8,36,7,43
2011-04-17,9,70,31,101
2011-04-17,10,120,91,211
2011-04-17,11,167,118,285
2011-04-17,12,182,167,349
2011-04-17,13,157,180,337
2011-04-17,14,184,170,354
2011-04-17,15,201,178,379
2011-04-17,16,176,161,337
2011-04-17,17,162,143,305
2011-04-17,18,172,102,274
2011-04-17,19,134,75,209
2011-04-17,20,95,44,139
2011-04-17,21,68,13,81
2011-04-17,22,49,21,70
2011-04-17,23,36,19,55
2011-04-18,0,23,15,38
2011-04-18,1,8,11,19
2011-04-18,2,2,14,16
2011-04-18,3,1,6,7
2011-04-18,4,4,2,6
2011-04-18,5,16,0,16
2011-04-18,6,51,3,54
2011-04-18,7,154,12,166
2011-04-18,8,274,20,294
2011-04-18,9,126,37,163
2011-04-18,10,65,41,106
2011-04-18,11,87,36,123
2011-04-18,12,119,60,179
2011-04-18,13,126,41,167
2011-04-18,14,91,49,140
2011-04-18,15,108,64,172
2011-04-18,16,163,40,203
2011-04-18,17,353,66,419
2011-04-18,18,314,41,355
2011-04-18,19,239,41,280
2011-04-18,20,133,29,162
2011-04-18,21,129,20,149
2011-04-18,22,80,9,89
2011-04-18,23,35,11,46
2011-04-19,0,23,2,25
2011-04-19,1,2,5,7
2011-04-19,2,5,8,13
2011-04-19,3,3,0,3
2011-04-19,4,4,1,5
2011-04-19,5,17,1,18
2011-04-19,6,63,2,65
2011-04-19,7,165,22,187
2011-04-19,8,324,20,344
2011-04-19,9,130,23,153
2011-04-19,10,57,15,72
2011-04-19,11,50,19,69
2011-04-19,12,81,19,100
2011-04-19,13,102,26,128
2011-04-19,14,86,19,105
2011-04-19,15,82,44,126
2011-04-19,16,159,30,189
2011-04-19,17,367,39,406
2011-04-19,18,368,44,412
2011-04-19,19,243,28,271
2011-04-19,20,143,20,163
2011-04-19,21,112,8,120
2011-04-19,22,103,3,106
2011-04-19,23,41,11,52
2011-04-20,0,28,4,32
2011-04-20,1,5,2,7
2011-04-20,2,2,0,2
2011-04-20,3,2,0,2
2011-04-20,4,4,5,9
2011-04-20,5,14,1,15
2011-04-20,6,62,2,64
2011-04-20,7,207,26,233
2011-04-20,8,370,21,391
2011-04-20,9,165,28,193
2011-04-20,10,83,45,128
2011-04-20,11,86,31,117
2011-04-20,12,116,28,144
2011-04-20,13,134,42,176
2011-04-20,14,113,33,146
2011-04-20,15,113,32,145
2011-04-20,16,200,54,254
2011-04-20,17,394,33,427
2011-04-20,18,381,56,437
2011-04-20,19,304,74,378
2011-04-20,20,189,31,220
2011-04-20,21,132,38,170
2011-04-20,22,104,12,116
2011-04-20,23,78,14,92
2011-04-21,0,29,11,40
2011-04-21,1,20,6,26
2011-04-21,2,9,3,12
2011-04-21,3,3,4,7
2011-04-21,4,4,2,6
2011-04-21,5,14,0,14
2011-04-21,6,73,2,75
2011-04-21,7,179,15,194
2011-04-21,8,338,19,357
2011-04-21,9,174,18,192
2011-04-21,10,71,25,96
2011-04-21,11,99,34,133
2011-04-21,12,146,49,195
2011-04-21,13,104,55,159
2011-04-21,14,119,68,187
2011-04-21,15,123,69,192
2011-04-21,16,199,66,265
2011-04-21,17,398,78,476
2011-04-21,18,369,71,440
2011-04-21,19,266,51,317
2011-04-21,20,170,28,198
2011-04-21,21,152,25,177
2011-04-21,22,105,31,136
2011-04-21,23,85,13,98
2011-04-22,0,30,3,33
2011-04-22,1,21,2,23
2011-04-22,2,6,2,8
2011-04-22,3,2,0,2
2011-04-22,4,2,1,3
2011-04-22,5,16,0,16
2011-04-22,6,47,2,49
2011-04-22,7,173,5,178
2011-04-22,8,327,15,342
2011-04-22,9,169,17,186
2011-04-22,10,100,32,132
2011-04-22,11,80,23,103
2011-04-22,12,59,19,78
2011-04-22,13,37,3,40
2011-04-22,14,33,3,36
2011-04-22,15,61,13,74
2011-04-22,16,58,4,62
2011-04-22,17,61,6,67
2011-04-22,18,47,4,51
2011-04-22,19,47,7,54
2011-04-22,20,38,8,46
2011-04-22,21,23,5,28
2011-04-22,22,21,3,24
2011-04-22,23,13,0,13
2011-04-23,0,17,0,17
2011-04-23,1,11,5,16
2011-04-23,2,14,3,17
2011-04-23,3,4,0,4
2011-04-23,4,3,2,5
2011-04-23,5,5,1,6
2011-04-23,6,11,0,11
2011-04-23,7,16,2,18
2011-04-23,8,32,15,47
2011-04-23,9,55,13,68
2011-04-23,10,93,36,129
2011-04-23,11,160,68,228
2011-04-23,12,191,94,285
2011-04-23,13,179,126,305
2011-04-23,14,205,182,387
2011-04-23,15,220,171,391
2011-04-23,16,237,180,417
2011-04-23,17,209,168,377
2011-04-23,18,220,147,367
2011-04-23,19,194,84,278
2011-04-23,20,137,45,182
2011-04-23,21,102,32,134
2011-04-23,22,109,55,164
2011-04-23,23,86,31,117
2011-04-24,0,63,30,93
2011-04-24,1,39,14,53
2011-04-24,2,43,27,70
2011-04-24,3,17,4,21
2011-04-24,4,5,0,5
2011-04-24,5,7,5,12
2011-04-24,6,3,10,13
2011-04-24,7,11,16,27
2011-04-24,8,42,38,80
2011-04-24,9,102,73,175
2011-04-24,10,169,117,286
2011-04-24,11,182,124,306
2011-04-24,12,210,168,378
2011-04-24,13,226,205,431
2011-04-24,14,218,196,414
2011-04-24,15,199,167,366
2011-04-24,16,195,162,357
2011-04-24,17,180,142,322
2011-04-24,18,170,96,266
2011-04-24,19,129,62,191
2011-04-24,20,71,34,105
2011-04-24,21,53,8,61
2011-04-24,22,38,5,43
2011-04-24,23,36,5,41
2011-04-25,0,10,2,12
2011-04-25,1,8,2,10
2011-04-25,2,9,1,10
2011-04-25,3,8,2,10
2011-04-25,4,4,1,5
2011-04-25,5,14,2,16
2011-04-25,6,59,7,66
2011-04-25,7,180,13,193
2011-04-25,8,318,27,345
2011-04-25,9,145,27,172
2011-04-25,10,63,61,124
2011-04-25,11,93,53,146
2011-04-25,12,140,48,188
2011-04-25,13,145,57,202
2011-04-25,14,95,47,142
2011-04-25,15,124,50,174
2011-04-25,16,197,41,238
2011-04-25,17,430,80,510
2011-04-25,18,421,74,495
2011-04-25,19,314,62,376
2011-04-25,20,190,42,232
2011-04-25,21,146,41,187
2011-04-25,22,83,23,106
2011-04-25,23,53,9,62
2011-04-26,0,17,10,27
2011-04-26,1,5,16,21
2011-04-26,2,9,17,26
2011-04-26,3,4,17,21
2011-04-26,4,4,2,6
2011-04-26,5,16,0,16
2011-04-26,6,80,0,80
2011-04-26,7,249,15,264
2011-04-26,8,411,32,443
2011-04-26,9,161,35,196
2011-04-26,10,97,22,119
2011-04-26,11,123,40,163
2011-04-26,12,144,39,183
2011-04-26,13,137,37,174
2011-04-26,14,113,40,153
2011-04-26,15,118,34,152
2011-04-26,16,249,40,289
2011-04-26,17,447,66,513
2011-04-26,18,454,65,519
2011-04-26,19,281,42,323
2011-04-26,20,196,34,230
2011-04-26,21,159,33,192
2011-04-26,22,114,32,146
2011-04-26,23,68,7,75
2011-04-27,0,24,3,27
2011-04-27,1,15,2,17
2011-04-27,2,5,0,5
2011-04-27,3,4,3,7
2011-04-27,4,6,0,6
2011-04-27,5,16,1,17
2011-04-27,6,79,5,84
2011-04-27,7,224,17,241
2011-04-27,8,406,31,437
2011-04-27,9,159,19,178
2011-04-27,10,66,26,92
2011-04-27,11,101,53,154
2011-04-27,12,132,38,170
2011-04-27,13,116,31,147
2011-04-27,14,116,29,145
2011-04-27,15,119,18,137
2011-04-27,16,187,29,216
2011-04-27,17,450,62,512
2011-04-27,18,359,46,405
2011-04-27,19,213,40,253
2011-04-27,20,185,30,215
2011-04-27,21,124,19,143
2011-04-27,22,108,18,126
2011-04-27,23,50,25,75
2011-04-28,0,37,13,50
2011-04-28,1,12,8,20
2011-04-28,2,7,14,21
2011-04-28,3,1,2,3
2011-04-28,4,5,4,9
2011-04-28,5,13,0,13
2011-04-28,6,78,7,85
2011-04-28,7,196,14,210
2011-04-28,8,360,30,390
2011-04-28,9,159,19,178
2011-04-28,10,44,8,52
2011-04-28,11,71,10,81
2011-04-28,12,84,23,107
2011-04-28,13,101,18,119
2011-04-28,14,120,21,141
2011-04-28,15,115,46,161
2011-04-28,16,227,42,269
2011-04-28,17,402,49,451
2011-04-28,18,476,44,520
2011-04-28,19,339,57,396
2011-04-28,20,217,49,266
2011-04-28,21,166,27,193
2011-04-28,22,118,34,152
2011-04-28,23,80,29,109
2011-04-29,0,37,11,48
2011-04-29,1,21,10,31
2011-04-29,2,8,2,10
2011-04-29,3,4,1,5
2011-04-29,4,6,0,6
2011-04-29,5,25,0,25
2011-04-29,6,66,4,70
2011-04-29,7,210,18,228
2011-04-29,8,383,35,418
2011-04-29,9,182,45,227
2011-04-29,10,99,56,155
2011-04-29,11,106,49,155
2011-04-29,12,159,63,222
2011-04-29,13,176,74,250
2011-04-29,14,160,58,218
2011-04-29,15,159,77,236
2011-04-29,16,237,59,296
2011-04-29,17,427,75,502
2011-04-29,18,378,55,433
2011-04-29,19,225,40,265
2011-04-29,20,158,34,192
2011-04-29,21,142,50,192
2011-04-29,22,109,36,145
2011-04-29,23,83,25,108
2011-04-30,0,72,33,105
2011-04-30,1,58,15,73
2011-04-30,2,51,12,63
2011-04-30,3,11,4,15
2011-04-30,4,5,2,7
2011-04-30,5,4,3,7
2011-04-30,6,10,10,20
2011-04-30,7,27,21,48
2011-04-30,8,69,19,88
2011-04-30,9,118,35,153
2011-04-30,10,183,94,277
2011-04-30,11,200,120,320
2011-04-30,12,234,178,412
2011-04-30,13,260,185,445
2011-04-30,14,261,184,445
2011-04-30,15,276,217,493
2011-04-30,16,267,191,458
2011-04-30,17,234,162,396
2011-04-30,18,227,134,361
2011-04-30,19,228,150,378
2011-04-30,20,154,65,219
2011-04-30,21,113,58,171
2011-04-30,22,103,37,140
2011-04-30,23,86,34,120
2011-05-01,0,77,19,96
2011-05-01,1,49,9,58
2011-05-01,2,43,7,50
2011-05-01,3,14,8,22
2011-05-01,4,11,6,17
2011-05-01,5,10,0,10
2011-05-01,6,8,4,12
2011-05-01,7,26,7,33
2011-05-01,8,43,16,59
2011-05-01,9,92,45,137
2011-05-01,10,149,108,257
2011-05-01,11,137,110,247
2011-05-01,12,169,109,278
2011-05-01,13,207,123,330
2011-05-01,14,147,85,232
2011-05-01,15,147,113,260
2011-05-01,16,136,75,211
2011-05-01,17,132,59,191
2011-05-01,18,123,33,156
2011-05-01,19,125,47,172
2011-05-01,20,85,35,120
2011-05-01,21,79,23,102
2011-05-01,22,67,32,99
2011-05-01,23,82,64,146
2011-05-02,0,104,68,172
2011-05-02,1,72,41,113
2011-05-02,2,19,16,35
2011-05-02,3,7,9,16
2011-05-02,4,7,9,16
2011-05-02,5,16,4,20
2011-05-02,6,59,3,62
2011-05-02,7,187,15,202
2011-05-02,8,341,21,362
2011-05-02,9,129,41,170
2011-05-02,10,76,31,107
2011-05-02,11,95,33,128
2011-05-02,12,146,40,186
2011-05-02,13,118,51,169
2011-05-02,14,131,48,179
2011-05-02,15,108,45,153
2011-05-02,16,216,49,265
2011-05-02,17,469,65,534
2011-05-02,18,445,68,513
2011-05-02,19,258,46,304
2011-05-02,20,165,44,209
2011-05-02,21,175,54,229
2011-05-02,22,95,28,123
2011-05-02,23,46,16,62
2011-05-03,0,16,0,16
2011-05-03,1,14,0,14
2011-05-03,2,5,0,5
2011-05-03,3,2,0,2
2011-05-03,4,1,3,4
2011-05-03,5,14,0,14
2011-05-03,6,102,7,109
2011-05-03,7,246,17,263
2011-05-03,8,428,24,452
2011-05-03,9,156,29,185
2011-05-03,10,90,36,126
2011-05-03,11,117,20,137
2011-05-03,12,166,48,214
2011-05-03,13,144,50,194
2011-05-03,14,120,36,156
2011-05-03,15,116,37,153
2011-05-03,16,203,46,249
2011-05-03,17,457,53,510
2011-05-03,18,471,59,530
2011-05-03,19,320,42,362
2011-05-03,20,252,28,280
2011-05-03,21,175,42,217
2011-05-03,22,99,14,113
2011-05-03,23,49,12,61
2011-05-04,0,22,5,27
2011-05-04,1,6,1,7
2011-05-04,2,4,0,4
2011-05-04,3,1,0,1
2011-05-04,4,2,1,3
2011-05-04,5,8,1,9
2011-05-04,6,21,0,21
2011-05-04,7,45,5,50
2011-05-04,8,73,5,78
2011-05-04,9,33,5,38
2011-05-04,10,26,5,31
2011-05-04,11,69,3,72
2011-05-04,12,103,19,122
2011-05-04,13,124,15,139
2011-05-04,14,93,13,106
2011-05-04,15,103,22,125
2011-05-04,16,173,22,195
2011-05-04,17,385,21,406
2011-05-04,18,363,29,392
2011-05-04,19,260,30,290
2011-05-04,20,172,17,189
2011-05-04,21,129,16,145
2011-05-04,22,80,9,89
2011-05-04,23,48,8,56
2011-05-05,0,23,4,27
2011-05-05,1,6,4,10
2011-05-05,2,4,1,5
2011-05-05,3,4,0,4
2011-05-05,4,3,4,7
2011-05-05,5,28,1,29
2011-05-05,6,84,3,87
2011-05-05,7,252,16,268
2011-05-05,8,403,25,428
2011-05-05,9,159,19,178
2011-05-05,10,92,30,122
2011-05-05,11,102,43,145
2011-05-05,12,162,27,189
2011-05-05,13,138,49,187
2011-05-05,14,130,19,149
2011-05-05,15,118,26,144
2011-05-05,16,228,36,264
2011-05-05,17,458,66,524
2011-05-05,18,448,64,512
2011-05-05,19,301,56,357
2011-05-05,20,220,33,253
2011-05-05,21,139,39,178
2011-05-05,22,129,30,159
2011-05-05,23,96,16,112
2011-05-06,0,43,13,56
2011-05-06,1,23,8,31
2011-05-06,2,15,1,16
2011-05-06,3,6,3,9
2011-05-06,4,1,0,1
2011-05-06,5,16,0,16
2011-05-06,6,74,8,82
2011-05-06,7,197,20,217
2011-05-06,8,405,34,439
2011-05-06,9,159,27,186
2011-05-06,10,94,30,124
2011-05-06,11,119,42,161
2011-05-06,12,193,48,241
2011-05-06,13,179,70,249
2011-05-06,14,125,86,211
2011-05-06,15,170,89,259
2011-05-06,16,260,82,342
2011-05-06,17,461,82,543
2011-05-06,18,381,85,466
2011-05-06,19,248,38,286
2011-05-06,20,159,30,189
2011-05-06,21,126,22,148
2011-05-06,22,102,46,148
2011-05-06,23,89,27,116
2011-05-07,0,74,10,84
2011-05-07,1,48,8,56
2011-05-07,2,45,5,50
2011-05-07,3,9,9,18
2011-05-07,4,4,1,5
2011-05-07,5,3,4,7
2011-05-07,6,12,1,13
2011-05-07,7,32,7,39
2011-05-07,8,96,19,115
2011-05-07,9,159,52,211
2011-05-07,10,205,90,295
2011-05-07,11,209,131,340
2011-05-07,12,236,128,364
2011-05-07,13,229,196,425
2011-05-07,14,226,143,369
2011-05-07,15,223,148,371
2011-05-07,16,215,119,334
2011-05-07,17,212,137,349
2011-05-07,18,171,114,285
2011-05-07,19,169,87,256
2011-05-07,20,132,82,214
2011-05-07,21,120,58,178
2011-05-07,22,93,26,119
2011-05-07,23,89,30,119
2011-05-08,0,76,22,98
2011-05-08,1,55,8,63
2011-05-08,2,40,17,57
2011-05-08,3,20,10,30
2011-05-08,4,8,2,10
2011-05-08,5,5,0,5
2011-05-08,6,4,2,6
2011-05-08,7,15,8,23
2011-05-08,8,57,27,84
2011-05-08,9,110,49,159
2011-05-08,10,148,91,239
2011-05-08,11,192,141,333
2011-05-08,12,238,140,378
2011-05-08,13,215,165,380
2011-05-08,14,235,126,361
2011-05-08,15,224,128,352
2011-05-08,16,248,122,370
2011-05-08,17,236,106,342
2011-05-08,18,199,63,262
2011-05-08,19,173,61,234
2011-05-08,20,129,42,171
2011-05-08,21,94,32,126
2011-05-08,22,84,29,113
2011-05-08,23,40,9,49
2011-05-09,0,21,31,52
2011-05-09,1,8,25,33
2011-05-09,2,2,6,8
2011-05-09,3,6,0,6
2011-05-09,4,4,0,4
2011-05-09,5,23,0,23
2011-05-09,6,87,2,89
2011-05-09,7,218,14,232
2011-05-09,8,340,22,362
2011-05-09,9,139,36,175
2011-05-09,10,91,24,115
2011-05-09,11,96,26,122
2011-05-09,12,156,35,191
2011-05-09,13,135,36,171
2011-05-09,14,117,44,161
2011-05-09,15,139,51,190
2011-05-09,16,247,49,296
2011-05-09,17,533,59,592
2011-05-09,18,454,66,520
2011-05-09,19,335,45,380
2011-05-09,20,210,25,235
2011-05-09,21,126,28,154
2011-05-09,22,90,21,111
2011-05-09,23,45,16,61
2011-05-10,0,12,6,18
2011-05-10,1,12,3,15
2011-05-10,2,4,1,5
2011-05-10,3,3,1,4
2011-05-10,4,2,0,2
2011-05-10,5,28,1,29
2011-05-10,6,102,9,111
2011-05-10,7,293,13,306
2011-05-10,8,388,27,415
2011-05-10,9,174,29,203
2011-05-10,10,99,27,126
2011-05-10,11,104,17,121
2011-05-10,12,166,46,212
2011-05-10,13,150,50,200
2011-05-10,14,134,42,176
2011-05-10,15,149,28,177
2011-05-10,16,268,56,324
2011-05-10,17,526,79,605
2011-05-10,18,472,69,541
2011-05-10,19,358,68,426
2011-05-10,20,238,51,289
2011-05-10,21,171,30,201
2011-05-10,22,118,29,147
2011-05-10,23,71,9,80
2011-05-11,0,30,8,38
2011-05-11,1,15,4,19
2011-05-11,2,4,6,10
2011-05-11,3,3,0,3
2011-05-11,4,2,0,2
2011-05-11,5,20,0,20
2011-05-11,6,92,6,98
2011-05-11,7,289,25,314
2011-05-11,8,416,21,437
2011-05-11,9,177,21,198
2011-05-11,10,114,30,144
2011-05-11,11,121,18,139
2011-05-11,12,183,41,224
2011-05-11,13,155,36,191
2011-05-11,14,138,36,174
2011-05-11,15,130,48,178
2011-05-11,16,237,49,286
2011-05-11,17,240,17,257
2011-05-11,18,227,40,267
2011-05-11,19,332,60,392
2011-05-11,20,238,28,266
2011-05-11,21,192,32,224
2011-05-11,22,131,12,143
2011-05-11,23,68,12,80
2011-05-12,0,37,5,42
2011-05-12,1,16,1,17
2011-05-12,2,12,1,13
2011-05-12,3,5,0,5
2011-05-12,4,5,1,6
2011-05-12,5,27,2,29
2011-05-12,6,102,9,111
2011-05-12,7,280,14,294
2011-05-12,8,389,26,415
2011-05-12,9,187,21,208
2011-05-12,10,105,28,133
2011-05-12,11,135,43,178
2011-05-12,12,162,43,205
2011-05-12,13,169,48,217
2011-05-12,14,145,43,188
2011-05-12,15,150,54,204
2011-05-12,16,229,50,279
2011-05-12,17,537,53,590
2011-05-12,18,450,65,515
2011-05-12,19,302,59,361
2011-05-12,20,218,56,274
2011-05-12,21,185,31,216
2011-05-12,22,144,25,169
2011-05-12,23,85,16,101
2011-05-13,0,45,6,51
2011-05-13,1,15,5,20
2011-05-13,2,8,3,11
2011-05-13,3,2,2,4
2011-05-13,4,3,2,5
2011-05-13,5,22,1,23
2011-05-13,6,76,6,82
2011-05-13,7,139,16,155
2011-05-13,8,359,26,385
2011-05-13,9,211,18,229
2011-05-13,10,92,31,123
2011-05-13,11,89,56,145
2011-05-13,12,168,53,221
2011-05-13,13,152,69,221
2011-05-13,14,115,70,185
2011-05-13,15,141,55,196
2011-05-13,16,254,44,298
2011-05-13,17,425,62,487
2011-05-13,18,351,38,389
2011-05-13,19,237,25,262
2011-05-13,20,126,22,148
2011-05-13,21,127,24,151
2011-05-13,22,103,25,128
2011-05-13,23,88,31,119
2011-05-14,0,75,23,98
2011-05-14,1,63,18,81
2011-05-14,2,36,15,51
2011-05-14,3,30,5,35
2011-05-14,4,4,1,5
2011-05-14,5,7,7,14
2011-05-14,6,9,2,11
2011-05-14,7,28,4,32
2011-05-14,8,72,16,88
2011-05-14,9,85,14,99
2011-05-14,10,131,34,165
2011-05-14,11,205,72,277
2011-05-14,12,195,75,270
2011-05-14,13,178,67,245
2011-05-14,14,154,57,211
2011-05-14,15,215,73,288
2011-05-14,16,187,107,294
2011-05-14,17,191,78,269
2011-05-14,18,209,87,296
2011-05-14,19,174,69,243
2011-05-14,20,111,42,153
2011-05-14,21,44,15,59
2011-05-14,22,17,7,24
2011-05-14,23,33,11,44
2011-05-15,0,32,5,37
2011-05-15,1,42,4,46
2011-05-15,2,37,13,50
2011-05-15,3,20,11,31
2011-05-15,4,7,5,12
2011-05-15,5,11,3,14
2011-05-15,6,14,3,17
2011-05-15,7,35,4,39
2011-05-15,8,46,24,70
2011-05-15,9,97,36,133
2011-05-15,10,150,73,223
2011-05-15,11,196,120,316
2011-05-15,12,242,120,362
2011-05-15,13,251,195,446
2011-05-15,14,249,183,432
2011-05-15,15,245,206,451
2011-05-15,16,280,158,438
2011-05-15,17,251,137,388
2011-05-15,18,170,60,230
2011-05-15,19,153,78,231
2011-05-15,20,137,53,190
2011-05-15,21,103,44,147
2011-05-15,22,84,29,113
2011-05-15,23,50,18,68
2011-05-16,0,21,17,38
2011-05-16,1,8,6,14
2011-05-16,2,8,4,12
2011-05-16,3,3,1,4
2011-05-16,4,5,1,6
2011-05-16,5,20,1,21
2011-05-16,6,92,11,103
2011-05-16,7,239,27,266
2011-05-16,8,361,28,389
2011-05-16,9,153,38,191
2011-05-16,10,72,37,109
2011-05-16,11,128,56,184
2011-05-16,12,136,72,208
2011-05-16,13,152,61,213
2011-05-16,14,116,75,191
2011-05-16,15,110,55,165
2011-05-16,16,175,45,220
2011-05-16,17,225,47,272
2011-05-16,18,391,55,446
2011-05-16,19,267,36,303
2011-05-16,20,166,31,197
2011-05-16,21,147,28,175
2011-05-16,22,104,22,126
2011-05-16,23,38,18,56
2011-05-17,0,18,13,31
2011-05-17,1,6,7,13
2011-05-17,2,4,4,8
2011-05-17,3,3,1,4
2011-05-17,4,2,2,4
2011-05-17,5,22,0,22
2011-05-17,6,49,0,49
2011-05-17,7,135,13,148
2011-05-17,8,321,22,343
2011-05-17,9,185,17,202
2011-05-17,10,72,31,103
2011-05-17,11,103,26,129
2011-05-17,12,112,38,150
2011-05-17,13,138,31,169
2011-05-17,14,123,61,184
2011-05-17,15,128,79,207
2011-05-17,16,213,73,286
2011-05-17,17,514,83,597
2011-05-17,18,421,54,475
2011-05-17,19,292,51,343
2011-05-17,20,245,30,275
2011-05-17,21,148,23,171
2011-05-17,22,86,12,98
2011-05-17,23,49,7,56
2011-05-18,0,15,8,23
2011-05-18,1,9,3,12
2011-05-18,2,5,1,6
2011-05-18,3,3,6,9
2011-05-18,4,2,1,3
2011-05-18,5,9,0,9
2011-05-18,6,98,2,100
2011-05-18,7,257,14,271
2011-05-18,8,423,25,448
2011-05-18,9,175,26,201
2011-05-18,10,72,33,105
2011-05-18,11,17,6,23
2011-05-18,12,41,12,53
2011-05-18,13,87,30,117
2011-05-18,14,92,44,136
2011-05-18,15,130,34,164
2011-05-18,16,238,53,291
2011-05-18,17,484,77,561
2011-05-18,18,427,58,485
2011-05-18,19,283,43,326
2011-05-18,20,186,24,210
2011-05-18,21,73,11,84
2011-05-18,22,102,14,116
2011-05-18,23,49,10,59
2011-05-19,0,22,6,28
2011-05-19,1,4,2,6
2011-05-19,2,12,3,15
2011-05-19,3,3,1,4
2011-05-19,4,3,2,5
2011-05-19,5,24,2,26
2011-05-19,6,86,17,103
2011-05-19,7,236,18,254
2011-05-19,8,448,34,482
2011-05-19,9,171,40,211
2011-05-19,10,91,35,126
2011-05-19,11,109,53,162
2011-05-19,12,127,38,165
2011-05-19,13,135,44,179
2011-05-19,14,136,43,179
2011-05-19,15,124,63,187
2011-05-19,16,243,55,298
2011-05-19,17,479,60,539
2011-05-19,18,446,59,505
2011-05-19,19,337,65,402
2011-05-19,20,233,46,279
2011-05-19,21,173,28,201
2011-05-19,22,67,11,78
2011-05-19,23,60,9,69
2011-05-20,0,33,15,48
2011-05-20,1,14,8,22
2011-05-20,2,4,4,8
2011-05-20,3,4,1,5
2011-05-20,4,4,1,5
2011-05-20,5,27,0,27
2011-05-20,6,98,15,113
2011-05-20,7,282,30,312
2011-05-20,8,467,40,507
2011-05-20,9,196,35,231
2011-05-20,10,102,44,146
2011-05-20,11,130,62,192
2011-05-20,12,182,69,251
2011-05-20,13,168,60,228
2011-05-20,14,131,66,197
2011-05-20,15,167,74,241
2011-05-20,16,268,61,329
2011-05-20,17,473,71,544
2011-05-20,18,391,79,470
2011-05-20,19,250,49,299
2011-05-20,20,172,40,212
2011-05-20,21,153,40,193
2011-05-20,22,122,28,150
2011-05-20,23,99,15,114
2011-05-21,0,77,20,97
2011-05-21,1,64,8,72
2011-05-21,2,34,4,38
2011-05-21,3,12,7,19
2011-05-21,4,6,0,6
2011-05-21,5,4,1,5
2011-05-21,6,22,6,28
2011-05-21,7,33,10,43
2011-05-21,8,95,27,122
2011-05-21,9,160,60,220
2011-05-21,10,199,122,321
2011-05-21,11,239,173,412
2011-05-21,12,268,222,490
2011-05-21,13,262,191,453
2011-05-21,14,259,187,446
2011-05-21,15,272,232,504
2011-05-21,16,262,204,466
2011-05-21,17,249,191,440
2011-05-21,18,245,191,436
2011-05-21,19,184,117,301
2011-05-21,20,160,84,244
2011-05-21,21,146,77,223
2011-05-21,22,123,78,201
2011-05-21,23,102,42,144
2011-05-22,0,96,31,127
2011-05-22,1,81,17,98
2011-05-22,2,50,18,68
2011-05-22,3,23,10,33
2011-05-22,4,9,3,12
2011-05-22,5,5,1,6
2011-05-22,6,13,5,18
2011-05-22,7,27,13,40
2011-05-22,8,64,29,93
2011-05-22,9,125,59,184
2011-05-22,10,166,135,301
2011-05-22,11,206,164,370
2011-05-22,12,252,146,398
2011-05-22,13,267,180,447
2011-05-22,14,184,125,309
2011-05-22,15,218,110,328
2011-05-22,16,194,72,266
2011-05-22,17,207,93,300
2011-05-22,18,235,120,355
2011-05-22,19,191,107,298
2011-05-22,20,170,57,227
2011-05-22,21,107,27,134
2011-05-22,22,85,35,120
2011-05-22,23,45,19,64
2011-05-23,0,15,23,38
2011-05-23,1,5,4,9
2011-05-23,2,3,2,5
2011-05-23,3,4,0,4
2011-05-23,4,2,2,4
2011-05-23,5,11,0,11
2011-05-23,6,92,4,96
2011-05-23,7,220,13,233
2011-05-23,8,357,50,407
2011-05-23,9,129,36,165
2011-05-23,10,70,49,119
2011-05-23,11,107,72,179
2011-05-23,12,137,65,202
2011-05-23,13,153,48,201
2011-05-23,14,128,57,185
2011-05-23,15,109,57,166
2011-05-23,16,221,56,277
2011-05-23,17,373,56,429
2011-05-23,18,376,68,444
2011-05-23,19,302,56,358
2011-05-23,20,263,39,302
2011-05-23,21,154,33,187
2011-05-23,22,106,25,131
2011-05-23,23,53,19,72
2011-05-24,0,21,12,33
2011-05-24,1,9,6,15
2011-05-24,2,8,2,10
2011-05-24,3,2,0,2
2011-05-24,4,3,1,4
2011-05-24,5,22,2,24
2011-05-24,6,101,10,111
2011-05-24,7,284,26,310
2011-05-24,8,396,31,427
2011-05-24,9,111,27,138
2011-05-24,10,79,18,97
2011-05-24,11,137,33,170
2011-05-24,12,127,41,168
2011-05-24,13,149,38,187
2011-05-24,14,123,27,150
2011-05-24,15,128,59,187
2011-05-24,16,221,52,273
2011-05-24,17,484,56,540
2011-05-24,18,486,74,560
2011-05-24,19,309,45,354
2011-05-24,20,236,39,275
2011-05-24,21,161,21,182
2011-05-24,22,113,26,139
2011-05-24,23,53,13,66
2011-05-25,0,32,3,35
2011-05-25,1,2,6,8
2011-05-25,2,8,0,8
2011-05-25,3,9,0,9
2011-05-25,4,3,0,3
2011-05-25,5,23,2,25
2011-05-25,6,113,4,117
2011-05-25,7,282,29,311
2011-05-25,8,490,36,526
2011-05-25,9,204,27,231
2011-05-25,10,103,30,133
2011-05-25,11,104,36,140
2011-05-25,12,172,32,204
2011-05-25,13,162,39,201
2011-05-25,14,121,47,168
2011-05-25,15,142,37,179
2011-05-25,16,234,61,295
2011-05-25,17,517,77,594
2011-05-25,18,444,66,510
2011-05-25,19,327,72,399
2011-05-25,20,280,56,336
2011-05-25,21,200,33,233
2011-05-25,22,132,34,166
2011-05-25,23,74,12,86
2011-05-26,0,33,11,44
2011-05-26,1,13,3,16
2011-05-26,2,7,7,14
2011-05-26,3,4,0,4
2011-05-26,4,2,0,2
2011-05-26,5,25,2,27
2011-05-26,6,94,4,98
2011-05-26,7,265,16,281
2011-05-26,8,452,31,483
2011-05-26,9,193,22,215
2011-05-26,10,92,49,141
2011-05-26,11,121,36,157
2011-05-26,12,138,53,191
2011-05-26,13,144,52,196
2011-05-26,14,145,44,189
2011-05-26,15,101,40,141
2011-05-26,16,231,58,289
2011-05-26,17,445,49,494
2011-05-26,18,396,74,470
2011-05-26,19,308,67,375
2011-05-26,20,261,55,316
2011-05-26,21,177,44,221
2011-05-26,22,156,23,179
2011-05-26,23,71,17,88
2011-05-27,0,55,14,69
2011-05-27,1,36,14,50
2011-05-27,2,12,6,18
2011-05-27,3,11,1,12
2011-05-27,4,5,2,7
2011-05-27,5,28,2,30
2011-05-27,6,72,8,80
2011-05-27,7,227,19,246
2011-05-27,8,390,25,415
2011-05-27,9,189,37,226
2011-05-27,10,108,42,150
2011-05-27,11,125,40,165
2011-05-27,12,186,53,239
2011-05-27,13,157,51,208
2011-05-27,14,183,51,234
2011-05-27,15,255,97,352
2011-05-27,16,352,63,415
2011-05-27,17,409,77,486
2011-05-27,18,304,89,393
2011-05-27,19,205,69,274
2011-05-27,20,120,24,144
2011-05-27,21,112,37,149
2011-05-27,22,110,25,135
2011-05-27,23,102,23,125
2011-05-28,0,75,15,90
2011-05-28,1,46,8,54
2011-05-28,2,35,13,48
2011-05-28,3,13,2,15
2011-05-28,4,3,0,3
2011-05-28,5,3,4,7
2011-05-28,6,15,3,18
2011-05-28,7,31,17,48
2011-05-28,8,74,27,101
2011-05-28,9,114,61,175
2011-05-28,10,164,109,273
2011-05-28,11,173,171,344
2011-05-28,12,207,145,352
2011-05-28,13,212,168,380
2011-05-28,14,206,172,378
2011-05-28,15,184,187,371
2011-05-28,16,197,201,398
2011-05-28,17,156,180,336
2011-05-28,18,206,173,379
2011-05-28,19,152,99,251
2011-05-28,20,127,68,195
2011-05-28,21,111,87,198
2011-05-28,22,113,46,159
2011-05-28,23,76,44,120
2011-05-29,0,51,32,83
2011-05-29,1,48,17,65
2011-05-29,2,47,12,59
2011-05-29,3,24,2,26
2011-05-29,4,10,13,23
2011-05-29,5,3,3,6
2011-05-29,6,10,5,15
2011-05-29,7,17,13,30
2011-05-29,8,61,34,95
2011-05-29,9,76,74,150
2011-05-29,10,118,128,246
2011-05-29,11,175,139,314
2011-05-29,12,185,216,401
2011-05-29,13,177,236,413
2011-05-29,14,166,184,350
2011-05-29,15,151,221,372
2011-05-29,16,164,194,358
2011-05-29,17,164,214,378
2011-05-29,18,177,150,327
2011-05-29,19,144,141,285
2011-05-29,20,128,91,219
2011-05-29,21,117,107,224
2011-05-29,22,91,78,169
2011-05-29,23,87,48,135
2011-05-30,0,62,38,100
2011-05-30,1,52,26,78
2011-05-30,2,28,17,45
2011-05-30,3,8,10,18
2011-05-30,4,4,2,6
2011-05-30,5,6,1,7
2011-05-30,6,10,6,16
2011-05-30,7,19,12,31
2011-05-30,8,58,36,94
2011-05-30,9,78,46,124
2011-05-30,10,148,116,264
2011-05-30,11,167,153,320
2011-05-30,12,182,179,361
2011-05-30,13,216,133,349
2011-05-30,14,178,142,320
2011-05-30,15,175,132,307
2011-05-30,16,203,101,304
2011-05-30,17,197,102,299
2011-05-30,18,169,77,246
2011-05-30,19,157,68,225
2011-05-30,20,164,69,233
2011-05-30,21,105,42,147
2011-05-30,22,79,26,105
2011-05-30,23,34,14,48
2011-05-31,0,20,9,29
2011-05-31,1,9,8,17
2011-05-31,2,7,5,12
2011-05-31,3,3,1,4
2011-05-31,4,3,0,3
2011-05-31,5,26,0,26
2011-05-31,6,98,11,109
2011-05-31,7,216,16,232
2011-05-31,8,368,33,401
2011-05-31,9,148,22,170
2011-05-31,10,69,37,106
2011-05-31,11,77,28,105
2011-05-31,12,122,37,159
2011-05-31,13,107,37,144
2011-05-31,14,97,40,137
2011-05-31,15,131,42,173
2011-05-31,16,204,44,248
2011-05-31,17,425,67,492
2011-05-31,18,358,55,413
2011-05-31,19,245,39,284
2011-05-31,20,212,38,250
2011-05-31,21,165,45,210
2011-05-31,22,114,42,156
2011-05-31,23,45,15,60
2011-06-01,0,25,9,34
2011-06-01,1,9,8,17
2011-06-01,2,3,0,3
2011-06-01,3,6,0,6
2011-06-01,4,4,0,4
2011-06-01,5,19,2,21
2011-06-01,6,120,7,127
2011-06-01,7,265,18,283
2011-06-01,8,414,37,451
2011-06-01,9,169,34,203
2011-06-01,10,83,31,114
2011-06-01,11,86,26,112
2011-06-01,12,134,32,166
2011-06-01,13,122,29,151
2011-06-01,14,105,40,145
2011-06-01,15,125,25,150
2011-06-01,16,225,39,264
2011-06-01,17,429,52,481
2011-06-01,18,272,31,303
2011-06-01,19,244,16,260
2011-06-01,20,232,23,255
2011-06-01,21,157,29,186
2011-06-01,22,115,14,129
2011-06-01,23,56,10,66
2011-06-02,0,31,11,42
2011-06-02,1,12,3,15
2011-06-02,2,6,0,6
2011-06-02,3,4,0,4
2011-06-02,4,3,0,3
2011-06-02,5,28,3,31
2011-06-02,6,106,7,113
2011-06-02,7,282,19,301
2011-06-02,8,437,25,462
2011-06-02,9,196,28,224
2011-06-02,10,103,33,136
2011-06-02,11,123,42,165
2011-06-02,12,190,39,229
2011-06-02,13,166,35,201
2011-06-02,14,140,43,183
2011-06-02,15,143,44,187
2011-06-02,16,252,63,315
2011-06-02,17,483,88,571
2011-06-02,18,444,74,518
2011-06-02,19,317,58,375
2011-06-02,20,279,51,330
2011-06-02,21,210,33,243
2011-06-02,22,138,14,152
2011-06-02,23,83,23,106
2011-06-03,0,52,15,67
2011-06-03,1,16,7,23
2011-06-03,2,12,0,12
2011-06-03,3,4,0,4
2011-06-03,4,5,1,6
2011-06-03,5,24,4,28
2011-06-03,6,98,8,106
2011-06-03,7,246,24,270
2011-06-03,8,463,32,495
2011-06-03,9,193,36,229
2011-06-03,10,106,54,160
2011-06-03,11,134,57,191
2011-06-03,12,203,51,254
2011-06-03,13,189,58,247
2011-06-03,14,173,66,239
2011-06-03,15,155,56,211
2011-06-03,16,283,63,346
2011-06-03,17,481,73,554
2011-06-03,18,478,76,554
2011-06-03,19,331,53,384
2011-06-03,20,229,57,286
2011-06-03,21,193,51,244
2011-06-03,22,140,26,166
2011-06-03,23,136,30,166
2011-06-04,0,68,24,92
2011-06-04,1,78,14,92
2011-06-04,2,41,18,59
2011-06-04,3,9,8,17
2011-06-04,4,11,4,15
2011-06-04,5,5,3,8
2011-06-04,6,17,11,28
2011-06-04,7,57,27,84
2011-06-04,8,94,29,123
2011-06-04,9,167,55,222
2011-06-04,10,197,115,312
2011-06-04,11,246,119,365
2011-06-04,12,268,149,417
2011-06-04,13,255,187,442
2011-06-04,14,253,193,446
2011-06-04,15,216,179,395
2011-06-04,16,261,168,429
2011-06-04,17,201,141,342
2011-06-04,18,206,127,333
2011-06-04,19,201,79,280
2011-06-04,20,144,90,234
2011-06-04,21,133,46,179
2011-06-04,22,137,49,186
2011-06-04,23,119,29,148
2011-06-05,0,89,23,112
2011-06-05,1,69,26,95
2011-06-05,2,47,16,63
2011-06-05,3,25,22,47
2011-06-05,4,8,4,12
2011-06-05,5,5,1,6
2011-06-05,6,11,10,21
2011-06-05,7,19,8,27
2011-06-05,8,74,24,98
2011-06-05,9,110,53,163
2011-06-05,10,165,83,248
2011-06-05,11,212,121,333
2011-06-05,12,206,123,329
2011-06-05,13,206,154,360
2011-06-05,14,221,161,382
2011-06-05,15,253,160,413
2011-06-05,16,254,138,392
2011-06-05,17,261,126,387
2011-06-05,18,233,124,357
2011-06-05,19,246,108,354
2011-06-05,20,195,84,279
2011-06-05,21,111,54,165
2011-06-05,22,94,36,130
2011-06-05,23,61,25,86
2011-06-06,0,18,11,29
2011-06-06,1,5,9,14
2011-06-06,2,4,4,8
2011-06-06,3,3,2,5
2011-06-06,4,4,4,8
2011-06-06,5,24,7,31
2011-06-06,6,98,11,109
2011-06-06,7,278,18,296
2011-06-06,8,400,28,428
2011-06-06,9,157,26,183
2011-06-06,10,64,31,95
2011-06-06,11,69,39,108
2011-06-06,12,128,25,153
2011-06-06,13,150,28,178
2011-06-06,14,99,46,145
2011-06-06,15,126,38,164
2011-06-06,16,227,33,260
2011-06-06,17,512,61,573
2011-06-06,18,494,56,550
2011-06-06,19,335,64,399
2011-06-06,20,276,59,335
2011-06-06,21,157,29,186
2011-06-06,22,135,36,171
2011-06-06,23,55,5,60
2011-06-07,0,15,5,20
2011-06-07,1,2,2,4
2011-06-07,2,2,3,5
2011-06-07,3,1,1,2
2011-06-07,4,3,2,5
2011-06-07,5,30,2,32
2011-06-07,6,116,9,125
2011-06-07,7,301,23,324
2011-06-07,8,430,45,475
2011-06-07,9,189,27,216
2011-06-07,10,86,37,123
2011-06-07,11,111,38,149
2011-06-07,12,136,42,178
2011-06-07,13,139,54,193
2011-06-07,14,111,34,145
2011-06-07,15,124,56,180
2011-06-07,16,252,55,307
2011-06-07,17,473,64,537
2011-06-07,18,473,71,544
2011-06-07,19,351,69,420
2011-06-07,20,297,45,342
2011-06-07,21,183,31,214
2011-06-07,22,126,27,153
2011-06-07,23,72,18,90
2011-06-08,0,29,12,41
2011-06-08,1,19,3,22
2011-06-08,2,6,0,6
2011-06-08,3,1,2,3
2011-06-08,4,6,0,6
2011-06-08,5,21,0,21
2011-06-08,6,102,13,115
2011-06-08,7,322,24,346
2011-06-08,8,434,46,480
2011-06-08,9,165,34,199
2011-06-08,10,63,27,90
2011-06-08,11,105,28,133
2011-06-08,12,131,15,146
2011-06-08,13,115,20,135
2011-06-08,14,110,44,154
2011-06-08,15,98,28,126
2011-06-08,16,199,34,233
2011-06-08,17,423,79,502
2011-06-08,18,394,61,455
2011-06-08,19,320,61,381
2011-06-08,20,224,55,279
2011-06-08,21,163,34,197
2011-06-08,22,137,37,174
2011-06-08,23,96,18,114
2011-06-09,0,40,7,47
2011-06-09,1,13,3,16
2011-06-09,2,6,0,6
2011-06-09,3,2,0,2
2011-06-09,4,4,2,6
2011-06-09,5,19,1,20
2011-06-09,6,104,13,117
2011-06-09,7,280,31,311
2011-06-09,8,399,32,431
2011-06-09,9,147,20,167
2011-06-09,10,72,20,92
2011-06-09,11,81,36,117
2011-06-09,12,101,40,141
2011-06-09,13,118,18,136
2011-06-09,14,93,26,119
2011-06-09,15,86,18,104
2011-06-09,16,169,30,199
2011-06-09,17,352,54,406
2011-06-09,18,411,51,462
2011-06-09,19,269,55,324
2011-06-09,20,212,40,252
2011-06-09,21,139,29,168
2011-06-09,22,129,22,151
2011-06-09,23,80,15,95
2011-06-10,0,61,8,69
2011-06-10,1,18,5,23
2011-06-10,2,7,6,13
2011-06-10,3,3,3,6
2011-06-10,4,3,0,3
2011-06-10,5,28,0,28
2011-06-10,6,93,10,103
2011-06-10,7,237,25,262
2011-06-10,8,421,29,450
2011-06-10,9,173,37,210
2011-06-10,10,87,23,110
2011-06-10,11,106,46,152
2011-06-10,12,165,40,205
2011-06-10,13,147,40,187
2011-06-10,14,119,44,163
2011-06-10,15,162,49,211
2011-06-10,16,238,46,284
2011-06-10,17,448,62,510
2011-06-10,18,364,96,460
2011-06-10,19,245,61,306
2011-06-10,20,192,53,245
2011-06-10,21,163,55,218
2011-06-10,22,141,40,181
2011-06-10,23,105,36,141
2011-06-11,0,85,28,113
2011-06-11,1,67,10,77
2011-06-11,2,49,10,59
2011-06-11,3,18,10,28
2011-06-11,4,9,4,13
2011-06-11,5,11,4,15
2011-06-11,6,31,9,40
2011-06-11,7,50,18,68
2011-06-11,8,108,32,140
2011-06-11,9,169,59,228
2011-06-11,10,170,91,261
2011-06-11,11,213,109,322
2011-06-11,12,229,112,341
2011-06-11,13,236,150,386
2011-06-11,14,224,148,372
2011-06-11,15,227,141,368
2011-06-11,16,222,169,391
2011-06-11,17,186,148,334
2011-06-11,18,149,131,280
2011-06-11,19,167,97,264
2011-06-11,20,171,95,266
2011-06-11,21,142,76,218
2011-06-11,22,136,53,189
2011-06-11,23,105,24,129
2011-06-12,0,98,19,117
2011-06-12,1,75,19,94
2011-06-12,2,56,9,65
2011-06-12,3,20,8,28
2011-06-12,4,6,8,14
2011-06-12,5,5,5,10
2011-06-12,6,9,5,14
2011-06-12,7,27,7,34
2011-06-12,8,64,28,92
2011-06-12,9,107,75,182
2011-06-12,10,191,120,311
2011-06-12,11,231,131,362
2011-06-12,12,238,176,414
2011-06-12,13,256,109,365
2011-06-12,14,215,96,311
2011-06-12,15,211,142,353
2011-06-12,16,232,115,347
2011-06-12,17,154,94,248
2011-06-12,18,182,69,251
2011-06-12,19,154,67,221
2011-06-12,20,144,62,206
2011-06-12,21,100,39,139
2011-06-12,22,92,31,123
2011-06-12,23,73,33,106
2011-06-13,0,18,8,26
2011-06-13,1,10,6,16
2011-06-13,2,8,2,10
2011-06-13,3,6,1,7
2011-06-13,4,3,1,4
2011-06-13,5,27,2,29
2011-06-13,6,98,7,105
2011-06-13,7,300,26,326
2011-06-13,8,427,44,471
2011-06-13,9,187,35,222
2011-06-13,10,77,38,115
2011-06-13,11,104,53,157
2011-06-13,12,160,35,195
2011-06-13,13,172,53,225
2011-06-13,14,145,55,200
2011-06-13,15,118,58,176
2011-06-13,16,261,64,325
2011-06-13,17,523,72,595
2011-06-13,18,505,76,581
2011-06-13,19,343,75,418
2011-06-13,20,252,78,330
2011-06-13,21,178,40,218
2011-06-13,22,110,20,130
2011-06-13,23,74,14,88
2011-06-14,0,18,13,31
2011-06-14,1,9,3,12
2011-06-14,2,8,2,10
2011-06-14,3,1,1,2
2011-06-14,4,3,0,3
2011-06-14,5,22,3,25
2011-06-14,6,106,6,112
2011-06-14,7,341,19,360
2011-06-14,8,431,45,476
2011-06-14,9,171,19,190
2011-06-14,10,97,33,130
2011-06-14,11,103,40,143
2011-06-14,12,137,29,166
2011-06-14,13,173,33,206
2011-06-14,14,118,41,159
2011-06-14,15,135,42,177
2011-06-14,16,276,51,327
2011-06-14,17,482,85,567
2011-06-14,18,466,65,531
2011-06-14,19,330,51,381
2011-06-14,20,230,60,290
2011-06-14,21,200,37,237
2011-06-14,22,157,29,186
2011-06-14,23,89,19,108
2011-06-15,0,43,8,51
2011-06-15,1,14,0,14
2011-06-15,2,9,0,9
2011-06-15,3,1,0,1
2011-06-15,4,4,0,4
2011-06-15,5,20,1,21
2011-06-15,6,109,11,120
2011-06-15,7,335,22,357
2011-06-15,8,441,53,494
2011-06-15,9,183,22,205
2011-06-15,10,108,27,135
2011-06-15,11,114,49,163
2011-06-15,12,175,33,208
2011-06-15,13,146,43,189
2011-06-15,14,125,50,175
2011-06-15,15,131,33,164
2011-06-15,16,262,47,309
2011-06-15,17,550,83,633
2011-06-15,18,521,80,601
2011-06-15,19,359,54,413
2011-06-15,20,269,57,326
2011-06-15,21,203,48,251
2011-06-15,22,144,31,175
2011-06-15,23,88,17,105
2011-06-16,0,37,9,46
2011-06-16,1,13,4,17
2011-06-16,2,4,1,5
2011-06-16,3,4,0,4
2011-06-16,4,6,0,6
2011-06-16,5,18,7,25
2011-06-16,6,104,8,112
2011-06-16,7,167,16,183
2011-06-16,8,361,24,385
2011-06-16,9,231,29,260
2011-06-16,10,101,18,119
2011-06-16,11,117,33,150
2011-06-16,12,163,41,204
2011-06-16,13,112,37,149
2011-06-16,14,114,39,153
2011-06-16,15,126,32,158
2011-06-16,16,254,35,289
2011-06-16,17,228,42,270
2011-06-16,18,296,26,322
2011-06-16,19,263,58,321
2011-06-16,20,171,25,196
2011-06-16,21,152,34,186
2011-06-16,22,125,24,149
2011-06-16,23,14,2,16
2011-06-17,0,21,3,24
2011-06-17,1,18,4,22
2011-06-17,2,11,2,13
2011-06-17,3,5,1,6
2011-06-17,4,5,1,6
2011-06-17,5,11,1,12
2011-06-17,6,87,8,95
2011-06-17,7,221,25,246
2011-06-17,8,422,28,450
2011-06-17,9,196,28,224
2011-06-17,10,124,44,168
2011-06-17,11,136,43,179
2011-06-17,12,192,49,241
2011-06-17,13,153,48,201
2011-06-17,14,140,73,213
2011-06-17,15,179,62,241
2011-06-17,16,281,69,350
2011-06-17,17,462,85,547
2011-06-17,18,383,61,444
2011-06-17,19,259,53,312
2011-06-17,20,188,40,228
2011-06-17,21,155,49,204
2011-06-17,22,124,48,172
2011-06-17,23,137,37,174
2011-06-18,0,82,21,103
2011-06-18,1,78,15,93
2011-06-18,2,37,16,53
2011-06-18,3,16,4,20
2011-06-18,4,4,1,5
2011-06-18,5,5,1,6
2011-06-18,6,18,9,27
2011-06-18,7,44,12,56
2011-06-18,8,103,28,131
2011-06-18,9,155,62,217
2011-06-18,10,175,68,243
2011-06-18,11,268,133,401
2011-06-18,12,251,162,413
2011-06-18,13,188,135,323
2011-06-18,14,190,138,328
2011-06-18,15,209,153,362
2011-06-18,16,270,193,463
2011-06-18,17,235,210,445
2011-06-18,18,253,118,371
2011-06-18,19,223,99,322
2011-06-18,20,126,61,187
2011-06-18,21,123,58,181
2011-06-18,22,102,56,158
2011-06-18,23,93,53,146
2011-06-19,0,66,18,84
2011-06-19,1,57,17,74
2011-06-19,2,55,13,68
2011-06-19,3,16,14,30
2011-06-19,4,9,7,16
2011-06-19,5,11,7,18
2011-06-19,6,22,11,33
2011-06-19,7,36,35,71
2011-06-19,8,57,25,82
2011-06-19,9,108,58,166
2011-06-19,10,157,85,242
2011-06-19,11,232,141,373
2011-06-19,12,250,141,391
2011-06-19,13,211,149,360
2011-06-19,14,189,124,313
2011-06-19,15,212,146,358
2011-06-19,16,253,121,374
2011-06-19,17,235,159,394
2011-06-19,18,213,78,291
2011-06-19,19,209,94,303
2011-06-19,20,143,86,229
2011-06-19,21,107,57,164
2011-06-19,22,113,38,151
2011-06-19,23,77,14,91
2011-06-20,0,18,7,25
2011-06-20,1,3,9,12
2011-06-20,2,0,2,2
2011-06-20,3,0,1,1
2011-06-20,4,2,1,3
2011-06-20,5,2,0,2
2011-06-20,6,25,1,26
2011-06-20,7,46,0,46
2011-06-20,8,206,12,218
2011-06-20,9,199,19,218
2011-06-20,10,58,33,91
2011-06-20,11,64,27,91
2011-06-20,12,128,33,161
2011-06-20,13,128,50,178
2011-06-20,14,128,45,173
2011-06-20,15,137,66,203
2011-06-20,16,235,61,296
2011-06-20,17,479,79,558
2011-06-20,18,472,64,536
2011-06-20,19,367,62,429
2011-06-20,20,258,52,310
2011-06-20,21,163,39,202
2011-06-20,22,105,24,129
2011-06-20,23,47,10,57
2011-06-21,0,23,10,33
2011-06-21,1,12,2,14
2011-06-21,2,5,1,6
2011-06-21,3,2,0,2
2011-06-21,4,7,2,9
2011-06-21,5,22,3,25
2011-06-21,6,105,8,113
2011-06-21,7,286,21,307
2011-06-21,8,364,33,397
2011-06-21,9,240,32,272
2011-06-21,10,118,41,159
2011-06-21,11,116,51,167
2011-06-21,12,145,40,185
2011-06-21,13,152,48,200
2011-06-21,14,106,44,150
2011-06-21,15,128,42,170
2011-06-21,16,269,61,330
2011-06-21,17,501,65,566
2011-06-21,18,463,66,529
2011-06-21,19,347,67,414
2011-06-21,20,253,72,325
2011-06-21,21,186,38,224
2011-06-21,22,96,12,108
2011-06-21,23,53,11,64
2011-06-22,0,16,15,31
2011-06-22,1,18,2,20
2011-06-22,2,5,2,7
2011-06-22,3,7,0,7
2011-06-22,4,8,3,11
2011-06-22,5,21,2,23
2011-06-22,6,107,12,119
2011-06-22,7,283,23,306
2011-06-22,8,394,27,421
2011-06-22,9,199,14,213
2011-06-22,10,101,31,132
2011-06-22,11,106,36,142
2011-06-22,12,142,41,183
2011-06-22,13,108,33,141
2011-06-22,14,112,31,143
2011-06-22,15,114,32,146
2011-06-22,16,221,34,255
2011-06-22,17,459,67,526
2011-06-22,18,445,66,511
2011-06-22,19,275,62,337
2011-06-22,20,226,52,278
2011-06-22,21,212,31,243
2011-06-22,22,123,25,148
2011-06-22,23,88,14,102
2011-06-23,0,41,5,46
2011-06-23,1,24,5,29
2011-06-23,2,4,0,4
2011-06-23,3,4,1,5
2011-06-23,4,7,0,7
2011-06-23,5,22,2,24
2011-06-23,6,91,8,99
2011-06-23,7,296,26,322
2011-06-23,8,409,20,429
2011-06-23,9,192,33,225
2011-06-23,10,81,39,120
2011-06-23,11,105,28,133
2011-06-23,12,128,30,158
2011-06-23,13,148,37,185
2011-06-23,14,103,46,149
2011-06-23,15,124,62,186
2011-06-23,16,217,58,275
2011-06-23,17,488,74,562
2011-06-23,18,474,57,531
2011-06-23,19,339,56,395
2011-06-23,20,274,75,349
2011-06-23,21,183,45,228
2011-06-23,22,137,23,160
2011-06-23,23,88,15,103
2011-06-24,0,50,10,60
2011-06-24,1,20,8,28
2011-06-24,2,8,4,12
2011-06-24,3,4,1,5
2011-06-24,4,8,1,9
2011-06-24,5,18,2,20
2011-06-24,6,86,4,90
2011-06-24,7,246,21,267
2011-06-24,8,432,27,459
2011-06-24,9,199,28,227
2011-06-24,10,99,43,142
2011-06-24,11,145,56,201
2011-06-24,12,149,51,200
2011-06-24,13,175,43,218
2011-06-24,14,162,67,229
2011-06-24,15,144,69,213
2011-06-24,16,246,80,326
2011-06-24,17,464,85,549
2011-06-24,18,358,87,445
2011-06-24,19,287,92,379
2011-06-24,20,220,66,286
2011-06-24,21,182,50,232
2011-06-24,22,124,41,165
2011-06-24,23,135,33,168
2011-06-25,0,94,19,113
2011-06-25,1,75,20,95
2011-06-25,2,48,8,56
2011-06-25,3,21,18,39
2011-06-25,4,4,7,11
2011-06-25,5,6,6,12
2011-06-25,6,17,12,29
2011-06-25,7,35,7,42
2011-06-25,8,85,27,112
2011-06-25,9,135,47,182
2011-06-25,10,200,97,297
2011-06-25,11,206,122,328
2011-06-25,12,242,140,382
2011-06-25,13,230,140,370
2011-06-25,14,225,151,376
2011-06-25,15,230,156,386
2011-06-25,16,230,174,404
2011-06-25,17,237,153,390
2011-06-25,18,189,108,297
2011-06-25,19,245,121,366
2011-06-25,20,193,74,267
2011-06-25,21,137,62,199
2011-06-25,22,121,61,182
2011-06-25,23,128,51,179
2011-06-26,0,82,30,112
2011-06-26,1,72,17,89
2011-06-26,2,70,17,87
2011-06-26,3,22,12,34
2011-06-26,4,8,3,11
2011-06-26,5,9,3,12
2011-06-26,6,13,7,20
2011-06-26,7,25,24,49
2011-06-26,8,77,29,106
2011-06-26,9,129,75,204
2011-06-26,10,191,136,327
2011-06-26,11,216,127,343
2011-06-26,12,265,175,440
2011-06-26,13,240,197,437
2011-06-26,14,241,197,438
2011-06-26,15,224,174,398
2011-06-26,16,271,177,448
2011-06-26,17,240,178,418
2011-06-26,18,258,117,375
2011-06-26,19,225,89,314
2011-06-26,20,152,54,206
2011-06-26,21,134,47,181
2011-06-26,22,95,19,114
2011-06-26,23,64,14,78
2011-06-27,0,25,7,32
2011-06-27,1,11,4,15
2011-06-27,2,3,3,6
2011-06-27,3,2,0,2
2011-06-27,4,8,1,9
2011-06-27,5,20,1,21
2011-06-27,6,88,4,92
2011-06-27,7,246,14,260
2011-06-27,8,411,28,439
2011-06-27,9,146,37,183
2011-06-27,10,95,55,150
2011-06-27,11,94,55,149
2011-06-27,12,129,40,169
2011-06-27,13,120,37,157
2011-06-27,14,100,58,158
2011-06-27,15,124,76,200
2011-06-27,16,221,53,274
2011-06-27,17,510,90,600
2011-06-27,18,506,79,585
2011-06-27,19,333,56,389
2011-06-27,20,249,54,303
2011-06-27,21,185,52,237
2011-06-27,22,111,33,144
2011-06-27,23,65,16,81
2011-06-28,0,23,5,28
2011-06-28,1,8,5,13
2011-06-28,2,9,2,11
2011-06-28,3,2,0,2
2011-06-28,4,7,1,8
2011-06-28,5,20,1,21
2011-06-28,6,116,7,123
2011-06-28,7,316,27,343
2011-06-28,8,414,39,453
2011-06-28,9,204,38,242
2011-06-28,10,108,45,153
2011-06-28,11,111,49,160
2011-06-28,12,159,39,198
2011-06-28,13,154,33,187
2011-06-28,14,115,43,158
2011-06-28,15,123,39,162
2011-06-28,16,215,41,256
2011-06-28,17,500,70,570
2011-06-28,18,432,67,499
2011-06-28,19,253,44,297
2011-06-28,20,243,50,293
2011-06-28,21,159,31,190
2011-06-28,22,103,30,133
2011-06-28,23,57,23,80
2011-06-29,0,25,11,36
2011-06-29,1,18,10,28
2011-06-29,2,9,7,16
2011-06-29,3,3,2,5
2011-06-29,4,5,0,5
2011-06-29,5,19,3,22
2011-06-29,6,104,12,116
2011-06-29,7,314,18,332
2011-06-29,8,491,41,532
2011-06-29,9,185,32,217
2011-06-29,10,91,31,122
2011-06-29,11,111,53,164
2011-06-29,12,188,55,243
2011-06-29,13,185,45,230
2011-06-29,14,136,50,186
2011-06-29,15,145,43,188
2011-06-29,16,265,60,325
2011-06-29,17,487,78,565
2011-06-29,18,496,78,574
2011-06-29,19,336,59,395
2011-06-29,20,259,70,329
2011-06-29,21,188,26,214
2011-06-29,22,150,32,182
2011-06-29,23,97,32,129
2011-06-30,0,38,15,53
2011-06-30,1,19,13,32
2011-06-30,2,6,2,8
2011-06-30,3,7,2,9
2011-06-30,4,4,2,6
2011-06-30,5,24,1,25
2011-06-30,6,117,4,121
2011-06-30,7,287,28,315
2011-06-30,8,505,44,549
2011-06-30,9,224,33,257
2011-06-30,10,95,35,130
2011-06-30,11,120,47,167
2011-06-30,12,179,50,229
2011-06-30,13,158,69,227
2011-06-30,14,117,46,163
2011-06-30,15,173,64,237
2011-06-30,16,259,63,322
2011-06-30,17,495,98,593
2011-06-30,18,467,113,580
2011-06-30,19,363,90,453
2011-06-30,20,281,55,336
2011-06-30,21,237,81,318
2011-06-30,22,158,42,200
2011-06-30,23,99,27,126
2011-07-01,0,48,20,68
2011-07-01,1,16,15,31
2011-07-01,2,7,6,13
2011-07-01,3,6,5,11
2011-07-01,4,5,1,6
2011-07-01,5,27,3,30
2011-07-01,6,97,11,108
2011-07-01,7,213,24,237
2011-07-01,8,448,39,487
2011-07-01,9,200,58,258
2011-07-01,10,107,61,168
2011-07-01,11,144,68,212
2011-07-01,12,175,83,258
2011-07-01,13,206,83,289
2011-07-01,14,221,78,299
2011-07-01,15,295,81,376
2011-07-01,16,341,85,426
2011-07-01,17,356,99,455
2011-07-01,18,317,98,415
2011-07-01,19,234,80,314
2011-07-01,20,183,84,267
2011-07-01,21,145,69,214
2011-07-01,22,167,49,216
2011-07-01,23,94,44,138
2011-07-02,0,83,31,114
2011-07-02,1,57,20,77
2011-07-02,2,42,9,51
2011-07-02,3,20,5,25
2011-07-02,4,7,3,10
2011-07-02,5,13,1,14
2011-07-02,6,20,11,31
2011-07-02,7,33,10,43
2011-07-02,8,90,38,128
2011-07-02,9,123,55,178
2011-07-02,10,166,103,269
2011-07-02,11,210,144,354
2011-07-02,12,224,142,366
2011-07-02,13,223,177,400
2011-07-02,14,213,178,391
2011-07-02,15,161,168,329
2011-07-02,16,184,206,390
2011-07-02,17,163,179,342
2011-07-02,18,184,193,377
2011-07-02,19,149,156,305
2011-07-02,20,142,136,278
2011-07-02,21,133,95,228
2011-07-02,22,121,78,199
2011-07-02,23,87,66,153
2011-07-03,0,94,47,141
2011-07-03,1,56,23,79
2011-07-03,2,45,19,64
2011-07-03,3,25,8,33
2011-07-03,4,2,3,5
2011-07-03,5,1,0,1
2011-07-03,6,3,0,3
2011-07-03,7,22,3,25
2011-07-03,8,52,39,91
2011-07-03,9,98,82,180
2011-07-03,10,131,131,262
2011-07-03,11,170,215,385
2011-07-03,12,205,198,403
2011-07-03,13,169,248,417
2011-07-03,14,149,223,372
2011-07-03,15,174,194,368
2011-07-03,16,208,195,403
2011-07-03,17,171,181,352
2011-07-03,18,105,74,179
2011-07-03,19,82,100,182
2011-07-03,20,93,82,175
2011-07-03,21,91,75,166
2011-07-03,22,91,69,160
2011-07-03,23,75,70,145
2011-07-04,0,75,63,138
2011-07-04,1,74,43,117
2011-07-04,2,29,33,62
2011-07-04,3,13,13,26
2011-07-04,4,4,8,12
2011-07-04,5,3,1,4
2011-07-04,6,11,5,16
2011-07-04,7,18,17,35
2011-07-04,8,44,42,86
2011-07-04,9,96,142,238
2011-07-04,10,111,166,277
2011-07-04,11,169,177,346
2011-07-04,12,208,236,444
2011-07-04,13,177,243,420
2011-07-04,14,168,235,403
2011-07-04,15,180,222,402
2011-07-04,16,211,236,447
2011-07-04,17,190,240,430
2011-07-04,18,191,222,413
2011-07-04,19,200,170,370
2011-07-04,20,189,195,384
2011-07-04,21,254,191,445
2011-07-04,22,208,116,324
2011-07-04,23,92,44,136
2011-07-05,0,36,19,55
2011-07-05,1,21,15,36
2011-07-05,2,5,8,13
2011-07-05,3,7,1,8
2011-07-05,4,4,1,5
2011-07-05,5,19,1,20
2011-07-05,6,89,3,92
2011-07-05,7,245,22,267
2011-07-05,8,385,41,426
2011-07-05,9,175,50,225
2011-07-05,10,84,55,139
2011-07-05,11,97,75,172
2011-07-05,12,129,71,200
2011-07-05,13,133,67,200
2011-07-05,14,107,66,173
2011-07-05,15,108,51,159
2011-07-05,16,201,78,279
2011-07-05,17,466,79,545
2011-07-05,18,419,70,489
2011-07-05,19,291,71,362
2011-07-05,20,223,59,282
2011-07-05,21,164,77,241
2011-07-05,22,122,31,153
2011-07-05,23,54,19,73
2011-07-06,0,26,11,37
2011-07-06,1,11,4,15
2011-07-06,2,4,1,5
2011-07-06,3,5,0,5
2011-07-06,4,6,0,6
2011-07-06,5,30,5,35
2011-07-06,6,110,9,119
2011-07-06,7,284,24,308
2011-07-06,8,390,30,420
2011-07-06,9,155,31,186
2011-07-06,10,29,13,42
2011-07-06,11,103,24,127
2011-07-06,12,112,38,150
2011-07-06,13,105,33,138
2011-07-06,14,111,50,161
2011-07-06,15,127,55,182
2011-07-06,16,217,57,274
2011-07-06,17,511,79,590
2011-07-06,18,482,77,559
2011-07-06,19,313,71,384
2011-07-06,20,252,55,307
2011-07-06,21,172,66,238
2011-07-06,22,154,30,184
2011-07-06,23,77,20,97
2011-07-07,0,29,6,35
2011-07-07,1,14,2,16
2011-07-07,2,7,1,8
2011-07-07,3,2,2,4
2011-07-07,4,4,0,4
2011-07-07,5,30,2,32
2011-07-07,6,104,11,115
2011-07-07,7,266,13,279
2011-07-07,8,408,28,436
2011-07-07,9,150,25,175
2011-07-07,10,68,29,97
2011-07-07,11,105,29,134
2011-07-07,12,135,33,168
2011-07-07,13,105,48,153
2011-07-07,14,120,39,159
2011-07-07,15,118,47,165
2011-07-07,16,215,47,262
2011-07-07,17,479,80,559
2011-07-07,18,483,70,553
2011-07-07,19,281,79,360
2011-07-07,20,219,61,280
2011-07-07,21,169,39,208
2011-07-07,22,147,32,179
2011-07-07,23,95,31,126
2011-07-08,0,41,6,47
2011-07-08,1,25,9,34
2011-07-08,2,12,10,22
2011-07-08,3,4,2,6
2011-07-08,4,4,7,11
2011-07-08,5,24,3,27
2011-07-08,6,91,11,102
2011-07-08,7,293,30,323
2011-07-08,8,415,36,451
2011-07-08,9,208,30,238
2011-07-08,10,106,30,136
2011-07-08,11,103,61,164
2011-07-08,12,155,49,204
2011-07-08,13,174,53,227
2011-07-08,14,162,53,215
2011-07-08,15,100,39,139
2011-07-08,16,103,27,130
2011-07-08,17,161,6,167
2011-07-08,18,278,35,313
2011-07-08,19,222,44,266
2011-07-08,20,213,29,242
2011-07-08,21,157,46,203
2011-07-08,22,131,33,164
2011-07-08,23,108,40,148
2011-07-09,0,89,31,120
2011-07-09,1,47,5,52
2011-07-09,2,43,12,55
2011-07-09,3,23,7,30
2011-07-09,4,3,2,5
2011-07-09,5,11,4,15
2011-07-09,6,27,11,38
2011-07-09,7,50,21,71
2011-07-09,8,110,68,178
2011-07-09,9,166,77,243
2011-07-09,10,173,87,260
2011-07-09,11,186,101,287
2011-07-09,12,219,145,364
2011-07-09,13,242,167,409
2011-07-09,14,208,158,366
2011-07-09,15,210,182,392
2011-07-09,16,240,171,411
2011-07-09,17,239,160,399
2011-07-09,18,244,131,375
2011-07-09,19,177,128,305
2011-07-09,20,181,129,310
2011-07-09,21,151,83,234
2011-07-09,22,149,60,209
2011-07-09,23,93,47,140
2011-07-10,0,112,42,154
2011-07-10,1,94,19,113
2011-07-10,2,67,28,95
2011-07-10,3,19,6,25
2011-07-10,4,5,0,5
2011-07-10,5,10,7,17
2011-07-10,6,17,8,25
2011-07-10,7,36,27,63
2011-07-10,8,64,27,91
2011-07-10,9,106,62,168
2011-07-10,10,169,95,264
2011-07-10,11,172,112,284
2011-07-10,12,241,133,374
2011-07-10,13,225,139,364
2011-07-10,14,225,121,346
2011-07-10,15,214,142,356
2011-07-10,16,241,128,369
2011-07-10,17,213,145,358
2011-07-10,18,219,142,361
2011-07-10,19,179,120,299
2011-07-10,20,163,101,264
2011-07-10,21,157,65,222
2011-07-10,22,84,56,140
2011-07-10,23,51,19,70
2011-07-11,0,24,10,34
2011-07-11,1,5,5,10
2011-07-11,2,4,8,12
2011-07-11,3,8,2,10
2011-07-11,4,4,0,4
2011-07-11,5,20,5,25
2011-07-11,6,101,19,120
2011-07-11,7,286,28,314
2011-07-11,8,378,35,413
2011-07-11,9,165,40,205
2011-07-11,10,73,44,117
2011-07-11,11,89,39,128
2011-07-11,12,108,40,148
2011-07-11,13,119,22,141
2011-07-11,14,90,40,130
2011-07-11,15,107,38,145
2011-07-11,16,180,57,237
2011-07-11,17,453,58,511
2011-07-11,18,409,57,466
2011-07-11,19,289,79,368
2011-07-11,20,188,42,230
2011-07-11,21,108,21,129
2011-07-11,22,69,20,89
2011-07-11,23,43,11,54
2011-07-12,0,19,3,22
2011-07-12,1,8,6,14
2011-07-12,2,7,2,9
2011-07-12,3,6,2,8
2011-07-12,4,6,0,6
2011-07-12,5,21,4,25
2011-07-12,6,100,13,113
2011-07-12,7,299,29,328
2011-07-12,8,375,35,410
2011-07-12,9,147,27,174
2011-07-12,10,85,38,123
2011-07-12,11,85,39,124
2011-07-12,12,123,38,161
2011-07-12,13,101,32,133
2011-07-12,14,89,33,122
2011-07-12,15,107,37,144
2011-07-12,16,176,24,200
2011-07-12,17,379,48,427
2011-07-12,18,467,39,506
2011-07-12,19,290,42,332
2011-07-12,20,248,57,305
2011-07-12,21,205,49,254
2011-07-12,22,147,44,191
2011-07-12,23,56,20,76
2011-07-13,0,37,9,46
2011-07-13,1,11,1,12
2011-07-13,2,3,2,5
2011-07-13,3,4,0,4
2011-07-13,4,5,0,5
2011-07-13,5,22,4,26
2011-07-13,6,100,18,118
2011-07-13,7,279,32,311
2011-07-13,8,410,31,441
2011-07-13,9,159,23,182
2011-07-13,10,76,33,109
2011-07-13,11,107,55,162
2011-07-13,12,132,40,172
2011-07-13,13,116,38,154
2011-07-13,14,86,27,113
2011-07-13,15,31,12,43
2011-07-13,16,118,23,141
2011-07-13,17,417,70,487
2011-07-13,18,406,51,457
2011-07-13,19,336,79,415
2011-07-13,20,278,61,339
2011-07-13,21,194,55,249
2011-07-13,22,135,48,183
2011-07-13,23,82,33,115
2011-07-14,0,32,14,46
2011-07-14,1,21,4,25
2011-07-14,2,7,3,10
2011-07-14,3,5,1,6
2011-07-14,4,6,0,6
2011-07-14,5,22,6,28
2011-07-14,6,114,14,128
2011-07-14,7,306,23,329
2011-07-14,8,427,53,480
2011-07-14,9,184,29,213
2011-07-14,10,93,32,125
2011-07-14,11,108,38,146
2011-07-14,12,169,51,220
2011-07-14,13,136,39,175
2011-07-14,14,126,49,175
2011-07-14,15,136,42,178
2011-07-14,16,231,43,274
2011-07-14,17,514,78,592
2011-07-14,18,476,94,570
2011-07-14,19,324,67,391
2011-07-14,20,262,80,342
2011-07-14,21,200,59,259
2011-07-14,22,133,42,175
2011-07-14,23,97,27,124
2011-07-15,0,57,23,80
2011-07-15,1,12,7,19
2011-07-15,2,22,16,38
2011-07-15,3,6,1,7
2011-07-15,4,8,2,10
2011-07-15,5,16,7,23
2011-07-15,6,107,12,119
2011-07-15,7,252,17,269
2011-07-15,8,504,50,554
2011-07-15,9,173,31,204
2011-07-15,10,103,59,162
2011-07-15,11,134,73,207
2011-07-15,12,172,61,233
2011-07-15,13,161,85,246
2011-07-15,14,160,105,265
2011-07-15,15,159,74,233
2011-07-15,16,262,96,358
2011-07-15,17,478,104,582
2011-07-15,18,392,102,494
2011-07-15,19,272,114,386
2011-07-15,20,250,92,342
2011-07-15,21,184,75,259
2011-07-15,22,149,71,220
2011-07-15,23,124,41,165
2011-07-16,0,65,42,107
2011-07-16,1,51,24,75
2011-07-16,2,45,10,55
2011-07-16,3,20,6,26
2011-07-16,4,7,9,16
2011-07-16,5,6,4,10
2011-07-16,6,18,16,34
2011-07-16,7,38,14,52
2011-07-16,8,89,37,126
2011-07-16,9,148,72,220
2011-07-16,10,203,114,317
2011-07-16,11,220,171,391
2011-07-16,12,269,186,455
2011-07-16,13,268,221,489
2011-07-16,14,228,201,429
2011-07-16,15,223,205,428
2011-07-16,16,235,183,418
2011-07-16,17,234,234,468
2011-07-16,18,238,185,423
2011-07-16,19,236,164,400
2011-07-16,20,185,108,293
2011-07-16,21,163,85,248
2011-07-16,22,134,65,199
2011-07-16,23,107,61,168
2011-07-17,0,88,34,122
2011-07-17,1,85,16,101
2011-07-17,2,66,27,93
2011-07-17,3,26,21,47
2011-07-17,4,5,4,9
2011-07-17,5,8,4,12
2011-07-17,6,10,10,20
2011-07-17,7,30,20,50
2011-07-17,8,73,45,118
2011-07-17,9,107,74,181
2011-07-17,10,177,127,304
2011-07-17,11,239,147,386
2011-07-17,12,240,177,417
2011-07-17,13,269,200,469
2011-07-17,14,255,168,423
2011-07-17,15,192,129,321
2011-07-17,16,185,128,313
2011-07-17,17,232,134,366
2011-07-17,18,238,147,385
2011-07-17,19,233,145,378
2011-07-17,20,170,85,255
2011-07-17,21,148,59,207
2011-07-17,22,111,65,176
2011-07-17,23,53,39,92
2011-07-18,0,30,21,51
2011-07-18,1,8,17,25
2011-07-18,2,8,2,10
2011-07-18,3,4,3,7
2011-07-18,4,3,1,4
2011-07-18,5,14,2,16
2011-07-18,6,94,10,104
2011-07-18,7,249,22,271
2011-07-18,8,320,18,338
2011-07-18,9,168,33,201
2011-07-18,10,76,52,128
2011-07-18,11,96,42,138
2011-07-18,12,124,39,163
2011-07-18,13,123,27,150
2011-07-18,14,104,32,136
2011-07-18,15,111,53,164
2011-07-18,16,219,45,264
2011-07-18,17,469,72,541
2011-07-18,18,470,80,550
2011-07-18,19,328,63,391
2011-07-18,20,230,91,321
2011-07-18,21,153,48,201
2011-07-18,22,104,36,140
2011-07-18,23,58,32,90
2011-07-19,0,26,25,51
2011-07-19,1,6,7,13
2011-07-19,2,4,9,13
2011-07-19,3,1,2,3
2011-07-19,4,4,1,5
2011-07-19,5,18,0,18
2011-07-19,6,125,8,133
2011-07-19,7,285,28,313
2011-07-19,8,377,31,408
2011-07-19,9,172,22,194
2011-07-19,10,95,29,124
2011-07-19,11,92,29,121
2011-07-19,12,124,26,150
2011-07-19,13,136,33,169
2011-07-19,14,110,41,151
2011-07-19,15,109,48,157
2011-07-19,16,211,61,272
2011-07-19,17,441,68,509
2011-07-19,18,448,80,528
2011-07-19,19,324,54,378
2011-07-19,20,228,47,275
2011-07-19,21,190,47,237
2011-07-19,22,120,36,156
2011-07-19,23,72,19,91
2011-07-20,0,29,11,40
2011-07-20,1,7,4,11
2011-07-20,2,7,2,9
2011-07-20,3,4,2,6
2011-07-20,4,4,0,4
2011-07-20,5,19,4,23
2011-07-20,6,109,5,114
2011-07-20,7,273,27,300
2011-07-20,8,398,34,432
2011-07-20,9,178,28,206
2011-07-20,10,70,34,104
2011-07-20,11,111,26,137
2011-07-20,12,115,28,143
2011-07-20,13,96,23,119
2011-07-20,14,83,44,127
2011-07-20,15,101,36,137
2011-07-20,16,204,30,234
2011-07-20,17,403,50,453
2011-07-20,18,424,68,492
2011-07-20,19,320,59,379
2011-07-20,20,259,45,304
2011-07-20,21,203,32,235
2011-07-20,22,140,25,165
2011-07-20,23,73,26,99
2011-07-21,0,29,13,42
2011-07-21,1,16,5,21
2011-07-21,2,4,2,6
2011-07-21,3,4,1,5
2011-07-21,4,4,0,4
2011-07-21,5,16,2,18
2011-07-21,6,110,6,116
2011-07-21,7,246,23,269
2011-07-21,8,354,23,377
2011-07-21,9,164,34,198
2011-07-21,10,47,31,78
2011-07-21,11,76,27,103
2011-07-21,12,103,29,132
2011-07-21,13,80,20,100
2011-07-21,14,96,51,147
2011-07-21,15,93,40,133
2011-07-21,16,165,43,208
2011-07-21,17,369,40,409
2011-07-21,18,337,38,375
2011-07-21,19,231,51,282
2011-07-21,20,193,38,231
2011-07-21,21,185,38,223
2011-07-21,22,112,36,148
2011-07-21,23,72,40,112
2011-07-22,0,50,9,59
2011-07-22,1,17,7,24
2011-07-22,2,14,0,14
2011-07-22,3,6,1,7
2011-07-22,4,5,8,13
2011-07-22,5,17,2,19
2011-07-22,6,83,13,96
2011-07-22,7,229,20,249
2011-07-22,8,291,30,321
2011-07-22,9,177,31,208
2011-07-22,10,80,32,112
2011-07-22,11,85,23,108
2011-07-22,12,95,20,115
2011-07-22,13,97,25,122
2011-07-22,14,76,24,100
2011-07-22,15,99,32,131
2011-07-22,16,153,29,182
2011-07-22,17,265,35,300
2011-07-22,18,245,34,279
2011-07-22,19,207,40,247
2011-07-22,20,164,44,208
2011-07-22,21,149,38,187
2011-07-22,22,102,44,146
2011-07-22,23,82,19,101
2011-07-23,0,85,16,101
2011-07-23,1,57,13,70
2011-07-23,2,48,13,61
2011-07-23,3,16,6,22
2011-07-23,4,3,5,8
2011-07-23,5,6,1,7
2011-07-23,6,19,6,25
2011-07-23,7,38,6,44
2011-07-23,8,83,24,107
2011-07-23,9,101,30,131
2011-07-23,10,132,61,193
2011-07-23,11,153,62,215
2011-07-23,12,162,71,233
2011-07-23,13,162,78,240
2011-07-23,14,149,84,233
2011-07-23,15,137,77,214
2011-07-23,16,147,71,218
2011-07-23,17,121,70,191
2011-07-23,18,132,62,194
2011-07-23,19,133,80,213
2011-07-23,20,97,47,144
2011-07-23,21,112,39,151
2011-07-23,22,87,37,124
2011-07-23,23,75,27,102
2011-07-24,0,77,42,119
2011-07-24,1,62,33,95
2011-07-24,2,46,12,58
2011-07-24,3,20,16,36
2011-07-24,4,5,1,6
2011-07-24,5,3,5,8
2011-07-24,6,13,9,22
2011-07-24,7,28,6,34
2011-07-24,8,80,22,102
2011-07-24,9,111,42,153
2011-07-24,10,161,61,222
2011-07-24,11,166,74,240
2011-07-24,12,155,85,240
2011-07-24,13,161,90,251
2011-07-24,14,201,79,280
2011-07-24,15,168,68,236
2011-07-24,16,185,62,247
2011-07-24,17,171,75,246
2011-07-24,18,176,67,243
2011-07-24,19,167,70,237
2011-07-24,20,139,52,191
2011-07-24,21,108,42,150
2011-07-24,22,75,23,98
2011-07-24,23,35,13,48
2011-07-25,0,17,17,34
2011-07-25,1,8,4,12
2011-07-25,2,3,3,6
2011-07-25,3,2,2,4
2011-07-25,4,6,0,6
2011-07-25,5,22,2,24
2011-07-25,6,99,7,106
2011-07-25,7,252,20,272
2011-07-25,8,351,34,385
2011-07-25,9,123,11,134
2011-07-25,10,54,30,84
2011-07-25,11,82,24,106
2011-07-25,12,48,17,65
2011-07-25,13,61,14,75
2011-07-25,14,61,28,89
2011-07-25,15,93,14,107
2011-07-25,16,159,37,196
2011-07-25,17,431,48,479
2011-07-25,18,469,60,529
2011-07-25,19,319,62,381
2011-07-25,20,244,55,299
2011-07-25,21,147,41,188
2011-07-25,22,110,13,123
2011-07-25,23,63,23,86
2011-07-26,0,20,8,28
2011-07-26,1,6,6,12
2011-07-26,2,6,1,7
2011-07-26,3,2,2,4
2011-07-26,4,6,0,6
2011-07-26,5,24,3,27
2011-07-26,6,104,2,106
2011-07-26,7,280,30,310
2011-07-26,8,384,32,416
2011-07-26,9,159,25,184
2011-07-26,10,91,42,133
2011-07-26,11,99,49,148
2011-07-26,12,117,25,142
2011-07-26,13,131,43,174
2011-07-26,14,100,46,146
2011-07-26,15,114,49,163
2011-07-26,16,208,41,249
2011-07-26,17,459,72,531
2011-07-26,18,468,67,535
2011-07-26,19,324,69,393
2011-07-26,20,242,47,289
2011-07-26,21,220,45,265
2011-07-26,22,129,27,156
2011-07-26,23,68,18,86
2011-07-27,0,26,19,45
2011-07-27,1,9,1,10
2011-07-27,2,5,1,6
2011-07-27,3,4,0,4
2011-07-27,4,3,1,4
2011-07-27,5,18,0,18
2011-07-27,6,117,4,121
2011-07-27,7,310,34,344
2011-07-27,8,400,28,428
2011-07-27,9,184,26,210
2011-07-27,10,81,32,113
2011-07-27,11,94,42,136
2011-07-27,12,132,37,169
2011-07-27,13,149,29,178
2011-07-27,14,104,20,124
2011-07-27,15,100,37,137
2011-07-27,16,227,40,267
2011-07-27,17,482,79,561
2011-07-27,18,458,79,537
2011-07-27,19,287,87,374
2011-07-27,20,235,55,290
2011-07-27,21,192,49,241
2011-07-27,22,142,37,179
2011-07-27,23,90,16,106
2011-07-28,0,31,14,45
2011-07-28,1,26,3,29
2011-07-28,2,5,2,7
2011-07-28,3,5,0,5
2011-07-28,4,6,0,6
2011-07-28,5,25,1,26
2011-07-28,6,109,6,115
2011-07-28,7,275,27,302
2011-07-28,8,405,47,452
2011-07-28,9,188,21,209
2011-07-28,10,85,30,115
2011-07-28,11,109,41,150
2011-07-28,12,149,35,184
2011-07-28,13,125,26,151
2011-07-28,14,110,27,137
2011-07-28,15,120,22,142
2011-07-28,16,212,42,254
2011-07-28,17,419,45,464
2011-07-28,18,425,55,480
2011-07-28,19,283,37,320
2011-07-28,20,225,41,266
2011-07-28,21,163,31,194
2011-07-28,22,148,25,173
2011-07-28,23,92,28,120
2011-07-29,0,44,12,56
2011-07-29,1,22,12,34
2011-07-29,2,9,3,12
2011-07-29,3,9,2,11
2011-07-29,4,4,2,6
2011-07-29,5,23,4,27
2011-07-29,6,83,7,90
2011-07-29,7,228,26,254
2011-07-29,8,350,30,380
2011-07-29,9,151,28,179
2011-07-29,10,67,36,103
2011-07-29,11,116,43,159
2011-07-29,12,95,40,135
2011-07-29,13,113,42,155
2011-07-29,14,114,34,148
2011-07-29,15,127,40,167
2011-07-29,16,195,35,230
2011-07-29,17,372,47,419
2011-07-29,18,311,49,360
2011-07-29,19,216,22,238
2011-07-29,20,151,53,204
2011-07-29,21,134,29,163
2011-07-29,22,126,47,173
2011-07-29,23,90,26,116
2011-07-30,0,73,60,133
2011-07-30,1,73,15,88
2011-07-30,2,31,11,42
2011-07-30,3,25,18,43
2011-07-30,4,6,4,10
2011-07-30,5,9,4,13
2011-07-30,6,18,6,24
2011-07-30,7,39,3,42
2011-07-30,8,87,27,114
2011-07-30,9,125,49,174
2011-07-30,10,176,79,255
2011-07-30,11,202,111,313
2011-07-30,12,224,111,335
2011-07-30,13,178,125,303
2011-07-30,14,185,112,297
2011-07-30,15,186,113,299
2011-07-30,16,173,126,299
2011-07-30,17,206,93,299
2011-07-30,18,203,92,295
2011-07-30,19,152,101,253
2011-07-30,20,129,74,203
2011-07-30,21,122,82,204
2011-07-30,22,127,80,207
2011-07-30,23,109,63,172
2011-07-31,0,78,33,111
2011-07-31,1,71,8,79
2011-07-31,2,47,19,66
2011-07-31,3,26,24,50
2011-07-31,4,7,6,13
2011-07-31,5,4,4,8
2011-07-31,6,8,5,13
2011-07-31,7,26,19,45
2011-07-31,8,85,54,139
2011-07-31,9,127,55,182
2011-07-31,10,163,91,254
2011-07-31,11,158,112,270
2011-07-31,12,185,145,330
2011-07-31,13,152,143,295
2011-07-31,14,193,130,323
2011-07-31,15,182,109,291
2011-07-31,16,208,98,306
2011-07-31,17,202,114,316
2011-07-31,18,212,91,303
2011-07-31,19,186,87,273
2011-07-31,20,200,69,269
2011-07-31,21,96,68,164
2011-07-31,22,69,25,94
2011-07-31,23,54,14,68
2011-08-01,0,22,7,29
2011-08-01,1,12,5,17
2011-08-01,2,7,4,11
2011-08-01,3,4,0,4
2011-08-01,4,2,2,4
2011-08-01,5,24,2,26
2011-08-01,6,97,3,100
2011-08-01,7,253,24,277
2011-08-01,8,346,35,381
2011-08-01,9,137,27,164
2011-08-01,10,69,27,96
2011-08-01,11,64,53,117
2011-08-01,12,115,53,168
2011-08-01,13,111,38,149
2011-08-01,14,83,37,120
2011-08-01,15,76,52,128
2011-08-01,16,193,34,227
2011-08-01,17,439,69,508
2011-08-01,18,468,68,536
2011-08-01,19,343,63,406
2011-08-01,20,253,49,302
2011-08-01,21,175,42,217
2011-08-01,22,113,21,134
2011-08-01,23,81,14,95
2011-08-02,0,18,11,29
2011-08-02,1,8,4,12
2011-08-02,2,6,2,8
2011-08-02,3,5,0,5
2011-08-02,4,10,0,10
2011-08-02,5,17,4,21
2011-08-02,6,103,12,115
2011-08-02,7,317,15,332
2011-08-02,8,396,37,433
2011-08-02,9,180,31,211
2011-08-02,10,90,50,140
2011-08-02,11,96,32,128
2011-08-02,12,111,45,156
2011-08-02,13,152,50,202
2011-08-02,14,112,45,157
2011-08-02,15,118,48,166
2011-08-02,16,215,58,273
2011-08-02,17,490,63,553
2011-08-02,18,484,63,547
2011-08-02,19,367,86,453
2011-08-02,20,244,40,284
2011-08-02,21,197,53,250
2011-08-02,22,167,22,189
2011-08-02,23,101,29,130
2011-08-03,0,31,11,42
2011-08-03,1,9,7,16
2011-08-03,2,8,2,10
2011-08-03,3,4,0,4
2011-08-03,4,7,0,7
2011-08-03,5,21,2,23
2011-08-03,6,100,9,109
2011-08-03,7,250,19,269
2011-08-03,8,406,29,435
2011-08-03,9,169,23,192
2011-08-03,10,57,9,66
2011-08-03,11,89,29,118
2011-08-03,12,141,19,160
2011-08-03,13,106,37,143
2011-08-03,14,100,43,143
2011-08-03,15,85,31,116
2011-08-03,16,126,21,147
2011-08-03,17,374,47,421
2011-08-03,18,441,49,490
2011-08-03,19,266,51,317
2011-08-03,20,80,7,87
2011-08-03,21,80,7,87
2011-08-03,22,62,11,73
2011-08-03,23,50,4,54
2011-08-04,0,15,2,17
2011-08-04,1,14,3,17
2011-08-04,2,5,2,7
2011-08-04,3,3,0,3
2011-08-04,4,7,0,7
2011-08-04,5,17,3,20
2011-08-04,6,90,7,97
2011-08-04,7,269,11,280
2011-08-04,8,365,29,394
2011-08-04,9,152,25,177
2011-08-04,10,88,24,112
2011-08-04,11,110,37,147
2011-08-04,12,150,53,203
2011-08-04,13,142,63,205
2011-08-04,14,113,53,166
2011-08-04,15,114,50,164
2011-08-04,16,219,70,289
2011-08-04,17,462,91,553
2011-08-04,18,425,88,513
2011-08-04,19,298,65,363
2011-08-04,20,243,41,284
2011-08-04,21,182,25,207
2011-08-04,22,139,33,172
2011-08-04,23,108,24,132
2011-08-05,0,41,13,54
2011-08-05,1,16,3,19
2011-08-05,2,14,5,19
2011-08-05,3,6,0,6
2011-08-05,4,6,1,7
2011-08-05,5,16,0,16
2011-08-05,6,93,7,100
2011-08-05,7,243,23,266
2011-08-05,8,409,39,448
2011-08-05,9,178,43,221
2011-08-05,10,113,50,163
2011-08-05,11,102,44,146
2011-08-05,12,157,57,214
2011-08-05,13,164,40,204
2011-08-05,14,164,81,245
2011-08-05,15,158,50,208
2011-08-05,16,250,76,326
2011-08-05,17,459,84,543
2011-08-05,18,359,105,464
2011-08-05,19,279,90,369
2011-08-05,20,218,70,288
2011-08-05,21,116,54,170
2011-08-05,22,132,51,183
2011-08-05,23,102,37,139
2011-08-06,0,102,29,131
2011-08-06,1,50,17,67
2011-08-06,2,39,14,53
2011-08-06,3,28,14,42
2011-08-06,4,5,5,10
2011-08-06,5,4,2,6
2011-08-06,6,22,5,27
2011-08-06,7,48,14,62
2011-08-06,8,92,27,119
2011-08-06,9,151,60,211
2011-08-06,10,196,91,287
2011-08-06,11,211,138,349
2011-08-06,12,245,130,375
2011-08-06,13,259,175,434
2011-08-06,14,199,176,375
2011-08-06,15,227,130,357
2011-08-06,16,187,155,342
2011-08-06,17,86,60,146
2011-08-06,18,127,81,208
2011-08-06,19,112,57,169
2011-08-06,20,78,58,136
2011-08-06,21,84,28,112
2011-08-06,22,96,24,120
2011-08-06,23,78,29,107
2011-08-07,0,65,14,79
2011-08-07,1,60,10,70
2011-08-07,2,47,18,65
2011-08-07,3,23,9,32
2011-08-07,4,5,1,6
2011-08-07,5,4,1,5
2011-08-07,6,10,3,13
2011-08-07,7,28,11,39
2011-08-07,8,64,23,87
2011-08-07,9,102,82,184
2011-08-07,10,170,88,258
2011-08-07,11,152,111,263
2011-08-07,12,207,161,368
2011-08-07,13,202,118,320
2011-08-07,14,190,130,320
2011-08-07,15,205,118,323
2011-08-07,16,117,74,191
2011-08-07,17,128,63,191
2011-08-07,18,154,74,228
2011-08-07,19,156,68,224
2011-08-07,20,130,50,180
2011-08-07,21,99,36,135
2011-08-07,22,81,21,102
2011-08-07,23,42,12,54
2011-08-08,0,17,13,30
2011-08-08,1,7,4,11
2011-08-08,2,3,4,7
2011-08-08,3,0,1,1
2011-08-08,4,8,2,10
2011-08-08,5,14,1,15
2011-08-08,6,87,8,95
2011-08-08,7,244,18,262
2011-08-08,8,311,29,340
2011-08-08,9,145,37,182
2011-08-08,10,60,62,122
2011-08-08,11,89,89,178
2011-08-08,12,133,48,181
2011-08-08,13,108,43,151
2011-08-08,14,108,41,149
2011-08-08,15,81,40,121
2011-08-08,16,214,64,278
2011-08-08,17,455,67,522
2011-08-08,18,463,64,527
2011-08-08,19,346,64,410
2011-08-08,20,213,71,284
2011-08-08,21,152,30,182
2011-08-08,22,120,26,146
2011-08-08,23,53,19,72
2011-08-09,0,24,10,34
2011-08-09,1,9,5,14
2011-08-09,2,3,9,12
2011-08-09,3,2,0,2
2011-08-09,4,6,1,7
2011-08-09,5,25,5,30
2011-08-09,6,94,6,100
2011-08-09,7,307,31,338
2011-08-09,8,348,40,388
2011-08-09,9,139,34,173
2011-08-09,10,87,55,142
2011-08-09,11,87,61,148
2011-08-09,12,123,60,183
2011-08-09,13,127,48,175
2011-08-09,14,94,53,147
2011-08-09,15,105,58,163
2011-08-09,16,227,57,284
2011-08-09,17,445,79,524
2011-08-09,18,482,97,579
2011-08-09,19,298,69,367
2011-08-09,20,253,34,287
2011-08-09,21,181,46,227
2011-08-09,22,124,28,152
2011-08-09,23,52,22,74
2011-08-10,0,18,19,37
2011-08-10,1,10,7,17
2011-08-10,2,10,1,11
2011-08-10,3,3,1,4
2011-08-10,4,4,1,5
2011-08-10,5,30,2,32
2011-08-10,6,109,9,118
2011-08-10,7,287,16,303
2011-08-10,8,354,38,392
2011-08-10,9,147,32,179
2011-08-10,10,71,41,112
2011-08-10,11,92,54,146
2011-08-10,12,164,74,238
2011-08-10,13,149,41,190
2011-08-10,14,114,62,176
2011-08-10,15,139,53,192
2011-08-10,16,200,76,276
2011-08-10,17,509,71,580
2011-08-10,18,483,70,553
2011-08-10,19,324,79,403
2011-08-10,20,248,59,307
2011-08-10,21,155,47,202
2011-08-10,22,117,17,134
2011-08-10,23,89,14,103
2011-08-11,0,40,6,46
2011-08-11,1,17,9,26
2011-08-11,2,8,3,11
2011-08-11,3,7,2,9
2011-08-11,4,4,1,5
2011-08-11,5,22,2,24
2011-08-11,6,101,5,106
2011-08-11,7,288,15,303
2011-08-11,8,352,29,381
2011-08-11,9,165,31,196
2011-08-11,10,94,36,130
2011-08-11,11,125,59,184
2011-08-11,12,163,50,213
2011-08-11,13,163,51,214
2011-08-11,14,103,39,142
2011-08-11,15,124,52,176
2011-08-11,16,240,57,297
2011-08-11,17,485,96,581
2011-08-11,18,490,74,564
2011-08-11,19,318,47,365
2011-08-11,20,228,56,284
2011-08-11,21,164,35,199
2011-08-11,22,122,34,156
2011-08-11,23,103,22,125
2011-08-12,0,51,11,62
2011-08-12,1,19,4,23
2011-08-12,2,15,0,15
2011-08-12,3,9,0,9
2011-08-12,4,5,0,5
2011-08-12,5,24,2,26
2011-08-12,6,72,3,75
2011-08-12,7,245,17,262
2011-08-12,8,390,29,419
2011-08-12,9,176,27,203
2011-08-12,10,84,43,127
2011-08-12,11,105,48,153
2011-08-12,12,166,55,221
2011-08-12,13,178,74,252
2011-08-12,14,132,51,183
2011-08-12,15,188,59,247
2011-08-12,16,266,68,334
2011-08-12,17,416,93,509
2011-08-12,18,371,89,460
2011-08-12,19,279,101,380
2011-08-12,20,206,77,283
2011-08-12,21,151,73,224
2011-08-12,22,152,74,226
2011-08-12,23,99,51,150
2011-08-13,0,67,15,82
2011-08-13,1,61,13,74
2011-08-13,2,56,16,72
2011-08-13,3,18,9,27
2011-08-13,4,5,5,10
2011-08-13,5,14,3,17
2011-08-13,6,19,3,22
2011-08-13,7,34,10,44
2011-08-13,8,89,27,116
2011-08-13,9,137,70,207
2011-08-13,10,163,97,260
2011-08-13,11,191,122,313
2011-08-13,12,244,174,418
2011-08-13,13,90,61,151
2011-08-13,14,142,111,253
2011-08-13,15,206,150,356
2011-08-13,16,127,148,275
2011-08-13,17,165,97,262
2011-08-13,18,164,123,287
2011-08-13,19,165,67,232
2011-08-13,20,100,77,177
2011-08-13,21,123,40,163
2011-08-13,22,114,36,150
2011-08-13,23,92,25,117
2011-08-14,0,71,19,90
2011-08-14,1,56,16,72
2011-08-14,2,49,13,62
2011-08-14,3,22,5,27
2011-08-14,4,2,1,3
2011-08-14,5,9,1,10
2011-08-14,6,4,2,6
2011-08-14,7,19,4,23
2011-08-14,8,21,20,41
2011-08-14,9,75,27,102
2011-08-14,10,112,67,179
2011-08-14,11,116,81,197
2011-08-14,12,177,98,275
2011-08-14,13,226,144,370
2011-08-14,14,243,126,369
2011-08-14,15,197,128,325
2011-08-14,16,173,116,289
2011-08-14,17,193,132,325
2011-08-14,18,222,125,347
2011-08-14,19,180,75,255
2011-08-14,20,124,67,191
2011-08-14,21,101,51,152
2011-08-14,22,23,14,37
2011-08-14,23,22,5,27
2011-08-15,0,17,7,24
2011-08-15,1,9,1,10
2011-08-15,2,3,0,3
2011-08-15,3,6,1,7
2011-08-15,4,4,1,5
2011-08-15,5,14,3,17
2011-08-15,6,87,3,90
2011-08-15,7,243,10,253
2011-08-15,8,322,29,351
2011-08-15,9,170,52,222
2011-08-15,10,80,54,134
2011-08-15,11,106,41,147
2011-08-15,12,114,62,176
2011-08-15,13,139,53,192
2011-08-15,14,92,55,147
2011-08-15,15,131,49,180
2011-08-15,16,223,58,281
2011-08-15,17,461,59,520
2011-08-15,18,412,70,482
2011-08-15,19,339,54,393
2011-08-15,20,237,45,282
2011-08-15,21,147,34,181
2011-08-15,22,75,22,97
2011-08-15,23,76,11,87
2011-08-16,0,23,8,31
2011-08-16,1,13,4,17
2011-08-16,2,3,1,4
2011-08-16,3,5,1,6
2011-08-16,4,5,0,5
2011-08-16,5,29,1,30
2011-08-16,6,115,4,119
2011-08-16,7,325,18,343
2011-08-16,8,411,24,435
2011-08-16,9,169,27,196
2011-08-16,10,81,28,109
2011-08-16,11,106,40,146
2011-08-16,12,118,42,160
2011-08-16,13,148,45,193
2011-08-16,14,116,65,181
2011-08-16,15,121,36,157
2011-08-16,16,244,55,299
2011-08-16,17,516,75,591
2011-08-16,18,511,54,565
2011-08-16,19,312,56,368
2011-08-16,20,230,48,278
2011-08-16,21,176,38,214
2011-08-16,22,120,31,151
2011-08-16,23,55,20,75
2011-08-17,0,15,8,23
2011-08-17,1,12,2,14
2011-08-17,2,6,0,6
2011-08-17,3,4,1,5
2011-08-17,4,5,0,5
2011-08-17,5,28,0,28
2011-08-17,6,100,4,104
2011-08-17,7,291,12,303
2011-08-17,8,448,35,483
2011-08-17,9,173,31,204
2011-08-17,10,91,27,118
2011-08-17,11,107,20,127
2011-08-17,12,162,26,188
2011-08-17,13,136,38,174
2011-08-17,14,132,54,186
2011-08-17,15,116,42,158
2011-08-17,16,234,62,296
2011-08-17,17,503,46,549
2011-08-17,18,467,86,553
2011-08-17,19,292,50,342
2011-08-17,20,241,37,278
2011-08-17,21,188,38,226
2011-08-17,22,139,29,168
2011-08-17,23,84,20,104
2011-08-18,0,38,18,56
2011-08-18,1,11,13,24
2011-08-18,2,4,2,6
2011-08-18,3,6,0,6
2011-08-18,4,9,0,9
2011-08-18,5,27,0,27
2011-08-18,6,95,6,101
2011-08-18,7,285,19,304
2011-08-18,8,387,27,414
2011-08-18,9,185,42,227
2011-08-18,10,89,37,126
2011-08-18,11,93,44,137
2011-08-18,12,139,34,173
2011-08-18,13,152,33,185
2011-08-18,14,113,67,180
2011-08-18,15,116,56,172
2011-08-18,16,194,49,243
2011-08-18,17,358,44,402
2011-08-18,18,219,48,267
2011-08-18,19,113,26,139
2011-08-18,20,141,24,165
2011-08-18,21,133,12,145
2011-08-18,22,117,18,135
2011-08-18,23,93,20,113
2011-08-19,0,52,9,61
2011-08-19,1,19,1,20
2011-08-19,2,8,0,8
2011-08-19,3,1,2,3
2011-08-19,4,6,1,7
2011-08-19,5,16,1,17
2011-08-19,6,88,2,90
2011-08-19,7,248,12,260
2011-08-19,8,362,30,392
2011-08-19,9,187,31,218
2011-08-19,10,107,57,164
2011-08-19,11,118,45,163
2011-08-19,12,166,54,220
2011-08-19,13,166,63,229
2011-08-19,14,140,78,218
2011-08-19,15,149,66,215
2011-08-19,16,258,66,324
2011-08-19,17,438,85,523
2011-08-19,18,334,88,422
2011-08-19,19,129,33,162
2011-08-19,20,45,12,57
2011-08-19,21,89,18,107
2011-08-19,22,94,25,119
2011-08-19,23,85,18,103
2011-08-20,0,106,21,127
2011-08-20,1,35,12,47
2011-08-20,2,58,10,68
2011-08-20,3,37,9,46
2011-08-20,4,5,1,6
2011-08-20,5,8,0,8
2011-08-20,6,18,6,24
2011-08-20,7,36,8,44
2011-08-20,8,97,27,124
2011-08-20,9,139,51,190
2011-08-20,10,186,114,300
2011-08-20,11,221,115,336
2011-08-20,12,247,156,403
2011-08-20,13,216,158,374
2011-08-20,14,215,147,362
2011-08-20,15,212,175,387
2011-08-20,16,216,151,367
2011-08-20,17,198,180,378
2011-08-20,18,218,169,387
2011-08-20,19,180,109,289
2011-08-20,20,163,78,241
2011-08-20,21,142,81,223
2011-08-20,22,142,77,219
2011-08-20,23,95,59,154
2011-08-21,0,65,6,71
2011-08-21,1,69,17,86
2011-08-21,2,50,13,63
2011-08-21,3,26,24,50
2011-08-21,4,5,1,6
2011-08-21,5,8,0,8
2011-08-21,6,10,4,14
2011-08-21,7,18,12,30
2011-08-21,8,60,30,90
2011-08-21,9,149,80,229
2011-08-21,10,175,97,272
2011-08-21,11,174,132,306
2011-08-21,12,229,135,364
2011-08-21,13,206,94,300
2011-08-21,14,153,78,231
2011-08-21,15,50,17,67
2011-08-21,16,157,97,254
2011-08-21,17,177,91,268
2011-08-21,18,212,95,307
2011-08-21,19,198,81,279
2011-08-21,20,139,41,180
2011-08-21,21,90,45,135
2011-08-21,22,95,37,132
2011-08-21,23,47,20,67
2011-08-22,0,22,18,40
2011-08-22,1,13,8,21
2011-08-22,2,6,2,8
2011-08-22,3,5,0,5
2011-08-22,4,10,2,12
2011-08-22,5,23,1,24
2011-08-22,6,106,6,112
2011-08-22,7,267,11,278
2011-08-22,8,328,20,348
2011-08-22,9,149,36,185
2011-08-22,10,82,36,118
2011-08-22,11,84,46,130
2011-08-22,12,148,54,202
2011-08-22,13,157,47,204
2011-08-22,14,133,88,221
2011-08-22,15,124,72,196
2011-08-22,16,251,65,316
2011-08-22,17,501,81,582
2011-08-22,18,532,72,604
2011-08-22,19,345,66,411
2011-08-22,20,243,21,264
2011-08-22,21,174,28,202
2011-08-22,22,120,32,152
2011-08-22,23,45,19,64
2011-08-23,0,22,13,35
2011-08-23,1,13,6,19
2011-08-23,2,4,2,6
2011-08-23,3,4,2,6
2011-08-23,4,5,0,5
2011-08-23,5,34,1,35
2011-08-23,6,109,3,112
2011-08-23,7,331,11,342
2011-08-23,8,457,43,500
2011-08-23,9,189,34,223
2011-08-23,10,91,56,147
2011-08-23,11,123,62,185
2011-08-23,12,175,60,235
2011-08-23,13,161,69,230
2011-08-23,14,492,146,638
2011-08-23,15,415,172,587
2011-08-23,16,303,130,433
2011-08-23,17,336,133,469
2011-08-23,18,414,98,512
2011-08-23,19,292,70,362
2011-08-23,20,206,54,260
2011-08-23,21,170,38,208
2011-08-23,22,143,46,189
2011-08-23,23,61,19,80
2011-08-24,0,29,9,38
2011-08-24,1,16,7,23
2011-08-24,2,3,2,5
2011-08-24,3,1,0,1
2011-08-24,4,5,0,5
2011-08-24,5,26,1,27
2011-08-24,6,104,3,107
2011-08-24,7,293,11,304
2011-08-24,8,432,32,464
2011-08-24,9,166,44,210
2011-08-24,10,93,51,144
2011-08-24,11,127,57,184
2011-08-24,12,169,60,229
2011-08-24,13,177,54,231
2011-08-24,14,126,77,203
2011-08-24,15,140,61,201
2011-08-24,16,220,45,265
2011-08-24,17,476,83,559
2011-08-24,18,517,102,619
2011-08-24,19,343,93,436
2011-08-24,20,283,45,328
2011-08-24,21,187,47,234
2011-08-24,22,136,41,177
2011-08-24,23,54,16,70
2011-08-25,0,38,11,49
2011-08-25,1,12,4,16
2011-08-25,2,2,3,5
2011-08-25,3,2,2,4
2011-08-25,4,5,1,6
2011-08-25,5,25,1,26
2011-08-25,6,101,1,102
2011-08-25,7,295,17,312
2011-08-25,8,451,23,474
2011-08-25,9,139,21,160
2011-08-25,10,103,37,140
2011-08-25,11,109,39,148
2011-08-25,12,31,9,40
2011-08-25,13,28,7,35
2011-08-25,14,86,27,113
2011-08-25,15,103,28,131
2011-08-25,16,102,16,118
2011-08-25,17,281,28,309
2011-08-25,18,369,31,400
2011-08-25,19,237,31,268
2011-08-25,20,189,33,222
2011-08-25,21,155,29,184
2011-08-25,22,124,21,145
2011-08-25,23,68,15,83
2011-08-26,0,42,9,51
2011-08-26,1,13,10,23
2011-08-26,2,16,4,20
2011-08-26,3,8,3,11
2011-08-26,4,6,2,8
2011-08-26,5,23,3,26
2011-08-26,6,99,5,104
2011-08-26,7,260,3,263
2011-08-26,8,381,17,398
2011-08-26,9,191,39,230
2011-08-26,10,89,34,123
2011-08-26,11,148,63,211
2011-08-26,12,173,70,243
2011-08-26,13,162,72,234
2011-08-26,14,161,55,216
2011-08-26,15,195,53,248
2011-08-26,16,286,50,336
2011-08-26,17,427,56,483
2011-08-26,18,365,40,405
2011-08-26,19,227,55,282
2011-08-26,20,182,39,221
2011-08-26,21,150,38,188
2011-08-26,22,122,26,148
2011-08-26,23,113,22,135
2011-08-27,0,109,33,142
2011-08-27,1,51,13,64
2011-08-27,2,59,18,77
2011-08-27,3,22,8,30
2011-08-27,4,3,1,4
2011-08-27,5,11,1,12
2011-08-27,6,15,2,17
2011-08-27,7,26,2,28
2011-08-27,8,62,14,76
2011-08-27,9,128,28,156
2011-08-27,10,152,51,203
2011-08-27,11,71,15,86
2011-08-27,12,65,11,76
2011-08-27,13,32,10,42
2011-08-27,14,18,4,22
2011-08-27,15,28,2,30
2011-08-27,16,14,10,24
2011-08-27,17,14,2,16
2011-08-28,7,1,0,1
2011-08-28,8,6,2,8
2011-08-28,9,44,7,51
2011-08-28,10,113,27,140
2011-08-28,11,177,59,236
2011-08-28,12,218,87,305
2011-08-28,13,295,128,423
2011-08-28,14,283,157,440
2011-08-28,15,311,156,467
2011-08-28,16,291,196,487
2011-08-28,17,249,145,394
2011-08-28,18,253,145,398
2011-08-28,19,240,140,380
2011-08-28,20,150,64,214
2011-08-28,21,124,60,184
2011-08-28,22,72,25,97
2011-08-28,23,48,16,64
2011-08-29,0,20,13,33
2011-08-29,1,15,5,20
2011-08-29,2,5,8,13
2011-08-29,3,5,1,6
2011-08-29,4,3,0,3
2011-08-29,5,17,0,17
2011-08-29,6,97,3,100
2011-08-29,7,271,11,282
2011-08-29,8,378,20,398
2011-08-29,9,164,22,186
2011-08-29,10,72,42,114
2011-08-29,11,99,38,137
2011-08-29,12,156,48,204
2011-08-29,13,169,48,217
2011-08-29,14,127,55,182
2011-08-29,15,160,56,216
2011-08-29,16,224,56,280
2011-08-29,17,520,67,587
2011-08-29,18,478,60,538
2011-08-29,19,310,49,359
2011-08-29,20,223,51,274
2011-08-29,21,165,34,199
2011-08-29,22,116,23,139
2011-08-29,23,53,19,72
2011-08-30,0,17,10,27
2011-08-30,1,7,6,13
2011-08-30,2,8,2,10
2011-08-30,3,2,2,4
2011-08-30,4,5,0,5
2011-08-30,5,27,1,28
2011-08-30,6,114,4,118
2011-08-30,7,335,19,354
2011-08-30,8,455,34,489
2011-08-30,9,177,38,215
2011-08-30,10,107,28,135
2011-08-30,11,114,60,174
2011-08-30,12,171,64,235
2011-08-30,13,167,58,225
2011-08-30,14,145,58,203
2011-08-30,15,159,34,193
2011-08-30,16,293,42,335
2011-08-30,17,544,61,605
2011-08-30,18,511,60,571
2011-08-30,19,391,68,459
2011-08-30,20,258,39,297
2011-08-30,21,176,43,219
2011-08-30,22,119,22,141
2011-08-30,23,74,19,93
2011-08-31,0,24,7,31
2011-08-31,1,13,3,16
2011-08-31,2,5,1,6
2011-08-31,3,4,2,6
2011-08-31,4,5,0,5
2011-08-31,5,24,2,26
2011-08-31,6,107,4,111
2011-08-31,7,310,12,322
2011-08-31,8,434,27,461
2011-08-31,9,217,27,244
2011-08-31,10,104,34,138
2011-08-31,11,141,28,169
2011-08-31,12,191,68,259
2011-08-31,13,179,39,218
2011-08-31,14,145,48,193
2011-08-31,15,137,34,171
2011-08-31,16,258,46,304
2011-08-31,17,519,83,602
2011-08-31,18,487,70,557
2011-08-31,19,384,53,437
2011-08-31,20,257,30,287
2011-08-31,21,171,27,198
2011-08-31,22,133,20,153
2011-08-31,23,61,24,85
2011-09-01,0,33,18,51
2011-09-01,1,14,7,21
2011-09-01,2,11,14,25
2011-09-01,3,7,7,14
2011-09-01,4,7,0,7
2011-09-01,5,22,1,23
2011-09-01,6,103,2,105
2011-09-01,7,330,7,337
2011-09-01,8,462,31,493
2011-09-01,9,177,29,206
2011-09-01,10,92,46,138
2011-09-01,11,138,51,189
2011-09-01,12,164,64,228
2011-09-01,13,165,50,215
2011-09-01,14,138,54,192
2011-09-01,15,134,39,173
2011-09-01,16,250,55,305
2011-09-01,17,559,61,620
2011-09-01,18,456,69,525
2011-09-01,19,362,78,440
2011-09-01,20,242,34,276
2011-09-01,21,159,17,176
2011-09-01,22,144,34,178
2011-09-01,23,107,15,122
2011-09-02,0,58,6,64
2011-09-02,1,28,4,32
2011-09-02,2,11,9,20
2011-09-02,3,4,4,8
2011-09-02,4,2,2,4
2011-09-02,5,20,0,20
2011-09-02,6,71,3,74
2011-09-02,7,251,6,257
2011-09-02,8,425,22,447
2011-09-02,9,190,29,219
2011-09-02,10,103,34,137
2011-09-02,11,139,51,190
2011-09-02,12,176,82,258
2011-09-02,13,203,72,275
2011-09-02,14,207,75,282
2011-09-02,15,273,68,341
2011-09-02,16,297,82,379
2011-09-02,17,375,78,453
2011-09-02,18,303,50,353
2011-09-02,19,218,67,285
2011-09-02,20,155,38,193
2011-09-02,21,120,28,148
2011-09-02,22,111,33,144
2011-09-02,23,69,30,99
2011-09-03,0,64,22,86
2011-09-03,1,56,17,73
2011-09-03,2,26,15,41
2011-09-03,3,18,17,35
2011-09-03,4,4,3,7
2011-09-03,5,9,3,12
2011-09-03,6,19,4,23
2011-09-03,7,33,5,38
2011-09-03,8,65,24,89
2011-09-03,9,117,83,200
2011-09-03,10,162,90,252
2011-09-03,11,126,66,192
2011-09-03,12,157,97,254
2011-09-03,13,192,153,345
2011-09-03,14,172,204,376
2011-09-03,15,197,187,384
2011-09-03,16,177,186,363
2011-09-03,17,193,170,363
2011-09-03,18,177,158,335
2011-09-03,19,145,147,292
2011-09-03,20,119,99,218
2011-09-03,21,93,71,164
2011-09-03,22,95,66,161
2011-09-03,23,77,46,123
2011-09-04,0,75,33,108
2011-09-04,1,38,37,75
2011-09-04,2,43,17,60
2011-09-04,3,23,20,43
2011-09-04,4,4,0,4
2011-09-04,5,5,1,6
2011-09-04,6,3,0,3
2011-09-04,7,19,10,29
2011-09-04,8,48,21,69
2011-09-04,9,101,87,188
2011-09-04,10,147,151,298
2011-09-04,11,160,174,334
2011-09-04,12,216,214,430
2011-09-04,13,170,245,415
2011-09-04,14,151,205,356
2011-09-04,15,191,218,409
2011-09-04,16,141,196,337
2011-09-04,17,170,204,374
2011-09-04,18,167,187,354
2011-09-04,19,143,178,321
2011-09-04,20,122,104,226
2011-09-04,21,102,104,206
2011-09-04,22,84,70,154
2011-09-04,23,56,46,102
2011-09-05,0,65,31,96
2011-09-05,1,35,19,54
2011-09-05,2,22,17,39
2011-09-05,3,11,4,15
2011-09-05,4,5,3,8
2011-09-05,5,4,2,6
2011-09-05,6,5,6,11
2011-09-05,7,28,11,39
2011-09-05,8,55,45,100
2011-09-05,9,86,63,149
2011-09-05,10,135,107,242
2011-09-05,11,204,101,305
2011-09-05,12,210,141,351
2011-09-05,13,227,154,381
2011-09-05,14,208,145,353
2011-09-05,15,140,111,251
2011-09-05,16,188,92,280
2011-09-05,17,74,37,111
2011-09-05,18,92,31,123
2011-09-05,19,123,52,175
2011-09-05,20,54,26,80
2011-09-05,21,38,20,58
2011-09-05,22,48,15,63
2011-09-05,23,17,3,20
2011-09-06,0,7,1,8
2011-09-06,2,2,0,2
2011-09-06,3,0,1,1
2011-09-06,4,3,1,4
2011-09-06,5,19,1,20
2011-09-06,6,69,0,69
2011-09-06,7,163,6,169
2011-09-06,8,343,15,358
2011-09-06,9,164,18,182
2011-09-06,10,88,16,104
2011-09-06,11,78,11,89
2011-09-06,12,51,16,67
2011-09-06,13,24,5,29
2011-09-06,14,20,3,23
2011-09-06,15,70,18,88
2011-09-06,16,94,11,105
2011-09-06,17,273,15,288
2011-09-06,18,346,22,368
2011-09-06,19,265,12,277
2011-09-06,20,149,13,162
2011-09-06,21,104,12,116
2011-09-06,22,77,5,82
2011-09-06,23,53,2,55
2011-09-07,0,12,1,13
2011-09-07,1,3,2,5
2011-09-07,2,4,2,6
2011-09-07,3,1,1,2
2011-09-07,4,4,0,4
2011-09-07,5,15,1,16
2011-09-07,6,73,1,74
2011-09-07,7,83,3,86
2011-09-07,8,308,9,317
2011-09-07,9,172,14,186
2011-09-07,10,61,3,64
2011-09-07,11,7,1,8
2011-09-07,12,21,1,22
2011-09-07,13,9,2,11
2011-09-07,14,23,1,24
2011-09-07,15,55,3,58
2011-09-07,16,137,7,144
2011-09-07,17,261,21,282
2011-09-07,18,215,18,233
2011-09-07,19,210,14,224
2011-09-07,20,91,3,94
2011-09-07,21,34,4,38
2011-09-07,22,26,3,29
2011-09-07,23,21,3,24
2011-09-08,0,10,3,13
2011-09-08,1,4,0,4
2011-09-08,3,1,0,1
2011-09-08,4,3,0,3
2011-09-08,5,13,1,14
2011-09-08,6,53,1,54
2011-09-08,7,171,7,178
2011-09-08,8,183,7,190
2011-09-08,9,63,4,67
2011-09-08,10,54,8,62
2011-09-08,11,80,16,96
2011-09-08,12,85,17,102
2011-09-08,13,111,14,125
2011-09-08,14,104,15,119
2011-09-08,15,112,24,136
2011-09-08,16,151,5,156
2011-09-08,17,100,11,111
2011-09-08,18,65,2,67
2011-09-08,19,49,1,50
2011-09-08,20,80,6,86
2011-09-08,21,74,6,80
2011-09-08,22,65,5,70
2011-09-08,23,26,0,26
2011-09-09,0,15,1,16
2011-09-09,1,8,0,8
2011-09-09,2,7,1,8
2011-09-09,3,1,1,2
2011-09-09,4,3,0,3
2011-09-09,5,14,0,14
2011-09-09,6,54,3,57
2011-09-09,7,103,4,107
2011-09-09,8,274,12,286
2011-09-09,9,129,5,134
2011-09-09,10,27,2,29
2011-09-09,11,64,6,70
2011-09-09,12,71,4,75
2011-09-09,13,106,14,120
2011-09-09,14,116,29,145
2011-09-09,15,159,27,186
2011-09-09,16,241,41,282
2011-09-09,17,449,54,503
2011-09-09,18,371,33,404
2011-09-09,19,312,33,345
2011-09-09,20,179,30,209
2011-09-09,21,152,49,201
2011-09-09,22,125,33,158
2011-09-09,23,113,35,148
2011-09-10,0,82,32,114
2011-09-10,1,66,16,82
2011-09-10,2,45,18,63
2011-09-10,3,28,9,37
2011-09-10,4,4,3,7
2011-09-10,5,5,2,7
2011-09-10,6,6,0,6
2011-09-10,7,43,9,52
2011-09-10,8,103,16,119
2011-09-10,9,165,39,204
2011-09-10,10,231,85,316
2011-09-10,11,247,108,355
2011-09-10,12,256,144,400
2011-09-10,13,234,131,365
2011-09-10,14,225,129,354
2011-09-10,15,258,217,475
2011-09-10,16,256,170,426
2011-09-10,17,264,184,448
2011-09-10,18,236,118,354
2011-09-10,19,210,101,311
2011-09-10,20,163,78,241
2011-09-10,21,166,59,225
2011-09-10,22,122,49,171
2011-09-10,23,106,32,138
2011-09-11,0,78,29,107
2011-09-11,1,65,22,87
2011-09-11,2,60,16,76
2011-09-11,3,30,15,45
2011-09-11,4,6,3,9
2011-09-11,5,23,15,38
2011-09-11,6,16,4,20
2011-09-11,7,28,9,37
2011-09-11,8,67,25,92
2011-09-11,9,166,59,225
2011-09-11,10,211,120,331
2011-09-11,11,255,144,399
2011-09-11,12,293,113,406
2011-09-11,13,225,119,344
2011-09-11,14,210,120,330
2011-09-11,15,253,134,387
2011-09-11,16,297,180,477
2011-09-11,17,225,152,377
2011-09-11,18,222,110,332
2011-09-11,19,225,101,326
2011-09-11,20,155,65,220
2011-09-11,21,108,45,153
2011-09-11,22,74,21,95
2011-09-11,23,32,12,44
2011-09-12,0,11,5,16
2011-09-12,1,10,1,11
2011-09-12,2,0,2,2
2011-09-12,4,4,0,4
2011-09-12,5,21,1,22
2011-09-12,6,107,1,108
2011-09-12,7,297,12,309
2011-09-12,8,377,25,402
2011-09-12,9,152,21,173
2011-09-12,10,88,40,128
2011-09-12,11,130,34,164
2011-09-12,12,143,37,180
2011-09-12,13,119,43,162
2011-09-12,14,129,60,189
2011-09-12,15,146,60,206
2011-09-12,16,234,60,294
2011-09-12,17,512,74,586
2011-09-12,18,504,56,560
2011-09-12,19,360,63,423
2011-09-12,20,253,41,294
2011-09-12,21,162,29,191
2011-09-12,22,129,16,145
2011-09-12,23,62,7,69
2011-09-13,0,19,7,26
2011-09-13,1,6,4,10
2011-09-13,2,0,2,2
2011-09-13,3,2,2,4
2011-09-13,4,6,2,8
2011-09-13,5,18,1,19
2011-09-13,6,114,6,120
2011-09-13,7,341,14,355
2011-09-13,8,394,26,420
2011-09-13,9,176,35,211
2011-09-13,10,92,42,134
2011-09-13,11,119,33,152
2011-09-13,12,143,43,186
2011-09-13,13,133,48,181
2011-09-13,14,137,51,188
2011-09-13,15,143,35,178
2011-09-13,16,249,41,290
2011-09-13,17,501,72,573
2011-09-13,18,469,67,536
2011-09-13,19,337,55,392
2011-09-13,20,238,31,269
2011-09-13,21,197,45,242
2011-09-13,22,119,24,143
2011-09-13,23,59,15,74
2011-09-14,0,28,5,33
2011-09-14,1,7,1,8
2011-09-14,2,4,1,5
2011-09-14,3,6,1,7
2011-09-14,4,8,1,9
2011-09-14,5,29,1,30
2011-09-14,6,134,7,141
2011-09-14,7,347,20,367
2011-09-14,8,390,33,423
2011-09-14,9,181,18,199
2011-09-14,10,115,27,142
2011-09-14,11,118,43,161
2011-09-14,12,154,56,210
2011-09-14,13,138,39,177
2011-09-14,14,102,19,121
2011-09-14,15,145,30,175
2011-09-14,16,241,36,277
2011-09-14,17,509,87,596
2011-09-14,18,494,83,577
2011-09-14,19,335,44,379
2011-09-14,20,215,40,255
2011-09-14,21,188,24,212
2011-09-14,22,140,20,160
2011-09-14,23,62,10,72
2011-09-15,0,34,3,37
2011-09-15,1,19,0,19
2011-09-15,2,5,0,5
2011-09-15,3,5,3,8
2011-09-15,4,5,2,7
2011-09-15,5,30,1,31
2011-09-15,6,118,5,123
2011-09-15,7,318,17,335
2011-09-15,8,357,27,384
2011-09-15,9,183,23,206
2011-09-15,10,90,25,115
2011-09-15,11,117,39,156
2011-09-15,12,147,31,178
2011-09-15,13,150,38,188
2011-09-15,14,128,36,164
2011-09-15,15,109,25,134
2011-09-15,16,192,29,221
2011-09-15,17,230,31,261
2011-09-15,18,219,22,241
2011-09-15,19,210,20,230
2011-09-15,20,218,25,243
2011-09-15,21,134,11,145
2011-09-15,22,106,7,113
2011-09-15,23,60,8,68
2011-09-16,0,43,5,48
2011-09-16,1,19,7,26
2011-09-16,2,7,3,10
2011-09-16,3,4,2,6
2011-09-16,4,3,1,4
2011-09-16,5,29,2,31
2011-09-16,6,83,6,89
2011-09-16,7,278,16,294
2011-09-16,8,382,23,405
2011-09-16,9,186,21,207
2011-09-16,10,100,36,136
2011-09-16,11,136,40,176
2011-09-16,12,207,39,246
2011-09-16,13,164,55,219
2011-09-16,14,174,49,223
2011-09-16,15,163,38,201
2011-09-16,16,286,67,353
2011-09-16,17,474,86,560
2011-09-16,18,425,55,480
2011-09-16,19,252,59,311
2011-09-16,20,178,41,219
2011-09-16,21,120,39,159
2011-09-16,22,134,31,165
2011-09-16,23,105,20,125
2011-09-17,0,80,28,108
2011-09-17,1,51,28,79
2011-09-17,2,61,18,79
2011-09-17,3,20,7,27
2011-09-17,4,3,1,4
2011-09-17,5,3,2,5
2011-09-17,6,17,5,22
2011-09-17,7,31,4,35
2011-09-17,8,81,27,108
2011-09-17,9,143,32,175
2011-09-17,10,175,71,246
2011-09-17,11,247,119,366
2011-09-17,12,255,115,370
2011-09-17,13,221,123,344
2011-09-17,14,172,123,295
2011-09-17,15,206,148,354
2011-09-17,16,183,116,299
2011-09-17,17,214,140,354
2011-09-17,18,230,95,325
2011-09-17,19,181,70,251
2011-09-17,20,133,43,176
2011-09-17,21,116,49,165
2011-09-17,22,111,31,142
2011-09-17,23,97,36,133
2011-09-18,0,86,24,110
2011-09-18,1,65,13,78
2011-09-18,2,66,21,87
2011-09-18,3,25,11,36
2011-09-18,4,0,1,1
2011-09-18,5,5,1,6
2011-09-18,6,10,2,12
2011-09-18,7,29,15,44
2011-09-18,8,52,16,68
2011-09-18,9,94,46,140
2011-09-18,10,177,82,259
2011-09-18,11,197,116,313
2011-09-18,12,225,135,360
2011-09-18,13,210,162,372
2011-09-18,14,181,127,308
2011-09-18,15,225,132,357
2011-09-18,16,234,134,368
2011-09-18,17,229,95,324
2011-09-18,18,214,66,280
2011-09-18,19,189,54,243
2011-09-18,20,135,44,179
2011-09-18,21,109,37,146
2011-09-18,22,74,9,83
2011-09-18,23,44,10,54
2011-09-19,0,23,14,37
2011-09-19,1,7,3,10
2011-09-19,2,7,6,13
2011-09-19,3,4,1,5
2011-09-19,4,5,2,7
2011-09-19,5,25,2,27
2011-09-19,6,105,6,111
2011-09-19,7,305,20,325
2011-09-19,8,377,28,405
2011-09-19,9,181,32,213
2011-09-19,10,84,21,105
2011-09-19,11,96,40,136
2011-09-19,12,136,51,187
2011-09-19,13,124,53,177
2011-09-19,14,139,45,184
2011-09-19,15,142,44,186
2011-09-19,16,206,55,261
2011-09-19,17,478,84,562
2011-09-19,18,476,56,532
2011-09-19,19,328,41,369
2011-09-19,20,200,27,227
2011-09-19,21,176,19,195
2011-09-19,22,103,25,128
2011-09-19,23,52,13,65
2011-09-20,0,21,4,25
2011-09-20,1,11,3,14
2011-09-20,2,4,1,5
2011-09-20,3,3,0,3
2011-09-20,4,3,2,5
2011-09-20,5,21,1,22
2011-09-20,6,110,3,113
2011-09-20,7,296,23,319
2011-09-20,8,192,13,205
2011-09-20,9,63,5,68
2011-09-20,10,26,4,30
2011-09-20,11,48,7,55
2011-09-20,12,46,13,59
2011-09-20,13,80,22,102
2011-09-20,14,83,27,110
2011-09-20,15,155,34,189
2011-09-20,16,240,23,263
2011-09-20,17,441,66,507
2011-09-20,18,448,39,487
2011-09-20,19,291,43,334
2011-09-20,20,208,41,249
2011-09-20,21,175,29,204
2011-09-20,22,123,23,146
2011-09-20,23,68,11,79
2011-09-21,0,21,7,28
2011-09-21,1,17,0,17
2011-09-21,2,4,1,5
2011-09-21,3,6,0,6
2011-09-21,4,5,2,7
2011-09-21,5,30,1,31
2011-09-21,6,111,5,116
2011-09-21,7,309,17,326
2011-09-21,8,436,18,454
2011-09-21,9,183,21,204
2011-09-21,10,103,30,133
2011-09-21,11,134,42,176
2011-09-21,12,151,42,193
2011-09-21,13,144,37,181
2011-09-21,14,136,40,176
2011-09-21,15,141,43,184
2011-09-21,16,229,51,280
2011-09-21,17,469,60,529
2011-09-21,18,383,24,407
2011-09-21,19,252,30,282
2011-09-21,20,147,11,158
2011-09-21,21,170,25,195
2011-09-21,22,110,15,125
2011-09-21,23,77,15,92
2011-09-22,0,30,11,41
2011-09-22,1,6,5,11
2011-09-22,2,8,2,10
2011-09-22,3,7,5,12
2011-09-22,4,2,0,2
2011-09-22,5,28,2,30
2011-09-22,6,93,7,100
2011-09-22,7,292,16,308
2011-09-22,8,385,26,411
2011-09-22,9,166,35,201
2011-09-22,10,101,19,120
2011-09-22,11,139,23,162
2011-09-22,12,151,25,176
2011-09-22,13,153,38,191
2011-09-22,14,140,41,181
2011-09-22,15,148,32,180
2011-09-22,16,258,39,297
2011-09-22,17,508,50,558
2011-09-22,18,495,50,545
2011-09-22,19,381,32,413
2011-09-22,20,247,35,282
2011-09-22,21,189,27,216
2011-09-22,22,164,21,185
2011-09-22,23,97,14,111
2011-09-23,0,41,11,52
2011-09-23,1,27,2,29
2011-09-23,2,14,6,20
2011-09-23,3,5,3,8
2011-09-23,4,6,6,12
2011-09-23,5,19,2,21
2011-09-23,6,97,5,102
2011-09-23,7,236,14,250
2011-09-23,8,295,20,315
2011-09-23,9,108,3,111
2011-09-23,10,28,7,35
2011-09-23,11,20,1,21
2011-09-23,12,28,1,29
2011-09-23,13,27,7,34
2011-09-23,14,21,3,24
2011-09-23,15,52,9,61
2011-09-23,16,51,5,56
2011-09-23,17,85,13,98
2011-09-23,18,214,14,228
2011-09-23,19,229,16,245
2011-09-23,20,157,21,178
2011-09-23,21,120,17,137
2011-09-23,22,123,31,154
2011-09-23,23,106,41,147
2011-09-24,0,86,7,93
2011-09-24,1,58,18,76
2011-09-24,2,54,14,68
2011-09-24,3,26,4,30
2011-09-24,4,7,1,8
2011-09-24,5,3,2,5
2011-09-24,6,12,6,18
2011-09-24,7,33,12,45
2011-09-24,8,101,19,120
2011-09-24,9,130,41,171
2011-09-24,10,198,90,288
2011-09-24,11,262,118,380
2011-09-24,12,260,141,401
2011-09-24,13,285,170,455
2011-09-24,14,221,164,385
2011-09-24,15,279,168,447
2011-09-24,16,277,167,444
2011-09-24,17,240,180,420
2011-09-24,18,239,157,396
2011-09-24,19,226,77,303
2011-09-24,20,162,77,239
2011-09-24,21,153,66,219
2011-09-24,22,143,50,193
2011-09-24,23,121,28,149
2011-09-25,0,135,37,172
2011-09-25,1,92,31,123
2011-09-25,2,78,27,105
2011-09-25,3,38,20,58
2011-09-25,4,5,3,8
2011-09-25,5,2,1,3
2011-09-25,6,13,4,17
2011-09-25,7,23,15,38
2011-09-25,8,57,27,84
2011-09-25,9,99,55,154
2011-09-25,10,188,85,273
2011-09-25,11,229,131,360
2011-09-25,12,267,143,410
2011-09-25,13,243,122,365
2011-09-25,14,229,116,345
2011-09-25,15,232,119,351
2011-09-25,16,315,144,459
2011-09-25,17,267,145,412
2011-09-25,18,274,125,399
2011-09-25,19,236,87,323
2011-09-25,20,132,51,183
2011-09-25,21,112,24,136
2011-09-25,22,84,20,104
2011-09-25,23,66,12,78
2011-09-26,0,23,6,29
2011-09-26,1,14,3,17
2011-09-26,2,4,4,8
2011-09-26,3,5,0,5
2011-09-26,4,4,2,6
2011-09-26,5,25,0,25
2011-09-26,6,106,6,112
2011-09-26,7,312,17,329
2011-09-26,8,323,29,352
2011-09-26,9,159,44,203
2011-09-26,10,115,37,152
2011-09-26,11,115,43,158
2011-09-26,12,160,47,207
2011-09-26,13,138,48,186
2011-09-26,14,109,43,152
2011-09-26,15,155,52,207
2011-09-26,16,239,74,313
2011-09-26,17,500,61,561
2011-09-26,18,485,63,548
2011-09-26,19,346,36,382
2011-09-26,20,222,24,246
2011-09-26,21,161,18,179
2011-09-26,22,122,13,135
2011-09-26,23,64,11,75
2011-09-27,0,28,9,37
2011-09-27,1,6,4,10
2011-09-27,2,4,7,11
2011-09-27,3,5,5,10
2011-09-27,4,3,5,8
2011-09-27,5,24,0,24
2011-09-27,6,115,8,123
2011-09-27,7,230,15,245
2011-09-27,8,394,27,421
2011-09-27,9,172,20,192
2011-09-27,10,100,21,121
2011-09-27,11,97,26,123
2011-09-27,12,124,33,157
2011-09-27,13,117,29,146
2011-09-27,14,123,29,152
2011-09-27,15,169,35,204
2011-09-27,16,222,33,255
2011-09-27,17,477,50,527
2011-09-27,18,319,31,350
2011-09-27,19,285,26,311
2011-09-27,20,219,17,236
2011-09-27,21,176,17,193
2011-09-27,22,102,19,121
2011-09-27,23,82,10,92
2011-09-28,0,29,8,37
2011-09-28,1,13,1,14
2011-09-28,2,9,0,9
2011-09-28,3,3,0,3
2011-09-28,4,3,1,4
2011-09-28,5,19,2,21
2011-09-28,6,108,3,111
2011-09-28,7,176,8,184
2011-09-28,8,267,17,284
2011-09-28,9,140,14,154
2011-09-28,10,107,20,127
2011-09-28,11,127,24,151
2011-09-28,12,158,25,183
2011-09-28,13,135,24,159
2011-09-28,14,145,25,170
2011-09-28,15,145,35,180
2011-09-28,16,241,39,280
2011-09-28,17,525,64,589
2011-09-28,18,453,65,518
2011-09-28,19,313,57,370
2011-09-28,20,88,11,99
2011-09-28,21,66,7,73
2011-09-28,22,68,19,87
2011-09-28,23,58,12,70
2011-09-29,0,33,7,40
2011-09-29,1,20,3,23
2011-09-29,2,2,0,2
2011-09-29,3,8,0,8
2011-09-29,4,5,2,7
2011-09-29,5,22,0,22
2011-09-29,6,105,5,110
2011-09-29,7,269,14,283
2011-09-29,8,399,29,428
2011-09-29,9,196,27,223
2011-09-29,10,100,24,124
2011-09-29,11,121,36,157
2011-09-29,12,153,38,191
2011-09-29,13,173,36,209
2011-09-29,14,134,33,167
2011-09-29,15,182,42,224
2011-09-29,16,226,64,290
2011-09-29,17,522,62,584
2011-09-29,18,490,84,574
2011-09-29,19,344,36,380
2011-09-29,20,232,39,271
2011-09-29,21,195,30,225
2011-09-29,22,147,25,172
2011-09-29,23,62,17,79
2011-09-30,0,53,7,60
2011-09-30,1,17,5,22
2011-09-30,2,9,6,15
2011-09-30,3,3,0,3
2011-09-30,4,6,2,8
2011-09-30,5,23,3,26
2011-09-30,6,97,0,97
2011-09-30,7,281,14,295
2011-09-30,8,421,31,452
2011-09-30,9,213,23,236
2011-09-30,10,121,46,167
2011-09-30,11,166,49,215
2011-09-30,12,193,59,252
2011-09-30,13,191,72,263
2011-09-30,14,172,93,265
2011-09-30,15,193,52,245
2011-09-30,16,297,62,359
2011-09-30,17,490,94,584
2011-09-30,18,441,62,503
2011-09-30,19,324,42,366
2011-09-30,20,198,28,226
2011-09-30,21,175,27,202
2011-09-30,22,128,30,158
2011-09-30,23,108,23,131
2011-10-01,0,103,24,127
2011-10-01,1,45,11,56
2011-10-01,2,45,21,66
2011-10-01,3,17,8,25
2011-10-01,4,6,2,8
2011-10-01,5,4,1,5
2011-10-01,6,15,4,19
2011-10-01,7,30,6,36
2011-10-01,8,58,9,67
2011-10-01,9,111,17,128
2011-10-01,10,99,21,120
2011-10-01,11,101,30,131
2011-10-01,12,129,28,157
2011-10-01,13,96,26,122
2011-10-01,14,146,32,178
2011-10-01,15,152,40,192
2011-10-01,16,164,57,221
2011-10-01,17,169,58,227
2011-10-01,18,117,23,140
2011-10-01,19,96,27,123
2011-10-01,20,57,8,65
2011-10-01,21,53,3,56
2011-10-01,22,56,12,68
2011-10-01,23,57,8,65
2011-10-02,0,42,4,46
2011-10-02,1,22,1,23
2011-10-02,2,27,3,30
2011-10-02,3,5,4,9
2011-10-02,4,3,4,7
2011-10-02,5,7,0,7
2011-10-02,6,13,2,15
2011-10-02,7,24,5,29
2011-10-02,8,49,14,63
2011-10-02,9,94,19,113
2011-10-02,10,184,60,244
2011-10-02,11,216,74,290
2011-10-02,12,242,78,320
2011-10-02,13,216,84,300
2011-10-02,14,195,61,256
2011-10-02,15,140,29,169
2011-10-02,16,158,44,202
2011-10-02,17,133,32,165
2011-10-02,18,157,16,173
2011-10-02,19,127,34,161
2011-10-02,20,71,16,87
2011-10-02,21,69,17,86
2011-10-02,22,55,9,64
2011-10-02,23,19,6,25
2011-10-03,0,13,3,16
2011-10-03,1,5,1,6
2011-10-03,2,4,0,4
2011-10-03,3,6,1,7
2011-10-03,4,6,2,8
2011-10-03,5,17,4,21
2011-10-03,6,90,3,93
2011-10-03,7,237,8,245
2011-10-03,8,355,13,368
2011-10-03,9,140,12,152
2011-10-03,10,81,19,100
2011-10-03,11,99,26,125
2011-10-03,12,116,29,145
2011-10-03,13,102,16,118
2011-10-03,14,92,26,118
2011-10-03,15,78,22,100
2011-10-03,16,199,16,215
2011-10-03,17,449,40,489
2011-10-03,18,381,28,409
2011-10-03,19,292,15,307
2011-10-03,20,190,13,203
2011-10-03,21,127,10,137
2011-10-03,22,79,12,91
2011-10-03,23,41,11,52
2011-10-04,0,22,5,27
2011-10-04,1,8,1,9
2011-10-04,2,2,1,3
2011-10-04,3,3,3,6
2011-10-04,4,4,3,7
2011-10-04,5,25,2,27
2011-10-04,6,108,3,111
2011-10-04,7,295,11,306
2011-10-04,8,367,28,395
2011-10-04,9,167,19,186
2011-10-04,10,104,19,123
2011-10-04,11,102,22,124
2011-10-04,12,160,38,198
2011-10-04,13,150,20,170
2011-10-04,14,152,27,179
2011-10-04,15,165,28,193
2011-10-04,16,267,36,303
2011-10-04,17,525,55,580
2011-10-04,18,449,68,517
2011-10-04,19,307,35,342
2011-10-04,20,233,25,258
2011-10-04,21,144,22,166
2011-10-04,22,104,8,112
2011-10-04,23,57,6,63
2011-10-05,0,35,7,42
2011-10-05,1,7,4,11
2011-10-05,2,2,1,3
2011-10-05,3,5,1,6
2011-10-05,4,4,1,5
2011-10-05,5,29,3,32
2011-10-05,6,111,5,116
2011-10-05,7,285,9,294
2011-10-05,8,434,26,460
2011-10-05,9,183,32,215
2011-10-05,10,103,30,133
2011-10-05,11,135,32,167
2011-10-05,12,180,34,214
2011-10-05,13,185,30,215
2011-10-05,14,153,34,187
2011-10-05,15,146,35,181
2011-10-05,16,240,37,277
2011-10-05,17,522,66,588
2011-10-05,18,530,57,587
2011-10-05,19,329,40,369
2011-10-05,20,227,18,245
2011-10-05,21,170,28,198
2011-10-05,22,133,20,153
2011-10-05,23,64,9,73
2011-10-06,0,34,6,40
2011-10-06,1,17,5,22
2011-10-06,2,8,2,10
2011-10-06,3,4,1,5
2011-10-06,4,5,0,5
2011-10-06,5,24,0,24
2011-10-06,6,107,4,111
2011-10-06,7,286,15,301
2011-10-06,8,430,20,450
2011-10-06,9,184,20,204
2011-10-06,10,102,24,126
2011-10-06,11,115,29,144
2011-10-06,12,178,46,224
2011-10-06,13,154,33,187
2011-10-06,14,138,56,194
2011-10-06,15,154,62,216
2011-10-06,16,270,51,321
2011-10-06,17,499,62,561
2011-10-06,18,477,60,537
2011-10-06,19,303,38,341
2011-10-06,20,227,29,256
2011-10-06,21,159,34,193
2011-10-06,22,122,24,146
2011-10-06,23,81,18,99
2011-10-07,0,47,19,66
2011-10-07,1,25,3,28
2011-10-07,2,5,0,5
2011-10-07,3,9,1,10
2011-10-07,4,4,0,4
2011-10-07,5,24,3,27
2011-10-07,6,83,3,86
2011-10-07,7,232,5,237
2011-10-07,8,379,31,410
2011-10-07,9,202,34,236
2011-10-07,10,125,48,173
2011-10-07,11,147,80,227
2011-10-07,12,173,61,234
2011-10-07,13,210,95,305
2011-10-07,14,179,77,256
2011-10-07,15,200,68,268
2011-10-07,16,340,73,413
2011-10-07,17,455,101,556
2011-10-07,18,366,94,460
2011-10-07,19,241,51,292
2011-10-07,20,164,30,194
2011-10-07,21,142,22,164
2011-10-07,22,115,27,142
2011-10-07,23,109,23,132
2011-10-08,0,70,17,87
2011-10-08,1,51,14,65
2011-10-08,2,39,4,43
2011-10-08,3,15,4,19
2011-10-08,4,6,3,9
2011-10-08,5,7,1,8
2011-10-08,6,15,6,21
2011-10-08,7,45,27,72
2011-10-08,8,89,14,103
2011-10-08,9,159,54,213
2011-10-08,10,213,120,333
2011-10-08,11,218,175,393
2011-10-08,12,253,190,443
2011-10-08,13,223,257,480
2011-10-08,14,207,251,458
2011-10-08,15,225,262,487
2011-10-08,16,223,221,444
2011-10-08,17,213,174,387
2011-10-08,18,221,135,356
2011-10-08,19,170,75,245
2011-10-08,20,122,78,200
2011-10-08,21,131,54,185
2011-10-08,22,100,45,145
2011-10-08,23,89,52,141
2011-10-09,0,82,46,128
2011-10-09,1,60,15,75
2011-10-09,2,33,20,53
2011-10-09,3,20,10,30
2011-10-09,4,7,7,14
2011-10-09,5,13,1,14
2011-10-09,6,14,7,21
2011-10-09,7,25,18,43
2011-10-09,8,82,25,107
2011-10-09,9,117,66,183
2011-10-09,10,206,155,361
2011-10-09,11,229,189,418
2011-10-09,12,235,212,447
2011-10-09,13,192,225,417
2011-10-09,14,226,272,498
2011-10-09,15,199,198,397
2011-10-09,16,240,223,463
2011-10-09,17,226,208,434
2011-10-09,18,224,186,410
2011-10-09,19,184,116,300
2011-10-09,20,134,59,193
2011-10-09,21,118,53,171
2011-10-09,22,100,48,148
2011-10-09,23,82,38,120
2011-10-10,0,42,11,53
2011-10-10,1,30,4,34
2011-10-10,2,14,4,18
2011-10-10,3,9,2,11
2011-10-10,4,4,2,6
2011-10-10,5,19,2,21
2011-10-10,6,37,5,42
2011-10-10,7,100,12,112
2011-10-10,8,219,27,246
2011-10-10,9,157,58,215
2011-10-10,10,152,107,259
2011-10-10,11,179,139,318
2011-10-10,12,199,164,363
2011-10-10,13,216,146,362
2011-10-10,14,223,146,369
2011-10-10,15,252,130,382
2011-10-10,16,239,154,393
2011-10-10,17,328,125,453
2011-10-10,18,360,108,468
2011-10-10,19,263,69,332
2011-10-10,20,184,37,221
2011-10-10,21,148,27,175
2011-10-10,22,102,22,124
2011-10-10,23,63,12,75
2011-10-11,0,16,14,30
2011-10-11,1,9,2,11
2011-10-11,2,3,1,4
2011-10-11,3,1,2,3
2011-10-11,4,5,0,5
2011-10-11,5,20,0,20
2011-10-11,6,112,9,121
2011-10-11,7,326,19,345
2011-10-11,8,369,31,400
2011-10-11,9,193,40,233
2011-10-11,10,109,38,147
2011-10-11,11,89,31,120
2011-10-11,12,130,51,181
2011-10-11,13,138,42,180
2011-10-11,14,117,54,171
2011-10-11,15,138,36,174
2011-10-11,16,256,63,319
2011-10-11,17,529,70,599
2011-10-11,18,484,45,529
2011-10-11,19,279,33,312
2011-10-11,20,202,31,233
2011-10-11,21,152,17,169
2011-10-11,22,115,27,142
2011-10-11,23,45,10,55
2011-10-12,0,23,2,25
2011-10-12,1,8,2,10
2011-10-12,2,2,0,2
2011-10-12,3,2,0,2
2011-10-12,4,6,1,7
2011-10-12,5,22,0,22
2011-10-12,6,106,5,111
2011-10-12,7,240,15,255
2011-10-12,8,373,27,400
2011-10-12,9,179,14,193
2011-10-12,10,96,15,111
2011-10-12,11,100,18,118
2011-10-12,12,53,9,62
2011-10-12,13,76,25,101
2011-10-12,14,70,8,78
2011-10-12,15,42,3,45
2011-10-12,16,50,5,55
2011-10-12,17,235,16,251
2011-10-12,18,160,11,171
2011-10-12,19,101,7,108
2011-10-12,20,79,9,88
2011-10-12,21,71,9,80
2011-10-12,22,40,3,43
2011-10-12,23,41,13,54
2011-10-13,0,14,1,15
2011-10-13,1,9,3,12
2011-10-13,2,4,0,4
2011-10-13,3,4,2,6
2011-10-13,4,5,2,7
2011-10-13,5,16,1,17
2011-10-13,6,51,1,52
2011-10-13,7,75,5,80
2011-10-13,8,199,10,209
2011-10-13,9,106,3,109
2011-10-13,10,51,16,67
2011-10-13,11,72,8,80
2011-10-13,12,94,10,104
2011-10-13,13,136,20,156
2011-10-13,14,111,22,133
2011-10-13,15,126,27,153
2011-10-13,16,239,36,275
2011-10-13,17,427,47,474
2011-10-13,18,242,20,262
2011-10-13,19,187,18,205
2011-10-13,20,164,15,179
2011-10-13,21,115,8,123
2011-10-13,22,100,13,113
2011-10-13,23,45,2,47
2011-10-14,0,28,10,38
2011-10-14,1,16,8,24
2011-10-14,2,6,0,6
2011-10-14,3,6,1,7
2011-10-14,4,8,0,8
2011-10-14,5,17,0,17
2011-10-14,6,90,4,94
2011-10-14,7,136,9,145
2011-10-14,8,184,23,207
2011-10-14,9,162,16,178
2011-10-14,10,103,17,120
2011-10-14,11,73,11,84
2011-10-14,12,62,13,75
2011-10-14,13,108,18,126
2011-10-14,14,116,37,153
2011-10-14,15,166,61,227
2011-10-14,16,261,80,341
2011-10-14,17,421,55,476
2011-10-14,18,361,62,423
2011-10-14,19,212,27,239
2011-10-14,20,173,19,192
2011-10-14,21,155,22,177
2011-10-14,22,120,20,140
2011-10-14,23,80,15,95
2011-10-15,0,87,18,105
2011-10-15,1,63,9,72
2011-10-15,2,39,17,56
2011-10-15,3,17,5,22
2011-10-15,4,7,0,7
2011-10-15,5,6,1,7
2011-10-15,6,15,5,20
2011-10-15,7,40,17,57
2011-10-15,8,101,24,125
2011-10-15,9,156,50,206
2011-10-15,10,206,113,319
2011-10-15,11,215,153,368
2011-10-15,12,258,195,453
2011-10-15,13,217,171,388
2011-10-15,14,223,242,465
2011-10-15,15,200,165,365
2011-10-15,16,256,179,435
2011-10-15,17,255,177,432
2011-10-15,18,239,121,360
2011-10-15,19,172,61,233
2011-10-15,20,134,42,176
2011-10-15,21,115,53,168
2011-10-15,22,120,45,165
2011-10-15,23,99,33,132
2011-10-16,0,84,22,106
2011-10-16,1,63,13,76
2011-10-16,2,51,13,64
2011-10-16,3,30,11,41
2011-10-16,4,7,5,12
2011-10-16,5,5,1,6
2011-10-16,6,7,3,10
2011-10-16,7,39,9,48
2011-10-16,8,67,28,95
2011-10-16,9,147,39,186
2011-10-16,10,223,121,344
2011-10-16,11,211,159,370
2011-10-16,12,270,167,437
2011-10-16,13,267,169,436
2011-10-16,14,251,204,455
2011-10-16,15,230,182,412
2011-10-16,16,280,177,457
2011-10-16,17,247,152,399
2011-10-16,18,222,102,324
2011-10-16,19,179,52,231
2011-10-16,20,126,49,175
2011-10-16,21,85,14,99
2011-10-16,22,86,42,128
2011-10-16,23,46,14,60
2011-10-17,0,25,12,37
2011-10-17,1,15,2,17
2011-10-17,2,3,4,7
2011-10-17,3,2,0,2
2011-10-17,4,3,2,5
2011-10-17,5,28,1,29
2011-10-17,6,107,7,114
2011-10-17,7,299,10,309
2011-10-17,8,379,33,412
2011-10-17,9,180,26,206
2011-10-17,10,90,43,133
2011-10-17,11,129,35,164
2011-10-17,12,165,39,204
2011-10-17,13,149,49,198
2011-10-17,14,118,44,162
2011-10-17,15,141,66,207
2011-10-17,16,234,64,298
2011-10-17,17,536,80,616
2011-10-17,18,461,49,510
2011-10-17,19,285,45,330
2011-10-17,20,184,40,224
2011-10-17,21,138,36,174
2011-10-17,22,87,16,103
2011-10-17,23,48,10,58
2011-10-18,0,21,8,29
2011-10-18,1,7,4,11
2011-10-18,2,4,1,5
2011-10-18,3,1,0,1
2011-10-18,4,4,0,4
2011-10-18,5,18,2,20
2011-10-18,6,102,4,106
2011-10-18,7,321,15,336
2011-10-18,8,467,25,492
2011-10-18,9,197,29,226
2011-10-18,10,74,27,101
2011-10-18,11,110,35,145
2011-10-18,12,158,42,200
2011-10-18,13,171,48,219
2011-10-18,14,133,32,165
2011-10-18,15,139,66,205
2011-10-18,16,243,58,301
2011-10-18,17,551,72,623
2011-10-18,18,507,57,564
2011-10-18,19,284,30,314
2011-10-18,20,199,23,222
2011-10-18,21,175,28,203
2011-10-18,22,115,22,137
2011-10-18,23,63,7,70
2011-10-19,0,23,11,34
2011-10-19,1,9,7,16
2011-10-19,2,4,1,5
2011-10-19,4,3,0,3
2011-10-19,5,3,0,3
2011-10-19,6,27,3,30
2011-10-19,7,66,1,67
2011-10-19,8,198,10,208
2011-10-19,9,184,17,201
2011-10-19,10,106,14,120
2011-10-19,11,115,33,148
2011-10-19,12,116,13,129
2011-10-19,13,86,20,106
2011-10-19,14,78,17,95
2011-10-19,15,98,21,119
2011-10-19,16,179,21,200
2011-10-19,17,166,11,177
2011-10-19,18,129,8,137
2011-10-19,19,188,8,196
2011-10-19,20,140,5,145
2011-10-19,21,77,6,83
2011-10-19,22,94,13,107
2011-10-19,23,55,14,69
2011-10-20,0,22,4,26
2011-10-20,1,10,4,14
2011-10-20,2,4,0,4
2011-10-20,3,1,0,1
2011-10-20,4,6,2,8
2011-10-20,5,24,2,26
2011-10-20,6,87,5,92
2011-10-20,7,299,15,314
2011-10-20,8,404,17,421
2011-10-20,9,194,26,220
2011-10-20,10,102,25,127
2011-10-20,11,97,30,127
2011-10-20,12,170,28,198
2011-10-20,13,133,28,161
2011-10-20,14,114,38,152
2011-10-20,15,137,22,159
2011-10-20,16,202,31,233
2011-10-20,17,433,56,489
2011-10-20,18,429,39,468
2011-10-20,19,277,20,297
2011-10-20,20,203,34,237
2011-10-20,21,146,16,162
2011-10-20,22,105,22,127
2011-10-20,23,82,7,89
2011-10-21,0,41,8,49
2011-10-21,1,19,7,26
2011-10-21,2,11,6,17
2011-10-21,3,7,0,7
2011-10-21,4,6,0,6
2011-10-21,5,30,0,30
2011-10-21,6,78,7,85
2011-10-21,7,224,5,229
2011-10-21,8,383,16,399
2011-10-21,9,189,33,222
2011-10-21,10,105,32,137
2011-10-21,11,134,39,173
2011-10-21,12,191,47,238
2011-10-21,13,162,43,205
2011-10-21,14,128,67,195
2011-10-21,15,177,57,234
2011-10-21,16,238,60,298
2011-10-21,17,442,79,521
2011-10-21,18,350,43,393
2011-10-21,19,225,25,250
2011-10-21,20,151,29,180
2011-10-21,21,109,31,140
2011-10-21,22,85,24,109
2011-10-21,23,97,18,115
2011-10-22,0,80,16,96
2011-10-22,1,47,20,67
2011-10-22,2,24,6,30
2011-10-22,3,19,1,20
2011-10-22,4,4,4,8
2011-10-22,5,7,1,8
2011-10-22,6,16,1,17
2011-10-22,7,48,8,56
2011-10-22,8,86,26,112
2011-10-22,9,120,47,167
2011-10-22,10,143,87,230
2011-10-22,11,168,110,278
2011-10-22,12,209,132,341
2011-10-22,13,182,136,318
2011-10-22,14,176,133,309
2011-10-22,15,216,159,375
2011-10-22,16,188,169,357
2011-10-22,17,214,143,357
2011-10-22,18,214,111,325
2011-10-22,19,171,47,218
2011-10-22,20,109,48,157
2011-10-22,21,118,37,155
2011-10-22,22,110,30,140
2011-10-22,23,80,27,107
2011-10-23,0,62,24,86
2011-10-23,1,59,11,70
2011-10-23,2,40,10,50
2011-10-23,3,31,15,46
2011-10-23,4,1,5,6
2011-10-23,5,2,1,3
2011-10-23,6,11,0,11
2011-10-23,7,17,3,20
2011-10-23,8,56,32,88
2011-10-23,9,94,48,142
2011-10-23,10,181,104,285
2011-10-23,11,201,131,332
2011-10-23,12,243,164,407
2011-10-23,13,248,160,408
2011-10-23,14,210,192,402
2011-10-23,15,209,171,380
2011-10-23,16,212,188,400
2011-10-23,17,216,120,336
2011-10-23,18,194,88,282
2011-10-23,19,138,53,191
2011-10-23,20,110,32,142
2011-10-23,21,75,24,99
2011-10-23,22,68,25,93
2011-10-23,23,29,18,47
2011-10-24,0,25,6,31
2011-10-24,1,8,7,15
2011-10-24,2,5,1,6
2011-10-24,3,3,1,4
2011-10-24,4,5,1,6
2011-10-24,5,19,2,21
2011-10-24,6,82,3,85
2011-10-24,7,272,11,283
2011-10-24,8,374,20,394
2011-10-24,9,163,29,192
2011-10-24,10,81,47,128
2011-10-24,11,109,58,167
2011-10-24,12,152,64,216
2011-10-24,13,136,60,196
2011-10-24,14,142,63,205
2011-10-24,15,120,52,172
2011-10-24,16,241,68,309
2011-10-24,17,519,87,606
2011-10-24,18,426,58,484
2011-10-24,19,211,25,236
2011-10-24,20,115,11,126
2011-10-24,21,110,12,122
2011-10-24,22,76,3,79
2011-10-24,23,50,9,59
2011-10-25,0,26,4,30
2011-10-25,1,6,5,11
2011-10-25,2,3,2,5
2011-10-25,3,3,1,4
2011-10-25,4,4,0,4
2011-10-25,5,24,0,24
2011-10-25,6,94,3,97
2011-10-25,7,296,15,311
2011-10-25,8,380,25,405
2011-10-25,9,191,29,220
2011-10-25,10,100,26,126
2011-10-25,11,119,46,165
2011-10-25,12,162,35,197
2011-10-25,13,159,37,196
2011-10-25,14,132,65,197
2011-10-25,15,167,63,230
2011-10-25,16,231,52,283
2011-10-25,17,513,68,581
2011-10-25,18,442,65,507
2011-10-25,19,288,44,332
2011-10-25,20,206,40,246
2011-10-25,21,166,32,198
2011-10-25,22,147,22,169
2011-10-25,23,77,15,92
2011-10-26,0,28,4,32
2011-10-26,1,9,3,12
2011-10-26,2,1,2,3
2011-10-26,3,3,0,3
2011-10-26,4,5,0,5
2011-10-26,5,20,0,20
2011-10-26,6,91,0,91
2011-10-26,7,282,15,297
2011-10-26,8,436,26,462
2011-10-26,9,222,14,236
2011-10-26,10,105,26,131
2011-10-26,11,131,23,154
2011-10-26,12,154,39,193
2011-10-26,13,62,20,82
2011-10-26,14,52,14,66
2011-10-26,15,58,11,69
2011-10-26,16,196,17,213
2011-10-26,17,407,40,447
2011-10-26,18,396,55,451
2011-10-26,19,299,25,324
2011-10-26,20,178,27,205
2011-10-26,21,135,17,152
2011-10-26,22,111,23,134
2011-10-26,23,71,3,74
2011-10-27,0,23,3,26
2011-10-27,1,9,2,11
2011-10-27,2,5,3,8
2011-10-27,3,3,1,4
2011-10-27,4,3,1,4
2011-10-27,5,14,1,15
2011-10-27,6,41,4,45
2011-10-27,7,127,9,136
2011-10-27,8,299,12,311
2011-10-27,9,154,16,170
2011-10-27,10,49,10,59
2011-10-27,11,43,8,51
2011-10-27,12,45,8,53
2011-10-27,13,62,10,72
2011-10-27,14,75,16,91
2011-10-27,15,92,12,104
2011-10-27,16,193,14,207
2011-10-27,17,290,31,321
2011-10-27,18,222,14,236
2011-10-27,19,200,19,219
2011-10-27,20,170,11,181
2011-10-27,21,116,13,129
2011-10-27,22,97,14,111
2011-10-27,23,57,8,65
2011-10-28,0,39,4,43
2011-10-28,1,9,7,16
2011-10-28,2,3,1,4
2011-10-28,3,4,4,8
2011-10-28,4,5,5,10
2011-10-28,5,25,0,25
2011-10-28,6,74,1,75
2011-10-28,7,197,6,203
2011-10-28,8,361,13,374
2011-10-28,9,209,19,228
2011-10-28,10,101,28,129
2011-10-28,11,126,40,166
2011-10-28,12,164,46,210
2011-10-28,13,184,43,227
2011-10-28,14,149,33,182
2011-10-28,15,170,44,214
2011-10-28,16,261,45,306
2011-10-28,17,402,35,437
2011-10-28,18,329,36,365
2011-10-28,19,184,16,200
2011-10-28,20,127,12,139
2011-10-28,21,69,5,74
2011-10-28,22,30,4,34
2011-10-28,23,31,8,39
2011-10-29,0,17,0,17
2011-10-29,1,18,0,18
2011-10-29,2,16,1,17
2011-10-29,3,8,0,8
2011-10-29,4,1,0,1
2011-10-29,5,1,0,1
2011-10-29,6,1,4,5
2011-10-29,7,6,1,7
2011-10-29,8,16,4,20
2011-10-29,9,19,1,20
2011-10-29,10,12,0,12
2011-10-29,11,26,1,27
2011-10-29,12,43,6,49
2011-10-29,13,30,0,30
2011-10-29,14,28,0,28
2011-10-29,15,37,3,40
2011-10-29,16,19,3,22
2011-10-29,17,28,3,31
2011-10-29,18,36,6,42
2011-10-29,19,36,3,39
2011-10-29,20,40,7,47
2011-10-29,21,48,1,49
2011-10-29,22,43,10,53
2011-10-29,23,33,3,36
2011-10-30,0,46,7,53
2011-10-30,1,34,9,43
2011-10-30,2,43,7,50
2011-10-30,3,24,7,31
2011-10-30,4,9,1,10
2011-10-30,5,4,0,4
2011-10-30,6,8,2,10
2011-10-30,7,15,7,22
2011-10-30,8,57,20,77
2011-10-30,9,90,55,145
2011-10-30,10,124,53,177
2011-10-30,11,177,58,235
2011-10-30,12,228,85,313
2011-10-30,13,230,113,343
2011-10-30,14,207,91,298
2011-10-30,15,199,88,287
2011-10-30,16,210,107,317
2011-10-30,17,187,54,241
2011-10-30,18,159,51,210
2011-10-30,19,121,28,149
2011-10-30,20,72,18,90
2011-10-30,21,71,4,75
2011-10-30,22,58,13,71
2011-10-30,23,30,7,37
2011-10-31,0,20,3,23
2011-10-31,1,8,5,13
2011-10-31,2,3,0,3
2011-10-31,3,3,0,3
2011-10-31,4,5,1,6
2011-10-31,5,18,0,18
2011-10-31,6,80,4,84
2011-10-31,7,215,11,226
2011-10-31,8,350,17,367
2011-10-31,9,193,14,207
2011-10-31,10,87,18,105
2011-10-31,11,96,31,127
2011-10-31,12,140,30,170
2011-10-31,13,125,24,149
2011-10-31,14,119,22,141
2011-10-31,15,141,27,168
2011-10-31,16,240,30,270
2011-10-31,17,440,44,484
2011-10-31,18,385,30,415
2011-10-31,19,224,12,236
2011-10-31,20,151,18,169
2011-10-31,21,108,7,115
2011-10-31,22,75,8,83
2011-10-31,23,45,6,51
2011-11-01,0,17,3,20
2011-11-01,1,8,3,11
2011-11-01,2,3,1,4
2011-11-01,3,5,1,6
2011-11-01,4,7,1,8
2011-11-01,5,18,0,18
2011-11-01,6,88,3,91
2011-11-01,7,243,8,251
2011-11-01,8,400,17,417
2011-11-01,9,205,16,221
2011-11-01,10,113,21,134
2011-11-01,11,100,16,116
2011-11-01,12,151,23,174
2011-11-01,13,147,20,167
2011-11-01,14,117,32,149
2011-11-01,15,144,38,182
2011-11-01,16,249,46,295
2011-11-01,17,470,36,506
2011-11-01,18,416,39,455
2011-11-01,19,271,39,310
2011-11-01,20,191,18,209
2011-11-01,21,114,13,127
2011-11-01,22,91,5,96
2011-11-01,23,60,11,71
2011-11-02,0,18,0,18
2011-11-02,1,8,2,10
2011-11-02,2,2,0,2
2011-11-02,3,2,0,2
2011-11-02,4,3,0,3
2011-11-02,5,26,0,26
2011-11-02,6,90,1,91
2011-11-02,7,234,11,245
2011-11-02,8,447,20,467
2011-11-02,9,211,14,225
2011-11-02,10,106,25,131
2011-11-02,11,116,27,143
2011-11-02,12,156,32,188
2011-11-02,13,139,22,161
2011-11-02,14,131,40,171
2011-11-02,15,155,26,181
2011-11-02,16,230,34,264
2011-11-02,17,518,29,547
2011-11-02,18,443,31,474
2011-11-02,19,254,25,279
2011-11-02,20,176,5,181
2011-11-02,21,154,13,167
2011-11-02,22,97,7,104
2011-11-02,23,53,3,56
2011-11-03,0,28,3,31
2011-11-03,1,12,3,15
2011-11-03,2,5,2,7
2011-11-03,3,4,1,5
2011-11-03,4,2,1,3
2011-11-03,5,27,1,28
2011-11-03,6,95,3,98
2011-11-03,7,275,12,287
2011-11-03,8,386,8,394
2011-11-03,9,154,9,163
2011-11-03,10,96,12,108
2011-11-03,11,108,12,120
2011-11-03,12,159,17,176
2011-11-03,13,145,18,163
2011-11-03,14,119,32,151
2011-11-03,15,136,24,160
2011-11-03,16,232,33,265
2011-11-03,17,455,33,488
2011-11-03,18,402,24,426
2011-11-03,19,233,18,251
2011-11-03,20,191,11,202
2011-11-03,21,139,4,143
2011-11-03,22,114,21,135
2011-11-03,23,80,15,95
2011-11-04,0,31,11,42
2011-11-04,1,16,1,17
2011-11-04,2,8,2,10
2011-11-04,3,7,1,8
2011-11-04,4,6,1,7
2011-11-04,5,23,0,23
2011-11-04,6,63,2,65
2011-11-04,7,234,10,244
2011-11-04,8,384,8,392
2011-11-04,9,235,15,250
2011-11-04,10,113,19,132
2011-11-04,11,127,34,161
2011-11-04,12,150,44,194
2011-11-04,13,159,33,192
2011-11-04,14,145,54,199
2011-11-04,15,191,45,236
2011-11-04,16,235,53,288
2011-11-04,17,436,42,478
2011-11-04,18,332,35,367
2011-11-04,19,178,14,192
2011-11-04,20,167,15,182
2011-11-04,21,114,8,122
2011-11-04,22,108,6,114
2011-11-04,23,71,17,88
2011-11-05,0,48,4,52
2011-11-05,1,57,5,62
2011-11-05,2,24,7,31
2011-11-05,3,8,0,8
2011-11-05,4,4,3,7
2011-11-05,5,2,0,2
2011-11-05,6,20,3,23
2011-11-05,7,31,3,34
2011-11-05,8,79,4,83
2011-11-05,9,111,30,141
2011-11-05,10,170,56,226
2011-11-05,11,169,69,238
2011-11-05,12,229,136,365
2011-11-05,13,204,148,352
2011-11-05,14,224,158,382
2011-11-05,15,197,141,338
2011-11-05,16,205,128,333
2011-11-05,17,231,100,331
2011-11-05,18,183,52,235
2011-11-05,19,154,45,199
2011-11-05,20,134,29,163
2011-11-05,21,97,19,116
2011-11-05,22,72,10,82
2011-11-05,23,80,4,84
2011-11-06,0,65,10,75
2011-11-06,1,102,12,114
2011-11-06,2,23,6,29
2011-11-06,3,4,5,9
2011-11-06,4,6,0,6
2011-11-06,5,5,0,5
2011-11-06,6,11,5,16
2011-11-06,7,24,4,28
2011-11-06,8,70,19,89
2011-11-06,9,134,36,170
2011-11-06,10,184,76,260
2011-11-06,11,214,104,318
2011-11-06,12,224,120,344
2011-11-06,13,206,105,311
2011-11-06,14,216,101,317
2011-11-06,15,205,96,301
2011-11-06,16,257,84,341
2011-11-06,17,181,71,252
2011-11-06,18,143,39,182
2011-11-06,19,127,21,148
2011-11-06,20,99,16,115
2011-11-06,21,76,11,87
2011-11-06,22,40,5,45
2011-11-06,23,43,7,50
2011-11-07,0,14,1,15
2011-11-07,1,6,2,8
2011-11-07,2,2,0,2
2011-11-07,3,3,0,3
2011-11-07,4,4,2,6
2011-11-07,5,25,1,26
2011-11-07,6,96,2,98
2011-11-07,7,302,6,308
2011-11-07,8,392,13,405
2011-11-07,9,150,18,168
2011-11-07,10,92,28,120
2011-11-07,11,98,28,126
2011-11-07,12,157,21,178
2011-11-07,13,156,32,188
2011-11-07,14,115,30,145
2011-11-07,15,131,38,169
2011-11-07,16,253,40,293
2011-11-07,17,477,39,516
2011-11-07,18,397,18,415
2011-11-07,19,273,20,293
2011-11-07,20,185,17,202
2011-11-07,21,129,10,139
2011-11-07,22,98,6,104
2011-11-07,23,47,1,48
2011-11-08,0,17,0,17
2011-11-08,1,8,3,11
2011-11-08,2,1,0,1
2011-11-08,3,3,0,3
2011-11-08,4,4,0,4
2011-11-08,5,17,1,18
2011-11-08,6,95,3,98
2011-11-08,7,314,7,321
2011-11-08,8,444,11,455
2011-11-08,9,172,14,186
2011-11-08,10,103,25,128
2011-11-08,11,122,21,143
2011-11-08,12,173,28,201
2011-11-08,13,163,31,194
2011-11-08,14,126,32,158
2011-11-08,15,154,33,187
2011-11-08,16,248,39,287
2011-11-08,17,457,40,497
2011-11-08,18,427,30,457
2011-11-08,19,260,14,274
2011-11-08,20,166,12,178
2011-11-08,21,164,16,180
2011-11-08,22,92,13,105
2011-11-08,23,43,3,46
2011-11-09,0,13,0,13
2011-11-09,1,10,0,10
2011-11-09,2,5,0,5
2011-11-09,3,4,0,4
2011-11-09,4,4,0,4
2011-11-09,5,28,0,28
2011-11-09,6,96,0,96
2011-11-09,7,297,0,297
2011-11-09,8,428,19,447
2011-11-09,9,195,22,217
2011-11-09,10,88,16,104
2011-11-09,11,131,21,152
2011-11-09,12,156,24,180
2011-11-09,13,134,31,165
2011-11-09,14,152,26,178
2011-11-09,15,128,21,149
2011-11-09,16,252,24,276
2011-11-09,17,449,27,476
2011-11-09,18,383,21,404
2011-11-09,19,287,12,299
2011-11-09,20,198,18,216
2011-11-09,21,150,9,159
2011-11-09,22,103,9,112
2011-11-09,23,61,5,66
2011-11-10,0,24,0,24
2011-11-10,1,10,1,11
2011-11-10,2,5,0,5
2011-11-10,3,5,0,5
2011-11-10,4,2,1,3
2011-11-10,5,22,1,23
2011-11-10,6,109,4,113
2011-11-10,7,264,6,270
2011-11-10,8,410,18,428
2011-11-10,9,188,23,211
2011-11-10,10,99,17,116
2011-11-10,11,97,9,106
2011-11-10,12,149,18,167
2011-11-10,13,86,9,95
2011-11-10,14,58,6,64
2011-11-10,15,57,5,62
2011-11-10,16,66,6,72
2011-11-10,17,166,9,175
2011-11-10,18,261,10,271
2011-11-10,19,191,19,210
2011-11-10,20,160,8,168
2011-11-10,21,130,6,136
2011-11-10,22,82,5,87
2011-11-10,23,72,9,81
2011-11-11,0,55,10,65
2011-11-11,1,16,3,19
2011-11-11,2,10,1,11
2011-11-11,3,6,0,6
2011-11-11,4,8,0,8
2011-11-11,5,13,0,13
2011-11-11,6,46,0,46
2011-11-11,7,116,5,121
2011-11-11,8,248,9,257
2011-11-11,9,186,15,201
2011-11-11,10,156,38,194
2011-11-11,11,147,20,167
2011-11-11,12,194,41,235
2011-11-11,13,178,57,235
2011-11-11,14,181,64,245
2011-11-11,15,185,29,214
2011-11-11,16,188,49,237
2011-11-11,17,280,24,304
2011-11-11,18,184,23,207
2011-11-11,19,179,17,196
2011-11-11,20,97,12,109
2011-11-11,21,79,4,83
2011-11-11,22,78,13,91
2011-11-11,23,67,6,73
2011-11-12,0,52,12,64
2011-11-12,1,45,9,54
2011-11-12,2,38,7,45
2011-11-12,3,13,4,17
2011-11-12,4,7,0,7
2011-11-12,5,3,1,4
2011-11-12,6,7,0,7
2011-11-12,7,24,3,27
2011-11-12,8,87,14,101
2011-11-12,9,139,18,157
2011-11-12,10,168,62,230
2011-11-12,11,213,102,315
2011-11-12,12,222,142,364
2011-11-12,13,223,128,351
2011-11-12,14,242,191,433
2011-11-12,15,216,165,381
2011-11-12,16,222,137,359
2011-11-12,17,191,92,283
2011-11-12,18,148,53,201
2011-11-12,19,138,32,170
2011-11-12,20,97,31,128
2011-11-12,21,98,19,117
2011-11-12,22,87,30,117
2011-11-12,23,78,23,101
2011-11-13,0,60,12,72
2011-11-13,1,57,13,70
2011-11-13,2,48,9,57
2011-11-13,3,20,8,28
2011-11-13,4,5,1,6
2011-11-13,5,3,2,5
2011-11-13,6,18,5,23
2011-11-13,7,30,13,43
2011-11-13,8,55,24,79
2011-11-13,9,96,38,134
2011-11-13,10,176,63,239
2011-11-13,11,185,108,293
2011-11-13,12,239,112,351
2011-11-13,13,226,105,331
2011-11-13,14,262,108,370
2011-11-13,15,216,89,305
2011-11-13,16,225,93,318
2011-11-13,17,184,44,228
2011-11-13,18,154,35,189
2011-11-13,19,121,36,157
2011-11-13,20,114,24,138
2011-11-13,21,75,19,94
2011-11-13,22,62,25,87
2011-11-13,23,49,18,67
2011-11-14,0,22,8,30
2011-11-14,1,6,5,11
2011-11-14,2,10,7,17
2011-11-14,3,3,4,7
2011-11-14,4,3,0,3
2011-11-14,5,19,0,19
2011-11-14,6,102,10,112
2011-11-14,7,304,11,315
2011-11-14,8,420,27,447
2011-11-14,9,203,29,232
2011-11-14,10,81,26,107
2011-11-14,11,105,22,127
2011-11-14,12,164,36,200
2011-11-14,13,151,50,201
2011-11-14,14,137,47,184
2011-11-14,15,141,53,194
2011-11-14,16,261,50,311
2011-11-14,17,453,55,508
2011-11-14,18,457,29,486
2011-11-14,19,268,28,296
2011-11-14,20,207,30,237
2011-11-14,21,174,37,211
2011-11-14,22,95,17,112
2011-11-14,23,47,13,60
2011-11-15,0,15,7,22
2011-11-15,1,4,5,9
2011-11-15,2,8,7,15
2011-11-15,3,4,0,4
2011-11-15,4,6,1,7
2011-11-15,5,25,2,27
2011-11-15,6,102,4,106
2011-11-15,7,295,21,316
2011-11-15,8,452,27,479
2011-11-15,9,172,26,198
2011-11-15,10,114,23,137
2011-11-15,11,115,18,133
2011-11-15,12,148,28,176
2011-11-15,13,132,21,153
2011-11-15,14,118,27,145
2011-11-15,15,155,36,191
2011-11-15,16,237,31,268
2011-11-15,17,419,29,448
2011-11-15,18,410,27,437
2011-11-15,19,257,27,284
2011-11-15,20,208,26,234
2011-11-15,21,144,23,167
2011-11-15,22,106,19,125
2011-11-15,23,66,14,80
2011-11-16,0,26,5,31
2011-11-16,1,5,0,5
2011-11-16,2,6,4,10
2011-11-16,3,3,2,5
2011-11-16,4,3,1,4
2011-11-16,5,13,0,13
2011-11-16,6,51,4,55
2011-11-16,7,130,7,137
2011-11-16,8,222,9,231
2011-11-16,9,77,5,82
2011-11-16,10,32,4,36
2011-11-16,11,53,7,60
2011-11-16,12,48,5,53
2011-11-16,13,51,6,57
2011-11-16,14,49,12,61
2011-11-16,15,50,16,66
2011-11-16,16,110,13,123
2011-11-16,17,214,17,231
2011-11-16,18,175,13,188
2011-11-16,19,106,3,109
2011-11-16,20,91,5,96
2011-11-16,21,72,3,75
2011-11-16,22,45,1,46
2011-11-16,23,28,3,31
2011-11-17,0,21,2,23
2011-11-17,1,5,0,5
2011-11-17,2,5,0,5
2011-11-17,3,3,0,3
2011-11-17,4,3,1,4
2011-11-17,5,21,1,22
2011-11-17,6,71,3,74
2011-11-17,7,163,4,167
2011-11-17,8,341,12,353
2011-11-17,9,184,14,198
2011-11-17,10,73,7,80
2011-11-17,11,92,4,96
2011-11-17,12,114,6,120
2011-11-17,13,109,15,124
2011-11-17,14,105,5,110
2011-11-17,15,106,10,116
2011-11-17,16,186,8,194
2011-11-17,17,375,20,395
2011-11-17,18,297,9,306
2011-11-17,19,207,7,214
2011-11-17,20,156,7,163
2011-11-17,21,111,3,114
2011-11-17,22,81,1,82
2011-11-17,23,57,0,57
2011-11-18,0,27,2,29
2011-11-18,1,10,0,10
2011-11-18,2,8,2,10
2011-11-18,3,2,0,2
2011-11-18,4,5,0,5
2011-11-18,5,22,0,22
2011-11-18,6,69,1,70
2011-11-18,7,210,5,215
2011-11-18,8,368,6,374
2011-11-18,9,204,6,210
2011-11-18,10,105,10,115
2011-11-18,11,122,18,140
2011-11-18,12,139,21,160
2011-11-18,13,145,31,176
2011-11-18,14,122,30,152
2011-11-18,15,149,27,176
2011-11-18,16,188,19,207
2011-11-18,17,360,17,377
2011-11-18,18,308,16,324
2011-11-18,19,177,7,184
2011-11-18,20,125,8,133
2011-11-18,21,107,3,110
2011-11-18,22,88,9,97
2011-11-18,23,53,5,58
2011-11-19,0,48,4,52
2011-11-19,1,34,1,35
2011-11-19,2,34,12,46
2011-11-19,3,11,4,15
2011-11-19,4,4,4,8
2011-11-19,5,2,0,2
2011-11-19,6,10,2,12
2011-11-19,7,37,3,40
2011-11-19,8,80,12,92
2011-11-19,9,127,12,139
2011-11-19,10,158,35,193
2011-11-19,11,181,50,231
2011-11-19,12,214,93,307
2011-11-19,13,242,118,360
2011-11-19,14,223,121,344
2011-11-19,15,257,118,375
2011-11-19,16,186,99,285
2011-11-19,17,169,61,230
2011-11-19,18,171,36,207
2011-11-19,19,147,33,180
2011-11-19,20,114,48,162
2011-11-19,21,79,29,108
2011-11-19,22,80,26,106
2011-11-19,23,71,20,91
2011-11-20,0,77,14,91
2011-11-20,1,72,11,83
2011-11-20,2,43,12,55
2011-11-20,3,30,6,36
2011-11-20,4,10,2,12
2011-11-20,5,3,0,3
2011-11-20,6,6,3,9
2011-11-20,7,18,4,22
2011-11-20,8,51,13,64
2011-11-20,9,107,29,136
2011-11-20,10,182,46,228
2011-11-20,11,210,74,284
2011-11-20,12,230,70,300
2011-11-20,13,280,84,364
2011-11-20,14,246,112,358
2011-11-20,15,240,110,350
2011-11-20,16,218,81,299
2011-11-20,17,165,35,200
2011-11-20,18,123,22,145
2011-11-20,19,137,17,154
2011-11-20,20,86,23,109
2011-11-20,21,91,11,102
2011-11-20,22,35,5,40
2011-11-20,23,25,3,28
2011-11-21,0,13,4,17
2011-11-21,1,8,4,12
2011-11-21,2,2,1,3
2011-11-21,3,4,0,4
2011-11-21,4,5,0,5
2011-11-21,5,20,0,20
2011-11-21,6,75,0,75
2011-11-21,7,227,17,244
2011-11-21,8,368,13,381
2011-11-21,9,218,15,233
2011-11-21,10,109,25,134
2011-11-21,11,110,16,126
2011-11-21,12,135,24,159
2011-11-21,13,120,13,133
2011-11-21,14,118,14,132
2011-11-21,15,93,15,108
2011-11-21,16,95,13,108
2011-11-21,17,198,10,208
2011-11-21,18,183,8,191
2011-11-21,19,134,2,136
2011-11-21,20,74,5,79
2011-11-21,21,102,11,113
2011-11-21,22,70,6,76
2011-11-21,23,29,4,33
2011-11-22,0,14,0,14
2011-11-22,1,5,1,6
2011-11-22,2,4,2,6
2011-11-22,3,2,1,3
2011-11-22,4,7,0,7
2011-11-22,5,17,1,18
2011-11-22,6,62,1,63
2011-11-22,7,119,2,121
2011-11-22,8,182,5,187
2011-11-22,9,145,2,147
2011-11-22,10,45,6,51
2011-11-22,11,28,4,32
2011-11-22,12,17,3,20
2011-11-22,13,22,4,26
2011-11-22,14,31,4,35
2011-11-22,15,32,2,34
2011-11-22,16,59,3,62
2011-11-22,17,160,4,164
2011-11-22,18,144,0,144
2011-11-22,19,105,5,110
2011-11-22,20,120,6,126
2011-11-22,21,84,4,88
2011-11-22,22,79,6,85
2011-11-22,23,35,3,38
2011-11-23,0,14,2,16
2011-11-23,1,8,0,8
2011-11-23,2,5,1,6
2011-11-23,3,2,1,3
2011-11-23,4,5,0,5
2011-11-23,5,16,1,17
2011-11-23,6,67,1,68
2011-11-23,7,152,2,154
2011-11-23,8,304,7,311
2011-11-23,9,163,3,166
2011-11-23,10,69,6,75
2011-11-23,11,105,9,114
2011-11-23,12,148,9,157
2011-11-23,13,162,12,174
2011-11-23,14,198,13,211
2011-11-23,15,194,13,207
2011-11-23,16,167,4,171
2011-11-23,17,156,7,163
2011-11-23,18,136,7,143
2011-11-23,19,115,6,121
2011-11-23,20,66,1,67
2011-11-23,21,66,0,66
2011-11-23,22,59,3,62
2011-11-23,23,46,4,50
2011-11-24,0,22,1,23
2011-11-24,1,23,1,24
2011-11-24,2,18,3,21
2011-11-24,3,4,1,5
2011-11-24,4,1,1,2
2011-11-24,5,9,1,10
2011-11-24,6,5,1,6
2011-11-24,7,29,9,38
2011-11-24,8,42,4,46
2011-11-24,9,66,13,79
2011-11-24,10,64,34,98
2011-11-24,11,90,51,141
2011-11-24,12,86,62,148
2011-11-24,13,88,84,172
2011-11-24,14,92,74,166
2011-11-24,15,71,78,149
2011-11-24,16,64,48,112
2011-11-24,17,40,34,74
2011-11-24,18,23,13,36
2011-11-24,19,13,15,28
2011-11-24,20,17,14,31
2011-11-24,21,18,7,25
2011-11-24,22,14,8,22
2011-11-24,23,19,2,21
2011-11-25,0,22,7,29
2011-11-25,1,12,2,14
2011-11-25,2,6,4,10
2011-11-25,3,2,0,2
2011-11-25,4,3,4,7
2011-11-25,5,3,2,5
2011-11-25,6,9,4,13
2011-11-25,7,31,4,35
2011-11-25,8,68,6,74
2011-11-25,9,68,25,93
2011-11-25,10,80,60,140
2011-11-25,11,126,99,225
2011-11-25,12,144,126,270
2011-11-25,13,140,142,282
2011-11-25,14,149,123,272
2011-11-25,15,143,165,308
2011-11-25,16,138,122,260
2011-11-25,17,127,57,184
2011-11-25,18,105,45,150
2011-11-25,19,95,37,132
2011-11-25,20,75,20,95
2011-11-25,21,59,24,83
2011-11-25,22,45,12,57
2011-11-25,23,27,5,32
2011-11-26,0,37,9,46
2011-11-26,1,24,6,30
2011-11-26,2,19,3,22
2011-11-26,3,9,8,17
2011-11-26,4,4,0,4
2011-11-26,5,3,0,3
2011-11-26,6,8,2,10
2011-11-26,7,13,4,17
2011-11-26,8,46,10,56
2011-11-26,9,62,16,78
2011-11-26,10,81,57,138
2011-11-26,11,122,107,229
2011-11-26,12,165,136,301
2011-11-26,13,144,178,322
2011-11-26,14,157,141,298
2011-11-26,15,155,154,309
2011-11-26,16,135,136,271
2011-11-26,17,121,62,183
2011-11-26,18,118,67,185
2011-11-26,19,99,46,145
2011-11-26,20,86,55,141
2011-11-26,21,69,20,89
2011-11-26,22,50,14,64
2011-11-26,23,49,18,67
2011-11-27,0,39,7,46
2011-11-27,1,34,9,43
2011-11-27,2,21,9,30
2011-11-27,3,8,9,17
2011-11-27,4,4,0,4
2011-11-27,5,5,0,5
2011-11-27,6,9,0,9
2011-11-27,7,11,12,23
2011-11-27,8,36,6,42
2011-11-27,9,89,21,110
2011-11-27,10,131,58,189
2011-11-27,11,153,83,236
2011-11-27,12,192,63,255
2011-11-27,13,214,97,311
2011-11-27,14,193,113,306
2011-11-27,15,218,96,314
2011-11-27,16,220,94,314
2011-11-27,17,162,37,199
2011-11-27,18,130,25,155
2011-11-27,19,107,28,135
2011-11-27,20,91,10,101
2011-11-27,21,75,13,88
2011-11-27,22,53,13,66
2011-11-27,23,26,5,31
2011-11-28,0,10,6,16
2011-11-28,1,12,1,13
2011-11-28,3,4,1,5
2011-11-28,4,3,0,3
2011-11-28,5,34,0,34
2011-11-28,6,93,6,99
2011-11-28,7,268,7,275
2011-11-28,8,391,13,404
2011-11-28,9,189,17,206
2011-11-28,10,85,21,106
2011-11-28,11,106,11,117
2011-11-28,12,159,13,172
2011-11-28,13,134,25,159
2011-11-28,14,128,14,142
2011-11-28,15,130,18,148
2011-11-28,16,235,24,259
2011-11-28,17,439,24,463
2011-11-28,18,388,20,408
2011-11-28,19,257,4,261
2011-11-28,20,205,12,217
2011-11-28,21,151,4,155
2011-11-28,22,99,7,106
2011-11-28,23,39,5,44
2011-11-29,0,18,4,22
2011-11-29,1,16,1,17
2011-11-29,2,5,0,5
2011-11-29,3,2,0,2
2011-11-29,4,4,1,5
2011-11-29,5,21,1,22
2011-11-29,6,87,1,88
2011-11-29,7,326,12,338
2011-11-29,8,438,9,447
2011-11-29,9,196,5,201
2011-11-29,10,34,2,36
2011-11-29,11,10,1,11
2011-11-29,12,17,1,18
2011-11-29,13,22,0,22
2011-11-29,14,34,1,35
2011-11-29,15,60,5,65
2011-11-29,16,144,5,149
2011-11-29,17,344,8,352
2011-11-29,18,343,11,354
2011-11-29,19,240,6,246
2011-11-29,20,173,8,181
2011-11-29,21,115,9,124
2011-11-29,22,90,5,95
2011-11-29,23,52,0,52
2011-11-30,0,23,1,24
2011-11-30,1,7,0,7
2011-11-30,2,5,0,5
2011-11-30,3,1,0,1
2011-11-30,4,5,0,5
2011-11-30,5,21,1,22
2011-11-30,6,98,3,101
2011-11-30,7,275,9,284
2011-11-30,8,461,13,474
2011-11-30,9,184,7,191
2011-11-30,10,93,15,108
2011-11-30,11,112,10,122
2011-11-30,12,146,12,158
2011-11-30,13,130,16,146
2011-11-30,14,98,13,111
2011-11-30,15,104,11,115
2011-11-30,16,194,26,220
2011-11-30,17,360,15,375
2011-11-30,18,367,7,374
2011-11-30,19,271,6,277
2011-11-30,20,180,6,186
2011-11-30,21,127,7,134
2011-11-30,22,82,5,87
2011-11-30,23,45,4,49
2011-12-01,0,19,1,20
2011-12-01,1,8,1,9
2011-12-01,2,7,1,8
2011-12-01,3,6,1,7
2011-12-01,4,1,0,1
2011-12-01,5,22,1,23
2011-12-01,6,91,5,96
2011-12-01,7,264,11,275
2011-12-01,8,457,15,472
2011-12-01,9,212,9,221
2011-12-01,10,85,7,92
2011-12-01,11,93,7,100
2011-12-01,12,137,9,146
2011-12-01,13,137,17,154
2011-12-01,14,121,20,141
2011-12-01,15,142,10,152
2011-12-01,16,189,9,198
2011-12-01,17,405,9,414
2011-12-01,18,390,12,402
2011-12-01,19,218,9,227
2011-12-01,20,175,12,187
2011-12-01,21,153,8,161
2011-12-01,22,99,5,104
2011-12-01,23,69,3,72
2011-12-02,0,31,6,37
2011-12-02,1,13,1,14
2011-12-02,2,10,0,10
2011-12-02,3,1,0,1
2011-12-02,4,2,0,2
2011-12-02,5,22,0,22
2011-12-02,6,82,3,85
2011-12-02,7,198,6,204
2011-12-02,8,426,13,439
2011-12-02,9,232,12,244
2011-12-02,10,89,16,105
2011-12-02,11,140,18,158
2011-12-02,12,182,18,200
2011-12-02,13,187,19,206
2011-12-02,14,145,25,170
2011-12-02,15,175,24,199
2011-12-02,16,252,22,274
2011-12-02,17,389,20,409
2011-12-02,18,359,10,369
2011-12-02,19,245,13,258
2011-12-02,20,176,12,188
2011-12-02,21,101,9,110
2011-12-02,22,95,7,102
2011-12-02,23,81,14,95
2011-12-03,0,64,10,74
2011-12-03,1,60,9,69
2011-12-03,2,41,9,50
2011-12-03,3,5,4,9
2011-12-03,4,6,1,7
2011-12-03,5,6,0,6
2011-12-03,6,10,1,11
2011-12-03,7,23,2,25
2011-12-03,8,62,1,63
2011-12-03,9,97,23,120
2011-12-03,10,171,23,194
2011-12-03,11,226,48,274
2011-12-03,12,279,78,357
2011-12-03,13,216,70,286
2011-12-03,14,249,92,341
2011-12-03,15,232,100,332
2011-12-03,16,222,75,297
2011-12-03,17,183,46,229
2011-12-03,18,189,31,220
2011-12-03,19,143,31,174
2011-12-03,20,107,17,124
2011-12-03,21,101,5,106
2011-12-03,22,94,17,111
2011-12-03,23,71,12,83
2011-12-04,0,63,18,81
2011-12-04,1,54,20,74
2011-12-04,2,51,11,62
2011-12-04,3,33,7,40
2011-12-04,4,9,2,11
2011-12-04,5,2,2,4
2011-12-04,6,3,1,4
2011-12-04,7,22,3,25
2011-12-04,8,48,7,55
2011-12-04,9,113,12,125
2011-12-04,10,177,36,213
2011-12-04,11,201,48,249
2011-12-04,12,241,81,322
2011-12-04,13,266,89,355
2011-12-04,14,241,77,318
2011-12-04,15,220,69,289
2011-12-04,16,263,64,327
2011-12-04,17,206,38,244
2011-12-04,18,159,10,169
2011-12-04,19,157,15,172
2011-12-04,20,113,8,121
2011-12-04,21,65,7,72
2011-12-04,22,59,5,64
2011-12-04,23,42,3,45
2011-12-05,0,21,3,24
2011-12-05,1,10,2,12
2011-12-05,2,8,0,8
2011-12-05,3,2,0,2
2011-12-05,4,7,0,7
2011-12-05,5,24,1,25
2011-12-05,6,87,1,88
2011-12-05,7,271,9,280
2011-12-05,8,385,12,397
2011-12-05,9,178,12,190
2011-12-05,10,76,9,85
2011-12-05,11,103,17,120
2011-12-05,12,124,29,153
2011-12-05,13,145,18,163
2011-12-05,14,125,7,132
2011-12-05,15,130,16,146
2011-12-05,16,233,10,243
2011-12-05,17,424,16,440
2011-12-05,18,379,13,392
2011-12-05,19,288,13,301
2011-12-05,20,186,15,201
2011-12-05,21,160,10,170
2011-12-05,22,93,12,105
2011-12-05,23,52,8,60
2011-12-06,0,25,3,28
2011-12-06,1,14,2,16
2011-12-06,2,3,0,3
2011-12-06,3,3,0,3
2011-12-06,4,7,0,7
2011-12-06,5,20,0,20
2011-12-06,6,80,5,85
2011-12-06,7,224,7,231
2011-12-06,8,396,13,409
2011-12-06,9,198,4,202
2011-12-06,10,44,6,50
2011-12-06,11,27,4,31
2011-12-06,12,51,5,56
2011-12-06,13,63,6,69
2011-12-06,14,67,6,73
2011-12-06,15,43,2,45
2011-12-06,16,83,4,87
2011-12-06,17,247,13,260
2011-12-06,18,283,17,300
2011-12-06,19,220,10,230
2011-12-06,20,104,3,107
2011-12-06,21,107,6,113
2011-12-06,22,81,5,86
2011-12-06,23,47,5,52
2011-12-07,0,30,3,33
2011-12-07,1,9,4,13
2011-12-07,2,4,2,6
2011-12-07,3,3,0,3
2011-12-07,4,1,0,1
2011-12-07,5,3,0,3
2011-12-07,6,18,0,18
2011-12-07,7,42,3,45
2011-12-07,8,79,6,85
2011-12-07,9,62,0,62
2011-12-07,10,32,1,33
2011-12-07,11,47,3,50
2011-12-07,12,29,4,33
2011-12-07,13,28,5,33
2011-12-07,14,23,1,24
2011-12-07,15,24,5,29
2011-12-07,16,28,3,31
2011-12-07,17,48,4,52
2011-12-07,18,48,3,51
2011-12-07,19,31,2,33
2011-12-07,20,24,1,25
2011-12-07,21,6,0,6
2011-12-07,22,13,0,13
2011-12-07,23,16,0,16
2011-12-08,0,21,0,21
2011-12-08,1,6,1,7
2011-12-08,2,4,0,4
2011-12-08,3,1,0,1
2011-12-08,4,1,0,1
2011-12-08,5,12,0,12
2011-12-08,6,71,0,71
2011-12-08,7,233,11,244
2011-12-08,8,416,11,427
2011-12-08,9,212,7,219
2011-12-08,10,108,1,109
2011-12-08,11,99,6,105
2011-12-08,12,148,8,156
2011-12-08,13,112,9,121
2011-12-08,14,121,16,137
2011-12-08,15,98,19,117
2011-12-08,16,198,7,205
2011-12-08,17,320,10,330
2011-12-08,18,305,12,317
2011-12-08,19,219,12,231
2011-12-08,20,169,5,174
2011-12-08,21,132,4,136
2011-12-08,22,82,8,90
2011-12-08,23,57,3,60
2011-12-09,0,26,8,34
2011-12-09,1,12,2,14
2011-12-09,2,10,1,11
2011-12-09,3,5,1,6
2011-12-09,4,1,1,2
2011-12-09,5,20,0,20
2011-12-09,6,62,1,63
2011-12-09,7,192,4,196
2011-12-09,8,374,7,381
2011-12-09,9,252,8,260
2011-12-09,10,112,11,123
2011-12-09,11,119,15,134
2011-12-09,12,146,27,173
2011-12-09,13,140,27,167
2011-12-09,14,162,24,186
2011-12-09,15,160,29,189
2011-12-09,16,222,23,245
2011-12-09,17,350,10,360
2011-12-09,18,306,10,316
2011-12-09,19,188,10,198
2011-12-09,20,137,10,147
2011-12-09,21,129,9,138
2011-12-09,22,112,15,127
2011-12-09,23,87,6,93
2011-12-10,0,66,11,77
2011-12-10,1,54,11,65
2011-12-10,2,48,12,60
2011-12-10,3,20,5,25
2011-12-10,4,3,0,3
2011-12-10,5,6,0,6
2011-12-10,6,10,1,11
2011-12-10,7,11,0,11
2011-12-10,8,67,5,72
2011-12-10,9,133,15,148
2011-12-10,10,159,31,190
2011-12-10,11,190,44,234
2011-12-10,12,232,48,280
2011-12-10,13,238,47,285
2011-12-10,14,240,51,291
2011-12-10,15,237,59,296
2011-12-10,16,178,59,237
2011-12-10,17,148,34,182
2011-12-10,18,143,28,171
2011-12-10,19,138,15,153
2011-12-10,20,112,10,122
2011-12-10,21,78,4,82
2011-12-10,22,86,7,93
2011-12-10,23,61,5,66
2011-12-11,0,69,5,74
2011-12-11,1,54,8,62
2011-12-11,2,47,5,52
2011-12-11,3,17,2,19
2011-12-11,4,5,0,5
2011-12-11,5,6,0,6
2011-12-11,6,10,0,10
2011-12-11,7,29,1,30
2011-12-11,8,66,4,70
2011-12-11,9,88,19,107
2011-12-11,10,164,30,194
2011-12-11,11,164,31,195
2011-12-11,12,240,42,282
2011-12-11,13,218,44,262
2011-12-11,14,197,44,241
2011-12-11,15,218,47,265
2011-12-11,16,173,31,204
2011-12-11,17,148,13,161
2011-12-11,18,149,12,161
2011-12-11,19,97,7,104
2011-12-11,20,60,10,70
2011-12-11,21,53,10,63
2011-12-11,22,36,7,43
2011-12-11,23,29,4,33
2011-12-12,0,16,4,20
2011-12-12,1,9,0,9
2011-12-12,2,4,0,4
2011-12-12,3,2,0,2
2011-12-12,4,3,0,3
2011-12-12,5,21,0,21
2011-12-12,6,62,1,63
2011-12-12,7,227,4,231
2011-12-12,8,374,7,381
2011-12-12,9,207,12,219
2011-12-12,10,89,14,103
2011-12-12,11,97,15,112
2011-12-12,12,125,7,132
2011-12-12,13,153,13,166
2011-12-12,14,94,16,110
2011-12-12,15,123,8,131
2011-12-12,16,208,5,213
2011-12-12,17,345,7,352
2011-12-12,18,345,8,353
2011-12-12,19,229,9,238
2011-12-12,20,157,8,165
2011-12-12,21,118,2,120
2011-12-12,22,71,0,71
2011-12-12,23,42,3,45
2011-12-13,0,16,1,17
2011-12-13,1,4,0,4
2011-12-13,2,1,1,2
2011-12-13,3,3,0,3
2011-12-13,4,4,0,4
2011-12-13,5,19,0,19
2011-12-13,6,91,0,91
2011-12-13,7,218,2,220
2011-12-13,8,386,9,395
2011-12-13,9,220,10,230
2011-12-13,10,98,3,101
2011-12-13,11,113,9,122
2011-12-13,12,143,20,163
2011-12-13,13,120,7,127
2011-12-13,14,115,18,133
2011-12-13,15,143,7,150
2011-12-13,16,193,12,205
2011-12-13,17,375,17,392
2011-12-13,18,364,12,376
2011-12-13,19,259,5,264
2011-12-13,20,153,7,160
2011-12-13,21,133,5,138
2011-12-13,22,102,5,107
2011-12-13,23,54,4,58
2011-12-14,0,21,0,21
2011-12-14,1,8,0,8
2011-12-14,2,2,0,2
2011-12-14,3,3,0,3
2011-12-14,4,4,0,4
2011-12-14,5,26,0,26
2011-12-14,6,86,0,86
2011-12-14,7,242,4,246
2011-12-14,8,453,9,462
2011-12-14,9,228,9,237
2011-12-14,10,132,9,141
2011-12-14,11,101,12,113
2011-12-14,12,138,6,144
2011-12-14,13,116,14,130
2011-12-14,14,132,17,149
2011-12-14,15,141,24,165
2011-12-14,16,231,12,243
2011-12-14,17,370,19,389
2011-12-14,18,374,11,385
2011-12-14,19,254,9,263
2011-12-14,20,167,6,173
2011-12-14,21,141,9,150
2011-12-14,22,97,5,102
2011-12-14,23,48,3,51
2011-12-15,0,44,5,49
2011-12-15,1,15,5,20
2011-12-15,2,5,1,6
2011-12-15,3,2,1,3
2011-12-15,4,6,0,6
2011-12-15,5,24,0,24
2011-12-15,6,89,2,91
2011-12-15,7,250,6,256
2011-12-15,8,447,8,455
2011-12-15,9,273,6,279
2011-12-15,10,103,4,107
2011-12-15,11,125,9,134
2011-12-15,12,138,17,155
2011-12-15,13,148,14,162
2011-12-15,14,122,8,130
2011-12-15,15,76,6,82
2011-12-15,16,124,7,131
2011-12-15,17,306,14,320
2011-12-15,18,359,14,373
2011-12-15,19,270,13,283
2011-12-15,20,205,12,217
2011-12-15,21,142,10,152
2011-12-15,22,114,8,122
2011-12-15,23,103,10,113
2011-12-16,0,60,12,72
2011-12-16,1,28,3,31
2011-12-16,2,23,0,23
2011-12-16,3,3,2,5
2011-12-16,4,4,1,5
2011-12-16,5,25,0,25
2011-12-16,6,79,2,81
2011-12-16,7,225,5,230
2011-12-16,8,440,10,450
2011-12-16,9,231,8,239
2011-12-16,10,119,10,129
2011-12-16,11,134,9,143
2011-12-16,12,160,10,170
2011-12-16,13,124,12,136
2011-12-16,14,114,13,127
2011-12-16,15,138,12,150
2011-12-16,16,208,12,220
2011-12-16,17,351,13,364
2011-12-16,18,282,10,292
2011-12-16,19,200,11,211
2011-12-16,20,145,6,151
2011-12-16,21,95,7,102
2011-12-16,22,100,6,106
2011-12-16,23,71,4,75
2011-12-17,0,57,3,60
2011-12-17,1,37,4,41
2011-12-17,2,47,11,58
2011-12-17,3,22,4,26
2011-12-17,4,9,0,9
2011-12-17,5,7,2,9
2011-12-17,6,15,0,15
2011-12-17,7,21,0,21
2011-12-17,8,54,4,58
2011-12-17,9,93,5,98
2011-12-17,10,170,10,180
2011-12-17,11,186,21,207
2011-12-17,12,215,28,243
2011-12-17,13,202,32,234
2011-12-17,14,205,30,235
2011-12-17,15,192,33,225
2011-12-17,16,190,30,220
2011-12-17,17,153,12,165
2011-12-17,18,149,7,156
2011-12-17,19,92,11,103
2011-12-17,20,97,7,104
2011-12-17,21,87,8,95
2011-12-17,22,73,7,80
2011-12-17,23,62,6,68
2011-12-18,0,62,7,69
2011-12-18,1,42,3,45
2011-12-18,2,39,2,41
2011-12-18,3,16,2,18
2011-12-18,4,1,0,1
2011-12-18,5,4,1,5
2011-12-18,6,3,0,3
2011-12-18,7,11,1,12
2011-12-18,8,31,1,32
2011-12-18,9,73,6,79
2011-12-18,10,119,7,126
2011-12-18,11,165,20,185
2011-12-18,12,201,26,227
2011-12-18,13,208,18,226
2011-12-18,14,198,19,217
2011-12-18,15,183,23,206
2011-12-18,16,201,27,228
2011-12-18,17,124,10,134
2011-12-18,18,123,15,138
2011-12-18,19,128,5,133
2011-12-18,20,93,10,103
2011-12-18,21,79,9,88
2011-12-18,22,47,2,49
2011-12-18,23,31,6,37
2011-12-19,0,14,3,17
2011-12-19,1,8,3,11
2011-12-19,2,3,0,3
2011-12-19,3,3,0,3
2011-12-19,4,4,0,4
2011-12-19,5,21,0,21
2011-12-19,6,66,0,66
2011-12-19,7,185,4,189
2011-12-19,8,386,8,394
2011-12-19,9,165,17,182
2011-12-19,10,95,12,107
2011-12-19,11,103,22,125
2011-12-19,12,128,13,141
2011-12-19,13,122,15,137
2011-12-19,14,105,30,135
2011-12-19,15,127,24,151
2011-12-19,16,189,19,208
2011-12-19,17,359,15,374
2011-12-19,18,343,10,353
2011-12-19,19,233,18,251
2011-12-19,20,194,9,203
2011-12-19,21,109,15,124
2011-12-19,22,95,12,107
2011-12-19,23,50,10,60
2011-12-20,0,21,0,21
2011-12-20,1,6,0,6
2011-12-20,2,9,1,10
2011-12-20,3,1,1,2
2011-12-20,4,4,0,4
2011-12-20,5,15,0,15
2011-12-20,6,70,1,71
2011-12-20,7,259,7,266
2011-12-20,8,413,10,423
2011-12-20,9,244,14,258
2011-12-20,10,109,20,129
2011-12-20,11,115,13,128
2011-12-20,12,157,16,173
2011-12-20,13,163,18,181
2011-12-20,14,125,11,136
2011-12-20,15,139,15,154
2011-12-20,16,216,20,236
2011-12-20,17,413,14,427
2011-12-20,18,382,26,408
2011-12-20,19,215,6,221
2011-12-20,20,143,3,146
2011-12-20,21,139,4,143
2011-12-20,22,103,3,106
2011-12-20,23,37,13,50
2011-12-21,0,18,7,25
2011-12-21,1,10,1,11
2011-12-21,2,4,0,4
2011-12-21,3,2,0,2
2011-12-21,4,2,0,2
2011-12-21,5,28,0,28
2011-12-21,6,73,1,74
2011-12-21,7,224,5,229
2011-12-21,8,387,12,399
2011-12-21,9,219,14,233
2011-12-21,10,83,6,89
2011-12-21,11,52,3,55
2011-12-21,12,56,3,59
2011-12-21,13,54,3,57
2011-12-21,14,40,11,51
2011-12-21,15,57,4,61
2011-12-21,16,94,6,100
2011-12-21,17,224,3,227
2011-12-21,18,277,2,279
2011-12-21,19,201,9,210
2011-12-21,20,157,5,162
2011-12-21,21,115,9,124
2011-12-21,22,102,3,105
2011-12-21,23,54,0,54
2011-12-22,0,24,3,27
2011-12-22,1,15,0,15
2011-12-22,2,10,1,11
2011-12-22,3,6,0,6
2011-12-22,4,3,0,3
2011-12-22,5,15,1,16
2011-12-22,6,61,1,62
2011-12-22,7,182,4,186
2011-12-22,8,329,10,339
2011-12-22,9,212,10,222
2011-12-22,10,122,13,135
2011-12-22,11,133,10,143
2011-12-22,12,176,22,198
2011-12-22,13,165,21,186
2011-12-22,14,133,23,156
2011-12-22,15,185,28,213
2011-12-22,16,224,30,254
2011-12-22,17,330,24,354
2011-12-22,18,274,11,285
2011-12-22,19,127,12,139
2011-12-22,20,33,0,33
2011-12-22,21,15,2,17
2011-12-22,22,17,0,17
2011-12-22,23,10,1,11
2011-12-23,0,6,2,8
2011-12-23,1,11,1,12
2011-12-23,2,12,1,13
2011-12-23,3,4,0,4
2011-12-23,4,2,0,2
2011-12-23,5,7,0,7
2011-12-23,6,40,0,40
2011-12-23,7,87,4,91
2011-12-23,8,172,9,181
2011-12-23,9,151,4,155
2011-12-23,10,93,8,101
2011-12-23,11,146,26,172
2011-12-23,12,154,14,168
2011-12-23,13,176,17,193
2011-12-23,14,174,23,197
2011-12-23,15,184,12,196
2011-12-23,16,164,15,179
2011-12-23,17,129,11,140
2011-12-23,18,91,4,95
2011-12-23,19,74,1,75
2011-12-23,20,47,3,50
2011-12-23,21,32,0,32
2011-12-23,22,42,4,46
2011-12-23,23,21,4,25
2011-12-24,0,20,3,23
2011-12-24,1,15,1,16
2011-12-24,2,20,4,24
2011-12-24,3,5,0,5
2011-12-24,4,3,0,3
2011-12-24,5,3,1,4
2011-12-24,6,10,0,10
2011-12-24,7,10,0,10
2011-12-24,8,25,0,25
2011-12-24,9,51,3,54
2011-12-24,10,50,4,54
2011-12-24,11,60,9,69
2011-12-24,12,80,14,94
2011-12-24,13,97,24,121
2011-12-24,14,69,15,84
2011-12-24,15,82,15,97
2011-12-24,16,72,25,97
2011-12-24,17,50,15,65
2011-12-24,18,33,2,35
2011-12-24,19,23,1,24
2011-12-24,20,19,5,24
2011-12-24,21,15,4,19
2011-12-24,22,12,8,20
2011-12-24,23,16,1,17
2011-12-25,0,4,2,6
2011-12-25,1,2,2,4
2011-12-25,2,2,0,2
2011-12-25,3,3,1,4
2011-12-25,5,1,0,1
2011-12-25,6,1,0,1
2011-12-25,7,4,0,4
2011-12-25,8,4,1,5
2011-12-25,9,20,3,23
2011-12-25,10,12,31,43
2011-12-25,11,42,43,85
2011-12-25,12,38,25,63
2011-12-25,13,38,40,78
2011-12-25,14,43,41,84
2011-12-25,15,48,42,90
2011-12-25,16,48,36,84
2011-12-25,17,33,11,44
2011-12-25,18,23,7,30
2011-12-25,19,13,2,15
2011-12-25,20,17,8,25
2011-12-25,21,14,4,18
2011-12-25,22,15,2,17
2011-12-25,23,14,2,16
2011-12-26,0,6,5,11
2011-12-26,1,7,3,10
2011-12-26,2,5,2,7
2011-12-26,4,2,0,2
2011-12-26,5,2,0,2
2011-12-26,6,4,0,4
2011-12-26,7,17,2,19
2011-12-26,8,13,5,18
2011-12-26,9,37,24,61
2011-12-26,10,38,31,69
2011-12-26,11,50,40,90
2011-12-26,12,65,34,99
2011-12-26,13,80,57,137
2011-12-26,14,75,73,148
2011-12-26,15,99,26,125
2011-12-26,16,69,27,96
2011-12-26,17,67,30,97
2011-12-26,18,54,21,75
2011-12-26,19,49,16,65
2011-12-26,20,41,14,55
2011-12-26,21,38,10,48
2011-12-26,22,21,5,26
2011-12-26,23,25,4,29
2011-12-27,0,9,3,12
2011-12-27,1,6,0,6
2011-12-27,2,2,2,4
2011-12-27,3,2,0,2
2011-12-27,4,3,0,3
2011-12-27,5,8,0,8
2011-12-27,6,35,0,35
2011-12-27,7,79,1,80
2011-12-27,8,155,9,164
2011-12-27,9,84,19,103
2011-12-27,10,47,13,60
2011-12-27,11,24,6,30
2011-12-27,12,16,8,24
2011-12-27,13,16,1,17
2011-12-27,14,14,0,14
2011-12-27,15,17,2,19
2011-12-27,16,44,2,46
2011-12-27,17,107,6,113
2011-12-27,18,126,9,135
2011-12-27,19,86,3,89
2011-12-27,20,66,3,69
2011-12-27,21,51,11,62
2011-12-27,22,28,3,31
2011-12-27,23,24,2,26
2011-12-28,0,10,0,10
2011-12-28,1,11,0,11
2011-12-28,2,7,0,7
2011-12-28,3,4,0,4
2011-12-28,5,9,0,9
2011-12-28,6,41,1,42
2011-12-28,7,105,4,109
2011-12-28,8,206,11,217
2011-12-28,9,167,18,185
2011-12-28,10,83,12,95
2011-12-28,11,93,18,111
2011-12-28,12,108,32,140
2011-12-28,13,132,24,156
2011-12-28,14,95,24,119
2011-12-28,15,100,16,116
2011-12-28,16,143,23,166
2011-12-28,17,223,25,248
2011-12-28,18,156,10,166
2011-12-28,19,132,16,148
2011-12-28,20,68,9,77
2011-12-28,21,62,7,69
2011-12-28,22,31,2,33
2011-12-28,23,34,3,37
2011-12-29,0,23,4,27
2011-12-29,1,14,0,14
2011-12-29,2,3,0,3
2011-12-29,3,2,0,2
2011-12-29,4,2,1,3
2011-12-29,5,9,0,9
2011-12-29,6,39,2,41
2011-12-29,7,104,2,106
2011-12-29,8,206,3,209
2011-12-29,9,152,15,167
2011-12-29,10,97,13,110
2011-12-29,11,96,23,119
2011-12-29,12,117,12,129
2011-12-29,13,93,36,129
2011-12-29,14,112,30,142
2011-12-29,15,150,27,177
2011-12-29,16,155,22,177
2011-12-29,17,222,14,236
2011-12-29,18,191,15,206
2011-12-29,19,122,11,133
2011-12-29,20,88,8,96
2011-12-29,21,60,8,68
2011-12-29,22,48,6,54
2011-12-29,23,44,2,46
2011-12-30,0,25,4,29
2011-12-30,1,11,9,20
2011-12-30,2,10,2,12
2011-12-30,3,6,0,6
2011-12-30,4,2,0,2
2011-12-30,5,9,0,9
2011-12-30,6,31,1,32
2011-12-30,7,90,3,93
2011-12-30,8,191,12,203
2011-12-30,9,174,19,193
2011-12-30,10,108,10,118
2011-12-30,11,126,45,171
2011-12-30,12,158,38,196
2011-12-30,13,152,53,205
2011-12-30,14,174,67,241
2011-12-30,15,234,56,290
2011-12-30,16,240,36,276
2011-12-30,17,187,54,241
2011-12-30,18,159,19,178
2011-12-30,19,93,16,109
2011-12-30,20,75,16,91
2011-12-30,21,84,11,95
2011-12-30,22,77,7,84
2011-12-30,23,60,13,73
2011-12-31,0,37,7,44
2011-12-31,1,30,4,34
2011-12-31,2,27,1,28
2011-12-31,3,17,1,18
2011-12-31,4,9,1,10
2011-12-31,5,0,1,1
2011-12-31,6,5,1,6
2011-12-31,7,13,6,19
2011-12-31,8,42,7,49
2011-12-31,9,71,18,89
2011-12-31,10,108,20,128
2011-12-31,11,152,65,217
2011-12-31,12,178,93,271
2011-12-31,13,200,108,308
2011-12-31,14,181,115,296
2011-12-31,15,161,89,250
2011-12-31,16,139,52,191
2011-12-31,17,99,28,127
2011-12-31,18,80,13,93
2011-12-31,19,70,19,89
2011-12-31,20,63,8,71
2011-12-31,21,50,2,52
2011-12-31,22,34,2,36
2011-12-31,23,26,4,30
2012-01-01,0,43,5,48
2012-01-01,1,77,15,92
2012-01-01,2,57,16,73
2012-01-01,3,39,11,50
2012-01-01,4,8,0,8
2012-01-01,5,5,0,5
2012-01-01,6,1,1,2
2012-01-01,7,6,1,7
2012-01-01,8,10,4,14
2012-01-01,9,27,13,40
2012-01-01,10,52,18,70
2012-01-01,11,97,40,137
2012-01-01,12,141,58,199
2012-01-01,13,134,82,216
2012-01-01,14,142,121,263
2012-01-01,15,163,102,265
2012-01-01,16,141,68,209
2012-01-01,17,74,36,110
2012-01-01,18,79,25,104
2012-01-01,19,83,20,103
2012-01-01,20,58,25,83
2012-01-01,21,58,10,68
2012-01-01,22,52,13,65
2012-01-01,23,25,4,29
2012-01-02,0,30,8,38
2012-01-02,1,11,1,12
2012-01-02,2,6,1,7
2012-01-02,4,2,0,2
2012-01-02,5,3,1,4
2012-01-02,6,14,0,14
2012-01-02,7,16,0,16
2012-01-02,8,51,2,53
2012-01-02,9,54,15,69
2012-01-02,10,88,20,108
2012-01-02,11,139,33,172
2012-01-02,12,161,41,202
2012-01-02,13,148,26,174
2012-01-02,14,141,10,151
2012-01-02,15,140,29,169
2012-01-02,16,142,10,152
2012-01-02,17,136,17,153
2012-01-02,18,112,13,125
2012-01-02,19,87,4,91
2012-01-02,20,82,5,87
2012-01-02,21,62,3,65
2012-01-02,22,36,3,39
2012-01-02,23,32,2,34
2012-01-03,0,13,0,13
2012-01-03,1,5,1,6
2012-01-03,2,3,0,3
2012-01-03,3,2,0,2
2012-01-03,4,4,0,4
2012-01-03,5,12,0,12
2012-01-03,6,79,4,83
2012-01-03,7,166,2,168
2012-01-03,8,348,5,353
2012-01-03,9,145,8,153
2012-01-03,10,55,5,60
2012-01-03,11,62,12,74
2012-01-03,12,70,4,74
2012-01-03,13,68,5,73
2012-01-03,14,69,7,76
2012-01-03,15,68,9,77
2012-01-03,16,128,7,135
2012-01-03,17,240,4,244
2012-01-03,18,213,10,223
2012-01-03,19,151,4,155
2012-01-03,20,113,0,113
2012-01-03,21,65,2,67
2012-01-03,22,33,0,33
2012-01-03,23,18,0,18
2012-01-04,0,8,0,8
2012-01-04,1,3,0,3
2012-01-04,2,1,0,1
2012-01-04,3,1,0,1
2012-01-04,4,2,0,2
2012-01-04,5,14,0,14
2012-01-04,6,58,0,58
2012-01-04,7,150,1,151
2012-01-04,8,310,5,315
2012-01-04,9,172,7,179
2012-01-04,10,58,7,65
2012-01-04,11,40,6,46
2012-01-04,12,75,9,84
2012-01-04,13,82,9,91
2012-01-04,14,69,6,75
2012-01-04,15,81,9,90
2012-01-04,16,123,8,131
2012-01-04,17,270,9,279
2012-01-04,18,276,9,285
2012-01-04,19,182,2,184
2012-01-04,20,121,2,123
2012-01-04,21,87,2,89
2012-01-04,22,47,4,51
2012-01-04,23,32,0,32
2012-01-05,0,12,1,13
2012-01-05,1,5,0,5
2012-01-05,2,4,0,4
2012-01-05,3,4,0,4
2012-01-05,4,5,0,5
2012-01-05,5,26,0,26
2012-01-05,6,77,0,77
2012-01-05,7,211,3,214
2012-01-05,8,381,11,392
2012-01-05,9,217,7,224
2012-01-05,10,80,5,85
2012-01-05,11,77,6,83
2012-01-05,12,113,6,119
2012-01-05,13,113,6,119
2012-01-05,14,105,13,118
2012-01-05,15,112,6,118
2012-01-05,16,177,19,196
2012-01-05,17,394,19,413
2012-01-05,18,366,9,375
2012-01-05,19,252,10,262
2012-01-05,20,167,5,172
2012-01-05,21,88,9,97
2012-01-05,22,69,1,70
2012-01-05,23,56,4,60
2012-01-06,0,24,1,25
2012-01-06,1,6,2,8
2012-01-06,2,3,2,5
2012-01-06,3,3,1,4
2012-01-06,4,3,0,3
2012-01-06,5,13,0,13
2012-01-06,6,67,1,68
2012-01-06,7,202,4,206
2012-01-06,8,434,11,445
2012-01-06,9,238,4,242
2012-01-06,10,102,14,116
2012-01-06,11,129,8,137
2012-01-06,12,166,23,189
2012-01-06,13,186,16,202
2012-01-06,14,150,23,173
2012-01-06,15,173,43,216
2012-01-06,16,254,35,289
2012-01-06,17,450,20,470
2012-01-06,18,386,28,414
2012-01-06,19,258,11,269
2012-01-06,20,160,14,174
2012-01-06,21,137,18,155
2012-01-06,22,119,12,131
2012-01-06,23,87,13,100
2012-01-07,0,77,2,79
2012-01-07,1,56,6,62
2012-01-07,2,36,2,38
2012-01-07,3,18,1,19
2012-01-07,4,9,1,10
2012-01-07,5,7,2,9
2012-01-07,6,7,0,7
2012-01-07,7,20,0,20
2012-01-07,8,64,0,64
2012-01-07,9,115,14,129
2012-01-07,10,157,43,200
2012-01-07,11,247,74,321
2012-01-07,12,271,101,372
2012-01-07,13,294,150,444
2012-01-07,14,355,157,512
2012-01-07,15,311,133,444
2012-01-07,16,266,134,400
2012-01-07,17,231,86,317
2012-01-07,18,238,49,287
2012-01-07,19,170,44,214
2012-01-07,20,147,21,168
2012-01-07,21,117,22,139
2012-01-07,22,89,16,105
2012-01-07,23,104,16,120
2012-01-08,0,77,14,91
2012-01-08,1,61,10,71
2012-01-08,2,56,10,66
2012-01-08,3,26,6,32
2012-01-08,4,4,2,6
2012-01-08,5,2,0,2
2012-01-08,6,2,0,2
2012-01-08,7,23,1,24
2012-01-08,8,52,4,56
2012-01-08,9,102,23,125
2012-01-08,10,178,27,205
2012-01-08,11,201,55,256
2012-01-08,12,271,80,351
2012-01-08,13,263,77,340
2012-01-08,14,250,75,325
2012-01-08,15,236,89,325
2012-01-08,16,257,58,315
2012-01-08,17,197,22,219
2012-01-08,18,161,19,180
2012-01-08,19,105,8,113
2012-01-08,20,120,7,127
2012-01-08,21,80,10,90
2012-01-08,22,53,4,57
2012-01-08,23,30,0,30
2012-01-09,0,12,3,15
2012-01-09,1,4,1,5
2012-01-09,2,3,2,5
2012-01-09,3,3,0,3
2012-01-09,4,4,0,4
2012-01-09,5,20,0,20
2012-01-09,6,84,3,87
2012-01-09,7,236,1,237
2012-01-09,8,404,13,417
2012-01-09,9,181,9,190
2012-01-09,10,79,13,92
2012-01-09,11,82,6,88
2012-01-09,12,92,10,102
2012-01-09,13,69,3,72
2012-01-09,14,47,5,52
2012-01-09,15,62,5,67
2012-01-09,16,46,3,49
2012-01-09,17,148,5,153
2012-01-09,18,156,6,162
2012-01-09,19,185,3,188
2012-01-09,20,123,5,128
2012-01-09,21,76,1,77
2012-01-09,22,54,8,62
2012-01-09,23,49,1,50
2012-01-10,0,14,0,14
2012-01-10,1,3,2,5
2012-01-10,2,2,2,4
2012-01-10,3,1,0,1
2012-01-10,4,4,0,4
2012-01-10,5,23,0,23
2012-01-10,6,79,0,79
2012-01-10,7,221,3,224
2012-01-10,8,461,6,467
2012-01-10,9,184,11,195
2012-01-10,10,79,3,82
2012-01-10,11,92,8,100
2012-01-10,12,126,13,139
2012-01-10,13,162,15,177
2012-01-10,14,95,10,105
2012-01-10,15,119,17,136
2012-01-10,16,222,15,237
2012-01-10,17,443,14,457
2012-01-10,18,368,13,381
2012-01-10,19,264,11,275
2012-01-10,20,189,10,199
2012-01-10,21,109,7,116
2012-01-10,22,104,10,114
2012-01-10,23,36,3,39
2012-01-11,0,26,2,28
2012-01-11,1,6,1,7
2012-01-11,2,5,0,5
2012-01-11,3,4,0,4
2012-01-11,4,1,0,1
2012-01-11,5,22,0,22
2012-01-11,6,71,2,73
2012-01-11,7,246,9,255
2012-01-11,8,486,11,497
2012-01-11,9,220,7,227
2012-01-11,10,82,13,95
2012-01-11,11,90,9,99
2012-01-11,12,51,4,55
2012-01-11,13,57,8,65
2012-01-11,14,69,3,72
2012-01-11,15,72,6,78
2012-01-11,16,112,6,118
2012-01-11,17,127,6,133
2012-01-11,18,95,2,97
2012-01-11,19,93,1,94
2012-01-11,20,53,2,55
2012-01-11,21,28,0,28
2012-01-11,22,49,0,49
2012-01-11,23,9,0,9
2012-01-12,0,3,0,3
2012-01-12,1,3,0,3
2012-01-12,2,1,1,2
2012-01-12,3,3,0,3
2012-01-12,4,1,0,1
2012-01-12,5,16,0,16
2012-01-12,6,86,1,87
2012-01-12,7,220,2,222
2012-01-12,8,493,11,504
2012-01-12,9,219,10,229
2012-01-12,10,84,6,90
2012-01-12,11,101,18,119
2012-01-12,12,128,14,142
2012-01-12,13,167,13,180
2012-01-12,14,128,24,152
2012-01-12,15,156,32,188
2012-01-12,16,246,33,279
2012-01-12,17,468,24,492
2012-01-12,18,394,22,416
2012-01-12,19,306,17,323
2012-01-12,20,229,11,240
2012-01-12,21,160,12,172
2012-01-12,22,121,12,133
2012-01-12,23,60,7,67
2012-01-13,0,38,4,42
2012-01-13,1,12,0,12
2012-01-13,2,13,1,14
2012-01-13,3,4,3,7
2012-01-13,4,2,1,3
2012-01-13,5,21,0,21
2012-01-13,6,70,2,72
2012-01-13,7,174,3,177
2012-01-13,8,404,11,415
2012-01-13,9,203,10,213
2012-01-13,10,99,2,101
2012-01-13,11,100,12,112
2012-01-13,12,140,14,154
2012-01-13,13,140,14,154
2012-01-13,14,118,10,128
2012-01-13,15,123,15,138
2012-01-13,16,214,18,232
2012-01-13,17,315,15,330
2012-01-13,18,293,6,299
2012-01-13,19,198,7,205
2012-01-13,20,126,6,132
2012-01-13,21,94,7,101
2012-01-13,22,57,7,64
2012-01-13,23,59,5,64
2012-01-14,0,40,2,42
2012-01-14,1,43,6,49
2012-01-14,2,32,6,38
2012-01-14,3,13,6,19
2012-01-14,4,3,0,3
2012-01-14,5,4,0,4
2012-01-14,6,5,0,5
2012-01-14,7,24,0,24
2012-01-14,8,89,3,92
2012-01-14,9,80,3,83
2012-01-14,10,134,14,148
2012-01-14,11,147,28,175
2012-01-14,12,186,30,216
2012-01-14,13,179,38,217
2012-01-14,14,179,52,231
2012-01-14,15,172,49,221
2012-01-14,16,177,28,205
2012-01-14,17,126,15,141
2012-01-14,18,122,21,143
2012-01-14,19,90,12,102
2012-01-14,20,94,8,102
2012-01-14,21,66,3,69
2012-01-14,22,61,4,65
2012-01-14,23,71,5,76
2012-01-15,0,49,9,58
2012-01-15,1,41,2,43
2012-01-15,2,38,5,43
2012-01-15,3,23,1,24
2012-01-15,4,5,1,6
2012-01-15,5,5,0,5
2012-01-15,6,7,1,8
2012-01-15,7,13,3,16
2012-01-15,8,34,2,36
2012-01-15,9,80,10,90
2012-01-15,10,110,11,121
2012-01-15,11,142,21,163
2012-01-15,12,188,41,229
2012-01-15,13,183,40,223
2012-01-15,14,163,25,188
2012-01-15,15,173,33,206
2012-01-15,16,174,31,205
2012-01-15,17,131,15,146
2012-01-15,18,112,7,119
2012-01-15,19,101,9,110
2012-01-15,20,83,10,93
2012-01-15,21,71,1,72
2012-01-15,22,58,2,60
2012-01-15,23,25,3,28
2012-01-16,0,23,2,25
2012-01-16,1,18,2,20
2012-01-16,2,15,3,18
2012-01-16,3,3,0,3
2012-01-16,4,6,2,8
2012-01-16,5,5,1,6
2012-01-16,6,13,0,13
2012-01-16,7,28,5,33
2012-01-16,8,78,3,81
2012-01-16,9,88,7,95
2012-01-16,10,105,19,124
2012-01-16,11,159,21,180
2012-01-16,12,163,20,183
2012-01-16,13,196,26,222
2012-01-16,14,156,23,179
2012-01-16,15,172,17,189
2012-01-16,16,155,22,177
2012-01-16,17,173,19,192
2012-01-16,18,172,6,178
2012-01-16,19,132,10,142
2012-01-16,20,87,2,89
2012-01-16,21,46,3,49
2012-01-16,22,39,4,43
2012-01-16,23,28,0,28
2012-01-17,0,12,0,12
2012-01-17,1,2,0,2
2012-01-17,2,12,0,12
2012-01-17,4,2,0,2
2012-01-17,5,13,0,13
2012-01-17,6,60,0,60
2012-01-17,7,120,5,125
2012-01-17,8,90,2,92
2012-01-17,9,61,6,67
2012-01-17,10,62,1,63
2012-01-17,11,72,2,74
2012-01-17,12,83,3,86
2012-01-17,13,95,8,103
2012-01-17,14,118,12,130
2012-01-17,15,122,6,128
2012-01-17,16,205,14,219
2012-01-17,17,435,20,455
2012-01-17,18,446,12,458
2012-01-17,19,292,11,303
2012-01-17,20,167,11,178
2012-01-17,21,175,6,181
2012-01-17,22,85,5,90
2012-01-17,23,59,1,60
2012-01-18,0,14,3,17
2012-01-18,1,10,0,10
2012-01-18,2,1,1,2
2012-01-18,3,3,1,4
2012-01-18,4,1,0,1
2012-01-18,5,29,0,29
2012-01-18,6,88,0,88
2012-01-18,7,261,1,262
2012-01-18,8,475,15,490
2012-01-18,9,194,6,200
2012-01-18,10,88,5,93
2012-01-18,11,110,4,114
2012-01-18,12,153,6,159
2012-01-18,13,122,6,128
2012-01-18,14,97,7,104
2012-01-18,15,122,8,130
2012-01-18,16,163,13,176
2012-01-18,17,336,8,344
2012-01-18,18,338,8,346
2012-01-18,19,250,5,255
2012-01-18,20,162,1,163
2012-01-18,21,118,5,123
2012-01-18,22,74,4,78
2012-01-18,23,35,2,37
2012-01-19,0,15,0,15
2012-01-19,1,5,0,5
2012-01-19,2,3,0,3
2012-01-19,3,4,0,4
2012-01-19,4,1,0,1
2012-01-19,5,19,0,19
2012-01-19,6,84,0,84
2012-01-19,7,202,2,204
2012-01-19,8,413,9,422
2012-01-19,9,201,7,208
2012-01-19,10,98,10,108
2012-01-19,11,93,6,99
2012-01-19,12,106,5,111
2012-01-19,13,117,6,123
2012-01-19,14,104,15,119
2012-01-19,15,118,9,127
2012-01-19,16,184,8,192
2012-01-19,17,363,21,384
2012-01-19,18,344,16,360
2012-01-19,19,229,5,234
2012-01-19,20,184,7,191
2012-01-19,21,115,4,119
2012-01-19,22,90,0,90
2012-01-19,23,55,1,56
2012-01-20,0,24,3,27
2012-01-20,1,15,0,15
2012-01-20,2,10,0,10
2012-01-20,3,4,0,4
2012-01-20,4,3,0,3
2012-01-20,5,19,0,19
2012-01-20,6,68,0,68
2012-01-20,7,182,2,184
2012-01-20,8,421,4,425
2012-01-20,9,240,20,260
2012-01-20,10,94,1,95
2012-01-20,11,113,6,119
2012-01-20,12,119,5,124
2012-01-20,13,143,12,155
2012-01-20,14,106,8,114
2012-01-20,15,143,12,155
2012-01-20,16,161,11,172
2012-01-20,17,334,9,343
2012-01-20,18,292,5,297
2012-01-20,19,182,6,188
2012-01-20,20,138,1,139
2012-01-20,21,98,5,103
2012-01-20,22,69,1,70
2012-01-20,23,34,3,37
2012-01-21,0,23,0,23
2012-01-21,1,22,1,23
2012-01-21,2,23,1,24
2012-01-21,3,13,0,13
2012-01-21,4,1,0,1
2012-01-21,5,2,0,2
2012-01-21,6,1,0,1
2012-01-21,7,10,3,13
2012-01-21,8,21,3,24
2012-01-21,9,39,2,41
2012-01-21,10,45,0,45
2012-01-21,11,62,1,63
2012-01-21,12,61,5,66
2012-01-21,13,66,10,76
2012-01-21,14,87,6,93
2012-01-21,15,110,6,116
2012-01-21,16,113,5,118
2012-01-21,17,98,7,105
2012-01-21,18,105,3,108
2012-01-21,19,85,0,85
2012-01-21,20,61,5,66
2012-01-21,21,64,5,69
2012-01-21,22,55,3,58
2012-01-21,23,50,1,51
2012-01-22,0,50,1,51
2012-01-22,1,48,1,49
2012-01-22,2,45,1,46
2012-01-22,3,18,1,19
2012-01-22,4,1,1,2
2012-01-22,5,2,1,3
2012-01-22,6,4,0,4
2012-01-22,7,11,2,13
2012-01-22,8,29,3,32
2012-01-22,9,53,9,62
2012-01-22,10,119,9,128
2012-01-22,11,110,18,128
2012-01-22,12,160,24,184
2012-01-22,13,174,24,198
2012-01-22,14,159,19,178
2012-01-22,15,148,27,175
2012-01-22,16,143,12,155
2012-01-22,17,100,8,108
2012-01-22,18,110,11,121
2012-01-22,19,79,9,88
2012-01-22,20,67,5,72
2012-01-22,21,36,8,44
2012-01-22,22,57,0,57
2012-01-22,23,35,2,37
2012-01-23,0,17,2,19
2012-01-23,1,4,0,4
2012-01-23,2,2,0,2
2012-01-23,3,1,0,1
2012-01-23,4,1,0,1
2012-01-23,5,18,0,18
2012-01-23,6,36,6,42
2012-01-23,7,113,8,121
2012-01-23,8,266,5,271
2012-01-23,9,196,13,209
2012-01-23,10,139,10,149
2012-01-23,11,57,5,62
2012-01-23,12,50,10,60
2012-01-23,13,32,5,37
2012-01-23,14,47,13,60
2012-01-23,15,64,10,74
2012-01-23,16,106,14,120
2012-01-23,17,266,6,272
2012-01-23,18,273,7,280
2012-01-23,19,211,9,220
2012-01-23,20,158,8,166
2012-01-23,21,111,8,119
2012-01-23,22,64,4,68
2012-01-23,23,34,2,36
2012-01-24,0,18,6,24
2012-01-24,1,7,2,9
2012-01-24,2,6,2,8
2012-01-24,3,3,0,3
2012-01-24,4,2,0,2
2012-01-24,5,25,0,25
2012-01-24,6,86,1,87
2012-01-24,7,219,11,230
2012-01-24,8,473,11,484
2012-01-24,9,242,11,253
2012-01-24,10,93,23,116
2012-01-24,11,121,30,151
2012-01-24,12,150,25,175
2012-01-24,13,166,33,199
2012-01-24,14,136,35,171
2012-01-24,15,155,52,207
2012-01-24,16,243,35,278
2012-01-24,17,469,41,510
2012-01-24,18,386,32,418
2012-01-24,19,307,20,327
2012-01-24,20,208,18,226
2012-01-24,21,153,18,171
2012-01-24,22,108,14,122
2012-01-24,23,80,19,99
2012-01-25,0,26,6,32
2012-01-25,1,7,4,11
2012-01-25,2,3,3,6
2012-01-25,3,1,0,1
2012-01-25,4,4,0,4
2012-01-25,5,31,0,31
2012-01-25,6,87,1,88
2012-01-25,7,241,14,255
2012-01-25,8,493,18,511
2012-01-25,9,217,18,235
2012-01-25,10,110,30,140
2012-01-25,11,104,52,156
2012-01-25,12,145,46,191
2012-01-25,13,142,63,205
2012-01-25,14,105,53,158
2012-01-25,15,123,30,153
2012-01-25,16,217,29,246
2012-01-25,17,439,27,466
2012-01-25,18,414,24,438
2012-01-25,19,307,5,312
2012-01-25,20,224,10,234
2012-01-25,21,163,19,182
2012-01-25,22,101,12,113
2012-01-25,23,63,3,66
2012-01-26,0,21,3,24
2012-01-26,1,16,5,21
2012-01-26,2,6,1,7
2012-01-26,3,5,1,6
2012-01-26,4,3,0,3
2012-01-26,5,28,0,28
2012-01-26,6,87,0,87
2012-01-26,7,225,11,236
2012-01-26,8,510,16,526
2012-01-26,9,255,18,273
2012-01-26,10,92,16,108
2012-01-26,11,98,11,109
2012-01-26,12,135,29,164
2012-01-26,13,155,17,172
2012-01-26,14,107,16,123
2012-01-26,15,141,22,163
2012-01-26,16,206,15,221
2012-01-26,17,389,15,404
2012-01-26,18,392,12,404
2012-01-26,19,296,11,307
2012-01-26,20,215,8,223
2012-01-26,21,179,8,187
2012-01-26,22,138,3,141
2012-01-26,23,85,5,90
2012-01-27,0,33,6,39
2012-01-27,1,23,6,29
2012-01-27,2,11,2,13
2012-01-27,3,5,3,8
2012-01-27,4,3,1,4
2012-01-27,5,24,0,24
2012-01-27,6,71,0,71
2012-01-27,7,130,6,136
2012-01-27,8,205,14,219
2012-01-27,9,100,6,106
2012-01-27,10,116,9,125
2012-01-27,11,94,10,104
2012-01-27,12,153,25,178
2012-01-27,13,174,26,200
2012-01-27,14,150,23,173
2012-01-27,15,166,27,193
2012-01-27,16,239,26,265
2012-01-27,17,399,16,415
2012-01-27,18,357,20,377
2012-01-27,19,237,10,247
2012-01-27,20,151,6,157
2012-01-27,21,126,8,134
2012-01-27,22,106,11,117
2012-01-27,23,76,8,84
2012-01-28,0,67,1,68
2012-01-28,1,56,1,57
2012-01-28,2,38,3,41
2012-01-28,3,16,1,17
2012-01-28,4,8,0,8
2012-01-28,5,9,0,9
2012-01-28,6,12,3,15
2012-01-28,7,28,3,31
2012-01-28,8,81,9,90
2012-01-28,9,144,13,157
2012-01-28,10,162,27,189
2012-01-28,11,233,55,288
2012-01-28,12,241,70,311
2012-01-28,13,291,81,372
2012-01-28,14,237,123,360
2012-01-28,15,320,90,410
2012-01-28,16,273,131,404
2012-01-28,17,230,57,287
2012-01-28,18,202,40,242
2012-01-28,19,169,33,202
2012-01-28,20,113,5,118
2012-01-28,21,110,18,128
2012-01-28,22,95,6,101
2012-01-28,23,78,6,84
2012-01-29,0,81,15,96
2012-01-29,1,65,5,70
2012-01-29,2,48,3,51
2012-01-29,3,17,4,21
2012-01-29,4,5,0,5
2012-01-29,5,6,1,7
2012-01-29,6,4,1,5
2012-01-29,7,12,0,12
2012-01-29,8,59,9,68
2012-01-29,9,96,13,109
2012-01-29,10,149,38,187
2012-01-29,11,196,57,253
2012-01-29,12,208,74,282
2012-01-29,13,237,78,315
2012-01-29,14,226,49,275
2012-01-29,15,239,68,307
2012-01-29,16,266,54,320
2012-01-29,17,199,33,232
2012-01-29,18,151,17,168
2012-01-29,19,144,14,158
2012-01-29,20,96,13,109
2012-01-29,21,69,0,69
2012-01-29,22,55,7,62
2012-01-29,23,21,4,25
2012-01-30,0,10,0,10
2012-01-30,1,9,0,9
2012-01-30,2,6,1,7
2012-01-30,3,4,0,4
2012-01-30,4,5,0,5
2012-01-30,5,25,0,25
2012-01-30,6,80,0,80
2012-01-30,7,219,4,223
2012-01-30,8,475,12,487
2012-01-30,9,190,5,195
2012-01-30,10,81,3,84
2012-01-30,11,92,6,98
2012-01-30,12,129,5,134
2012-01-30,13,117,15,132
2012-01-30,14,98,15,113
2012-01-30,15,130,7,137
2012-01-30,16,207,11,218
2012-01-30,17,423,16,439
2012-01-30,18,397,11,408
2012-01-30,19,291,8,299
2012-01-30,20,177,2,179
2012-01-30,21,155,3,158
2012-01-30,22,88,2,90
2012-01-30,23,51,0,51
2012-01-31,0,15,0,15
2012-01-31,1,7,1,8
2012-01-31,2,2,0,2
2012-01-31,3,2,0,2
2012-01-31,4,1,0,1
2012-01-31,5,22,0,22
2012-01-31,6,102,0,102
2012-01-31,7,269,6,275
2012-01-31,8,494,14,508
2012-01-31,9,231,30,261
2012-01-31,10,110,34,144
2012-01-31,11,125,14,139
2012-01-31,12,179,13,192
2012-01-31,13,172,27,199
2012-01-31,14,141,18,159
2012-01-31,15,148,27,175
2012-01-31,16,272,30,302
2012-01-31,17,514,41,555
2012-01-31,18,483,16,499
2012-01-31,19,301,22,323
2012-01-31,20,223,15,238
2012-01-31,21,161,3,164
2012-01-31,22,117,11,128
2012-01-31,23,61,2,63
2012-02-01,0,30,0,30
2012-02-01,1,4,0,4
2012-02-01,2,6,1,7
2012-02-01,3,3,0,3
2012-02-01,4,1,0,1
2012-02-01,5,18,0,18
2012-02-01,6,67,0,67
2012-02-01,7,200,7,207
2012-02-01,8,501,15,516
2012-02-01,9,266,9,275
2012-02-01,10,121,9,130
2012-02-01,11,116,27,143
2012-02-01,12,153,26,179
2012-02-01,13,170,12,182
2012-02-01,14,157,33,190
2012-02-01,15,166,25,191
2012-02-01,16,258,22,280
2012-02-01,17,508,31,539
2012-02-01,18,506,12,518
2012-02-01,19,312,20,332
2012-02-01,20,252,10,262
2012-02-01,21,218,16,234
2012-02-01,22,133,7,140
2012-02-01,23,75,22,97
2012-02-02,0,24,7,31
2012-02-02,1,14,3,17
2012-02-02,2,7,2,9
2012-02-02,3,2,0,2
2012-02-02,4,1,0,1
2012-02-02,5,19,0,19
2012-02-02,6,72,1,73
2012-02-02,7,200,4,204
2012-02-02,8,434,9,443
2012-02-02,9,213,15,228
2012-02-02,10,71,6,77
2012-02-02,11,99,6,105
2012-02-02,12,139,8,147
2012-02-02,13,122,13,135
2012-02-02,14,129,12,141
2012-02-02,15,149,24,173
2012-02-02,16,211,18,229
2012-02-02,17,435,13,448
2012-02-02,18,392,17,409
2012-02-02,19,308,16,324
2012-02-02,20,201,9,210
2012-02-02,21,139,4,143
2012-02-02,22,105,3,108
2012-02-02,23,61,0,61
2012-02-03,0,36,1,37
2012-02-03,1,19,3,22
2012-02-03,2,6,0,6
2012-02-03,3,4,0,4
2012-02-03,4,2,0,2
2012-02-03,5,17,0,17
2012-02-03,6,88,0,88
2012-02-03,7,217,10,227
2012-02-03,8,428,12,440
2012-02-03,9,252,18,270
2012-02-03,10,111,15,126
2012-02-03,11,147,15,162
2012-02-03,12,192,25,217
2012-02-03,13,170,25,195
2012-02-03,14,148,22,170
2012-02-03,15,165,48,213
2012-02-03,16,272,36,308
2012-02-03,17,454,30,484
2012-02-03,18,366,17,383
2012-02-03,19,252,11,263
2012-02-03,20,152,8,160
2012-02-03,21,123,8,131
2012-02-03,22,115,3,118
2012-02-03,23,72,3,75
2012-02-04,0,75,10,85
2012-02-04,1,42,0,42
2012-02-04,2,38,5,43
2012-02-04,3,17,1,18
2012-02-04,4,5,1,6
2012-02-04,5,3,1,4
2012-02-04,6,4,1,5
2012-02-04,7,27,1,28
2012-02-04,8,85,4,89
2012-02-04,9,139,16,155
2012-02-04,10,191,31,222
2012-02-04,11,218,46,264
2012-02-04,12,258,40,298
2012-02-04,13,241,58,299
2012-02-04,14,227,47,274
2012-02-04,15,237,61,298
2012-02-04,16,121,20,141
2012-02-04,17,54,13,67
2012-02-04,18,58,6,64
2012-02-04,19,75,5,80
2012-02-04,20,73,4,77
2012-02-04,21,71,4,75
2012-02-04,22,89,4,93
2012-02-04,23,66,4,70
2012-02-05,0,58,3,61
2012-02-05,1,46,5,51
2012-02-05,2,57,4,61
2012-02-05,3,13,4,17
2012-02-05,4,9,0,9
2012-02-05,5,4,0,4
2012-02-05,6,4,0,4
2012-02-05,7,16,0,16
2012-02-05,8,58,4,62
2012-02-05,9,83,9,92
2012-02-05,10,137,10,147
2012-02-05,11,157,22,179
2012-02-05,12,217,25,242
2012-02-05,13,240,32,272
2012-02-05,14,201,40,241
2012-02-05,15,214,55,269
2012-02-05,16,256,35,291
2012-02-05,17,274,31,305
2012-02-05,18,168,10,178
2012-02-05,19,61,6,67
2012-02-05,20,47,3,50
2012-02-05,21,59,6,65
2012-02-05,22,180,9,189
2012-02-05,23,37,4,41
2012-02-06,0,14,7,21
2012-02-06,1,6,0,6
2012-02-06,2,3,0,3
2012-02-06,4,2,0,2
2012-02-06,5,17,0,17
2012-02-06,6,72,0,72
2012-02-06,7,227,5,232
2012-02-06,8,429,10,439
2012-02-06,9,265,8,273
2012-02-06,10,93,20,113
2012-02-06,11,104,12,116
2012-02-06,12,131,19,150
2012-02-06,13,124,17,141
2012-02-06,14,125,14,139
2012-02-06,15,146,25,171
2012-02-06,16,214,13,227
2012-02-06,17,415,13,428
2012-02-06,18,424,11,435
2012-02-06,19,283,7,290
2012-02-06,20,190,7,197
2012-02-06,21,142,11,153
2012-02-06,22,84,4,88
2012-02-06,23,41,3,44
2012-02-07,0,21,1,22
2012-02-07,1,6,8,14
2012-02-07,2,4,0,4
2012-02-07,3,1,1,2
2012-02-07,4,2,0,2
2012-02-07,5,15,0,15
2012-02-07,6,98,2,100
2012-02-07,7,292,6,298
2012-02-07,8,521,7,528
2012-02-07,9,275,11,286
2012-02-07,10,103,12,115
2012-02-07,11,121,9,130
2012-02-07,12,160,10,170
2012-02-07,13,169,15,184
2012-02-07,14,128,11,139
2012-02-07,15,134,13,147
2012-02-07,16,256,19,275
2012-02-07,17,493,15,508
2012-02-07,18,502,10,512
2012-02-07,19,325,11,336
2012-02-07,20,203,6,209
2012-02-07,21,168,20,188
2012-02-07,22,106,11,117
2012-02-07,23,48,2,50
2012-02-08,0,21,2,23
2012-02-08,1,9,1,10
2012-02-08,2,1,0,1
2012-02-08,3,1,0,1
2012-02-08,4,1,0,1
2012-02-08,5,20,0,20
2012-02-08,6,93,3,96
2012-02-08,7,276,5,281
2012-02-08,8,494,12,506
2012-02-08,9,245,8,253
2012-02-08,10,107,1,108
2012-02-08,11,95,5,100
2012-02-08,12,124,14,138
2012-02-08,13,110,15,125
2012-02-08,14,99,8,107
2012-02-08,15,48,5,53
2012-02-08,16,71,2,73
2012-02-08,17,147,8,155
2012-02-08,18,163,4,167
2012-02-08,19,156,3,159
2012-02-08,20,122,2,124
2012-02-08,21,122,3,125
2012-02-08,22,94,3,97
2012-02-08,23,57,3,60
2012-02-09,0,22,3,25
2012-02-09,1,10,2,12
2012-02-09,2,2,0,2
2012-02-09,3,4,0,4
2012-02-09,4,1,0,1
2012-02-09,5,18,0,18
2012-02-09,6,73,1,74
2012-02-09,7,258,3,261
2012-02-09,8,475,11,486
2012-02-09,9,228,9,237
2012-02-09,10,90,7,97
2012-02-09,11,95,4,99
2012-02-09,12,146,10,156
2012-02-09,13,142,10,152
2012-02-09,14,124,18,142
2012-02-09,15,120,14,134
2012-02-09,16,217,15,232
2012-02-09,17,384,12,396
2012-02-09,18,399,13,412
2012-02-09,19,285,8,293
2012-02-09,20,193,2,195
2012-02-09,21,167,8,175
2012-02-09,22,104,2,106
2012-02-09,23,74,9,83
2012-02-10,0,39,4,43
2012-02-10,1,11,2,13
2012-02-10,2,9,7,16
2012-02-10,3,5,0,5
2012-02-10,4,2,0,2
2012-02-10,5,17,0,17
2012-02-10,6,61,3,64
2012-02-10,7,225,5,230
2012-02-10,8,448,1,449
2012-02-10,9,261,9,270
2012-02-10,10,120,5,125
2012-02-10,11,130,19,149
2012-02-10,12,166,8,174
2012-02-10,13,165,22,187
2012-02-10,14,136,8,144
2012-02-10,15,162,27,189
2012-02-10,16,235,27,262
2012-02-10,17,378,15,393
2012-02-10,18,343,14,357
2012-02-10,19,244,16,260
2012-02-10,20,141,7,148
2012-02-10,21,108,14,122
2012-02-10,22,102,11,113
2012-02-10,23,64,1,65
2012-02-11,0,49,3,52
2012-02-11,1,42,2,44
2012-02-11,2,24,2,26
2012-02-11,3,9,0,9
2012-02-11,4,4,0,4
2012-02-11,5,2,0,2
2012-02-11,6,8,1,9
2012-02-11,7,19,0,19
2012-02-11,8,76,1,77
2012-02-11,9,85,5,90
2012-02-11,10,143,23,166
2012-02-11,11,157,26,183
2012-02-11,12,193,25,218
2012-02-11,13,215,18,233
2012-02-11,14,203,38,241
2012-02-11,15,111,12,123
2012-02-11,16,132,12,144
2012-02-11,17,131,13,144
2012-02-11,18,105,3,108
2012-02-11,19,85,2,87
2012-02-11,20,60,1,61
2012-02-11,21,43,5,48
2012-02-11,22,45,0,45
2012-02-11,23,20,0,20
2012-02-12,0,21,0,21
2012-02-12,1,24,0,24
2012-02-12,2,25,1,26
2012-02-12,3,14,0,14
2012-02-12,4,1,0,1
2012-02-12,5,3,0,3
2012-02-12,6,2,0,2
2012-02-12,7,18,0,18
2012-02-12,8,26,0,26
2012-02-12,9,59,3,62
2012-02-12,10,83,8,91
2012-02-12,11,119,3,122
2012-02-12,12,132,7,139
2012-02-12,13,127,10,137
2012-02-12,14,100,9,109
2012-02-12,15,150,5,155
2012-02-12,16,146,16,162
2012-02-12,17,82,4,86
2012-02-12,18,92,4,96
2012-02-12,19,78,2,80
2012-02-12,20,55,1,56
2012-02-12,21,35,0,35
2012-02-12,22,28,0,28
2012-02-12,23,20,0,20
2012-02-13,0,9,0,9
2012-02-13,1,6,0,6
2012-02-13,2,4,0,4
2012-02-13,3,1,0,1
2012-02-13,4,2,0,2
2012-02-13,5,17,0,17
2012-02-13,6,71,1,72
2012-02-13,7,194,1,195
2012-02-13,8,412,4,416
2012-02-13,9,197,7,204
2012-02-13,10,70,1,71
2012-02-13,11,85,5,90
2012-02-13,12,111,7,118
2012-02-13,13,127,11,138
2012-02-13,14,124,10,134
2012-02-13,15,144,10,154
2012-02-13,16,205,5,210
2012-02-13,17,398,8,406
2012-02-13,18,394,6,400
2012-02-13,19,253,7,260
2012-02-13,20,206,4,210
2012-02-13,21,142,2,144
2012-02-13,22,98,3,101
2012-02-13,23,33,2,35
2012-02-14,0,13,0,13
2012-02-14,1,6,0,6
2012-02-14,2,3,0,3
2012-02-14,3,3,0,3
2012-02-14,4,2,0,2
2012-02-14,5,19,2,21
2012-02-14,6,88,1,89
2012-02-14,7,273,4,277
2012-02-14,8,507,3,510
2012-02-14,9,253,6,259
2012-02-14,10,89,8,97
2012-02-14,11,106,3,109
2012-02-14,12,160,10,170
2012-02-14,13,166,6,172
2012-02-14,14,109,11,120
2012-02-14,15,138,7,145
2012-02-14,16,249,15,264
2012-02-14,17,502,19,521
2012-02-14,18,393,8,401
2012-02-14,19,267,11,278
2012-02-14,20,177,6,183
2012-02-14,21,104,4,108
2012-02-14,22,72,5,77
2012-02-14,23,55,2,57
2012-02-15,0,20,0,20
2012-02-15,1,5,0,5
2012-02-15,2,4,0,4
2012-02-15,3,3,0,3
2012-02-15,4,1,0,1
2012-02-15,5,25,0,25
2012-02-15,6,91,3,94
2012-02-15,7,316,3,319
2012-02-15,8,502,7,509
2012-02-15,9,226,5,231
2012-02-15,10,108,12,120
2012-02-15,11,125,13,138
2012-02-15,12,148,11,159
2012-02-15,13,156,11,167
2012-02-15,14,128,6,134
2012-02-15,15,161,7,168
2012-02-15,16,221,9,230
2012-02-15,17,463,17,480
2012-02-15,18,456,9,465
2012-02-15,19,300,9,309
2012-02-15,20,207,4,211
2012-02-15,21,168,8,176
2012-02-15,22,102,3,105
2012-02-15,23,53,4,57
2012-02-16,0,22,1,23
2012-02-16,1,5,0,5
2012-02-16,2,4,1,5
2012-02-16,3,1,0,1
2012-02-16,4,2,0,2
2012-02-16,5,20,0,20
2012-02-16,6,81,4,85
2012-02-16,7,282,3,285
2012-02-16,8,485,9,494
2012-02-16,9,198,3,201
2012-02-16,10,43,2,45
2012-02-16,11,69,2,71
2012-02-16,12,42,1,43
2012-02-16,13,62,2,64
2012-02-16,14,30,1,31
2012-02-16,15,50,3,53
2012-02-16,16,109,8,117
2012-02-16,17,279,8,287
2012-02-16,18,343,8,351
2012-02-16,19,254,4,258
2012-02-16,20,209,5,214
2012-02-16,21,141,3,144
2012-02-16,22,108,3,111
2012-02-16,23,69,3,72
2012-02-17,0,32,2,34
2012-02-17,1,16,2,18
2012-02-17,2,11,1,12
2012-02-17,3,1,0,1
2012-02-17,4,1,0,1
2012-02-17,5,16,0,16
2012-02-17,6,69,1,70
2012-02-17,7,220,4,224
2012-02-17,8,512,4,516
2012-02-17,9,271,8,279
2012-02-17,10,101,13,114
2012-02-17,11,131,9,140
2012-02-17,12,176,21,197
2012-02-17,13,170,34,204
2012-02-17,14,134,33,167
2012-02-17,15,180,41,221
2012-02-17,16,251,56,307
2012-02-17,17,425,36,461
2012-02-17,18,359,15,374
2012-02-17,19,259,16,275
2012-02-17,20,156,13,169
2012-02-17,21,110,15,125
2012-02-17,22,91,15,106
2012-02-17,23,71,10,81
2012-02-18,0,80,5,85
2012-02-18,1,38,7,45
2012-02-18,2,39,6,45
2012-02-18,3,15,3,18
2012-02-18,4,4,3,7
2012-02-18,5,1,0,1
2012-02-18,6,8,1,9
2012-02-18,7,33,7,40
2012-02-18,8,91,10,101
2012-02-18,9,115,22,137
2012-02-18,10,156,48,204
2012-02-18,11,182,102,284
2012-02-18,12,238,128,366
2012-02-18,13,213,165,378
2012-02-18,14,238,183,421
2012-02-18,15,266,229,495
2012-02-18,16,215,186,401
2012-02-18,17,215,143,358
2012-02-18,18,173,70,243
2012-02-18,19,148,38,186
2012-02-18,20,122,25,147
2012-02-18,21,88,25,113
2012-02-18,22,97,17,114
2012-02-18,23,61,12,73
2012-02-19,0,64,9,73
2012-02-19,1,62,10,72
2012-02-19,2,44,3,47
2012-02-19,3,12,3,15
2012-02-19,4,3,0,3
2012-02-19,5,1,1,2
2012-02-19,6,5,0,5
2012-02-19,7,12,2,14
2012-02-19,8,47,8,55
2012-02-19,9,72,20,92
2012-02-19,10,142,49,191
2012-02-19,11,142,82,224
2012-02-19,12,183,71,254
2012-02-19,13,197,64,261
2012-02-19,14,188,48,236
2012-02-19,15,165,85,250
2012-02-19,16,149,62,211
2012-02-19,17,131,22,153
2012-02-19,18,143,23,166
2012-02-19,19,100,18,118
2012-02-19,20,81,22,103
2012-02-19,21,33,3,36
2012-02-19,22,45,8,53
2012-02-19,23,30,5,35
2012-02-20,0,35,5,40
2012-02-20,1,11,3,14
2012-02-20,2,19,1,20
2012-02-20,3,8,0,8
2012-02-20,5,6,0,6
2012-02-20,6,9,1,10
2012-02-20,7,41,2,43
2012-02-20,8,112,9,121
2012-02-20,9,98,12,110
2012-02-20,10,111,30,141
2012-02-20,11,162,45,207
2012-02-20,12,216,65,281
2012-02-20,13,241,66,307
2012-02-20,14,199,57,256
2012-02-20,15,228,54,282
2012-02-20,16,214,64,278
2012-02-20,17,223,27,250
2012-02-20,18,213,27,240
2012-02-20,19,163,8,171
2012-02-20,20,117,9,126
2012-02-20,21,88,8,96
2012-02-20,22,49,9,58
2012-02-20,23,26,0,26
2012-02-21,0,11,1,12
2012-02-21,1,7,0,7
2012-02-21,2,3,0,3
2012-02-21,4,2,0,2
2012-02-21,5,14,0,14
2012-02-21,6,83,3,86
2012-02-21,7,270,6,276
2012-02-21,8,454,5,459
2012-02-21,9,211,6,217
2012-02-21,10,75,8,83
2012-02-21,11,82,5,87
2012-02-21,12,147,16,163
2012-02-21,13,122,8,130
2012-02-21,14,107,16,123
2012-02-21,15,137,23,160
2012-02-21,16,236,14,250
2012-02-21,17,411,21,432
2012-02-21,18,412,11,423
2012-02-21,19,296,5,301
2012-02-21,20,218,4,222
2012-02-21,21,146,7,153
2012-02-21,22,97,3,100
2012-02-21,23,45,1,46
2012-02-22,0,18,5,23
2012-02-22,1,4,3,7
2012-02-22,2,5,1,6
2012-02-22,3,3,1,4
2012-02-22,4,2,0,2
2012-02-22,5,29,1,30
2012-02-22,6,84,5,89
2012-02-22,7,290,10,300
2012-02-22,8,557,9,566
2012-02-22,9,242,11,253
2012-02-22,10,122,17,139
2012-02-22,11,147,22,169
2012-02-22,12,184,21,205
2012-02-22,13,173,15,188
2012-02-22,14,142,35,177
2012-02-22,15,161,33,194
2012-02-22,16,267,30,297
2012-02-22,17,483,43,526
2012-02-22,18,482,42,524
2012-02-22,19,303,22,325
2012-02-22,20,245,25,270
2012-02-22,21,218,19,237
2012-02-22,22,126,18,144
2012-02-22,23,56,5,61
2012-02-23,0,29,12,41
2012-02-23,1,12,3,15
2012-02-23,2,4,5,9
2012-02-23,3,4,2,6
2012-02-23,4,1,0,1
2012-02-23,5,30,2,32
2012-02-23,6,86,3,89
2012-02-23,7,312,9,321
2012-02-23,8,543,11,554
2012-02-23,9,225,14,239
2012-02-23,10,106,41,147
2012-02-23,11,128,54,182
2012-02-23,12,198,25,223
2012-02-23,13,186,29,215
2012-02-23,14,155,37,192
2012-02-23,15,169,46,215
2012-02-23,16,295,46,341
2012-02-23,17,555,49,604
2012-02-23,18,485,36,521
2012-02-23,19,345,20,365
2012-02-23,20,242,22,264
2012-02-23,21,202,17,219
2012-02-23,22,116,19,135
2012-02-23,23,71,14,85
2012-02-24,0,34,12,46
2012-02-24,1,15,3,18
2012-02-24,2,4,1,5
2012-02-24,3,5,0,5
2012-02-24,4,2,0,2
2012-02-24,5,25,1,26
2012-02-24,6,78,2,80
2012-02-24,7,263,7,270
2012-02-24,8,447,17,464
2012-02-24,9,228,15,243
2012-02-24,10,120,22,142
2012-02-24,11,135,27,162
2012-02-24,12,197,27,224
2012-02-24,13,151,30,181
2012-02-24,14,26,5,31
2012-02-24,15,82,11,93
2012-02-24,16,165,12,177
2012-02-24,17,240,14,254
2012-02-24,18,288,11,299
2012-02-24,19,227,6,233
2012-02-24,20,156,8,164
2012-02-24,21,149,1,150
2012-02-24,22,101,4,105
2012-02-24,23,75,10,85
2012-02-25,0,56,5,61
2012-02-25,1,40,4,44
2012-02-25,2,35,1,36
2012-02-25,3,7,0,7
2012-02-25,4,2,0,2
2012-02-25,5,3,0,3
2012-02-25,6,12,1,13
2012-02-25,7,20,3,23
2012-02-25,8,89,3,92
2012-02-25,9,106,15,121
2012-02-25,10,155,24,179
2012-02-25,11,183,23,206
2012-02-25,12,212,41,253
2012-02-25,13,177,48,225
2012-02-25,14,176,35,211
2012-02-25,15,208,21,229
2012-02-25,16,162,32,194
2012-02-25,17,140,16,156
2012-02-25,18,121,7,128
2012-02-25,19,134,12,146
2012-02-25,20,94,10,104
2012-02-25,21,79,5,84
2012-02-25,22,78,4,82
2012-02-25,23,83,7,90
2012-02-26,0,63,7,70
2012-02-26,1,49,5,54
2012-02-26,2,35,5,40
2012-02-26,3,20,0,20
2012-02-26,4,5,1,6
2012-02-26,5,5,0,5
2012-02-26,6,2,0,2
2012-02-26,7,19,2,21
2012-02-26,8,57,2,59
2012-02-26,9,75,10,85
2012-02-26,10,160,28,188
2012-02-26,11,182,43,225
2012-02-26,12,254,49,303
2012-02-26,13,261,58,319
2012-02-26,14,262,68,330
2012-02-26,15,280,72,352
2012-02-26,16,275,64,339
2012-02-26,17,240,46,286
2012-02-26,18,197,17,214
2012-02-26,19,127,13,140
2012-02-26,20,76,9,85
2012-02-26,21,75,8,83
2012-02-26,22,67,3,70
2012-02-26,23,59,5,64
2012-02-27,0,27,2,29
2012-02-27,1,6,0,6
2012-02-27,2,4,0,4
2012-02-27,3,2,0,2
2012-02-27,4,1,0,1
2012-02-27,5,16,0,16
2012-02-27,6,88,1,89
2012-02-27,7,274,2,276
2012-02-27,8,512,14,526
2012-02-27,9,214,11,225
2012-02-27,10,88,16,104
2012-02-27,11,91,11,102
2012-02-27,12,162,13,175
2012-02-27,13,159,23,182
2012-02-27,14,129,24,153
2012-02-27,15,149,24,173
2012-02-27,16,263,20,283
2012-02-27,17,499,26,525
2012-02-27,18,515,10,525
2012-02-27,19,317,16,333
2012-02-27,20,207,11,218
2012-02-27,21,179,14,193
2012-02-27,22,81,9,90
2012-02-27,23,50,6,56
2012-02-28,0,10,0,10
2012-02-28,1,6,0,6
2012-02-28,2,2,1,3
2012-02-28,3,6,0,6
2012-02-28,4,2,0,2
2012-02-28,5,19,1,20
2012-02-28,6,99,1,100
2012-02-28,7,309,12,321
2012-02-28,8,541,16,557
2012-02-28,9,227,7,234
2012-02-28,10,118,14,132
2012-02-28,11,154,8,162
2012-02-28,12,163,19,182
2012-02-28,13,171,16,187
2012-02-28,14,120,13,133
2012-02-28,15,148,17,165
2012-02-28,16,269,17,286
2012-02-28,17,496,33,529
2012-02-28,18,428,17,445
2012-02-28,19,287,15,302
2012-02-28,20,200,2,202
2012-02-28,21,176,10,186
2012-02-28,22,93,6,99
2012-02-28,23,60,4,64
2012-02-29,0,30,2,32
2012-02-29,1,6,0,6
2012-02-29,2,4,0,4
2012-02-29,3,2,0,2
2012-02-29,5,27,0,27
2012-02-29,6,99,4,103
2012-02-29,7,237,11,248
2012-02-29,8,115,2,117
2012-02-29,9,34,5,39
2012-02-29,10,10,0,10
2012-02-29,11,9,1,10
2012-02-29,12,68,1,69
2012-02-29,13,72,4,76
2012-02-29,14,54,2,56
2012-02-29,15,85,3,88
2012-02-29,16,159,5,164
2012-02-29,17,246,7,253
2012-02-29,18,176,11,187
2012-02-29,19,101,0,101
2012-02-29,20,94,2,96
2012-02-29,21,39,0,39
2012-02-29,22,53,2,55
2012-02-29,23,30,3,33
2012-03-01,0,10,1,11
2012-03-01,1,12,0,12
2012-03-01,2,6,0,6
2012-03-01,3,3,0,3
2012-03-01,4,5,0,5
2012-03-01,5,18,0,18
2012-03-01,6,106,2,108
2012-03-01,7,296,8,304
2012-03-01,8,573,15,588
2012-03-01,9,273,5,278
2012-03-01,10,123,11,134
2012-03-01,11,148,19,167
2012-03-01,12,202,16,218
2012-03-01,13,183,23,206
2012-03-01,14,172,37,209
2012-03-01,15,186,31,217
2012-03-01,16,319,38,357
2012-03-01,17,547,49,596
2012-03-01,18,496,27,523
2012-03-01,19,316,11,327
2012-03-01,20,235,12,247
2012-03-01,21,186,7,193
2012-03-01,22,120,3,123
2012-03-01,23,76,9,85
2012-03-02,0,43,1,44
2012-03-02,1,18,2,20
2012-03-02,2,4,2,6
2012-03-02,3,3,0,3
2012-03-02,4,2,0,2
2012-03-02,5,24,0,24
2012-03-02,6,87,4,91
2012-03-02,7,257,4,261
2012-03-02,8,527,16,543
2012-03-02,9,292,15,307
2012-03-02,10,116,13,129
2012-03-02,11,151,40,191
2012-03-02,12,193,40,233
2012-03-02,13,188,31,219
2012-03-02,14,174,29,203
2012-03-02,15,72,5,77
2012-03-02,16,48,1,49
2012-03-02,17,122,5,127
2012-03-02,18,152,6,158
2012-03-02,19,159,12,171
2012-03-02,20,92,7,99
2012-03-02,21,97,2,99
2012-03-02,22,69,6,75
2012-03-02,23,19,4,23
2012-03-03,0,21,1,22
2012-03-03,1,44,0,44
2012-03-03,2,34,4,38
2012-03-03,3,19,1,20
2012-03-03,4,2,0,2
2012-03-03,5,0,1,1
2012-03-03,6,6,1,7
2012-03-03,7,14,2,16
2012-03-03,8,46,2,48
2012-03-03,9,86,7,93
2012-03-03,10,132,31,163
2012-03-03,11,176,33,209
2012-03-03,12,249,47,296
2012-03-03,13,251,87,338
2012-03-03,14,277,151,428
2012-03-03,15,247,145,392
2012-03-03,16,297,166,463
2012-03-03,17,274,106,380
2012-03-03,18,248,53,301
2012-03-03,19,188,34,222
2012-03-03,20,117,28,145
2012-03-03,21,128,24,152
2012-03-03,22,115,19,134
2012-03-03,23,94,12,106
2012-03-04,0,66,5,71
2012-03-04,1,59,16,75
2012-03-04,2,66,14,80
2012-03-04,3,21,5,26
2012-03-04,4,11,3,14
2012-03-04,5,5,0,5
2012-03-04,6,5,0,5
2012-03-04,7,21,2,23
2012-03-04,8,53,12,65
2012-03-04,9,101,14,115
2012-03-04,10,157,31,188
2012-03-04,11,189,64,253
2012-03-04,12,254,71,325
2012-03-04,13,249,108,357
2012-03-04,14,224,106,330
2012-03-04,15,247,82,329
2012-03-04,16,226,68,294
2012-03-04,17,209,49,258
2012-03-04,18,164,20,184
2012-03-04,19,117,12,129
2012-03-04,20,79,8,87
2012-03-04,21,68,9,77
2012-03-04,22,53,9,62
2012-03-04,23,24,2,26
2012-03-05,0,15,2,17
2012-03-05,1,3,3,6
2012-03-05,2,3,1,4
2012-03-05,3,1,0,1
2012-03-05,4,1,0,1
2012-03-05,5,17,1,18
2012-03-05,6,89,2,91
2012-03-05,7,249,7,256
2012-03-05,8,414,13,427
2012-03-05,9,182,11,193
2012-03-05,10,74,12,86
2012-03-05,11,86,17,103
2012-03-05,12,121,15,136
2012-03-05,13,108,11,119
2012-03-05,14,113,13,126
2012-03-05,15,110,20,130
2012-03-05,16,180,30,210
2012-03-05,17,373,11,384
2012-03-05,18,360,12,372
2012-03-05,19,221,6,227
2012-03-05,20,168,8,176
2012-03-05,21,112,4,116
2012-03-05,22,76,2,78
2012-03-05,23,29,2,31
2012-03-06,0,6,0,6
2012-03-06,1,6,0,6
2012-03-06,2,4,0,4
2012-03-06,3,1,0,1
2012-03-06,4,3,0,3
2012-03-06,5,25,0,25
2012-03-06,6,99,3,102
2012-03-06,7,268,5,273
2012-03-06,8,482,14,496
2012-03-06,9,221,11,232
2012-03-06,10,113,16,129
2012-03-06,11,110,20,130
2012-03-06,12,129,9,138
2012-03-06,13,148,16,164
2012-03-06,14,115,20,135
2012-03-06,15,141,24,165
2012-03-06,16,224,22,246
2012-03-06,17,421,21,442
2012-03-06,18,437,14,451
2012-03-06,19,277,9,286
2012-03-06,20,183,3,186
2012-03-06,21,141,5,146
2012-03-06,22,100,5,105
2012-03-06,23,51,3,54
2012-03-07,0,12,3,15
2012-03-07,1,4,1,5
2012-03-07,2,4,0,4
2012-03-07,3,2,1,3
2012-03-07,4,3,0,3
2012-03-07,5,18,0,18
2012-03-07,6,103,4,107
2012-03-07,7,331,12,343
2012-03-07,8,551,12,563
2012-03-07,9,249,12,261
2012-03-07,10,125,20,145
2012-03-07,11,124,33,157
2012-03-07,12,175,40,215
2012-03-07,13,174,26,200
2012-03-07,14,135,38,173
2012-03-07,15,164,44,208
2012-03-07,16,254,34,288
2012-03-07,17,552,58,610
2012-03-07,18,504,35,539
2012-03-07,19,342,16,358
2012-03-07,20,237,18,255
2012-03-07,21,174,11,185
2012-03-07,22,147,10,157
2012-03-07,23,58,4,62
2012-03-08,0,35,11,46
2012-03-08,1,17,4,21
2012-03-08,2,5,6,11
2012-03-08,3,3,0,3
2012-03-08,4,2,0,2
2012-03-08,5,26,1,27
2012-03-08,6,102,4,106
2012-03-08,7,322,8,330
2012-03-08,8,567,12,579
2012-03-08,9,278,19,297
2012-03-08,10,119,19,138
2012-03-08,11,156,48,204
2012-03-08,12,223,27,250
2012-03-08,13,196,35,231
2012-03-08,14,155,48,203
2012-03-08,15,160,24,184
2012-03-08,16,304,37,341
2012-03-08,17,537,51,588
2012-03-08,18,541,45,586
2012-03-08,19,387,21,408
2012-03-08,20,274,20,294
2012-03-08,21,206,27,233
2012-03-08,22,138,12,150
2012-03-08,23,86,6,92
2012-03-09,0,51,3,54
2012-03-09,1,22,4,26
2012-03-09,2,9,2,11
2012-03-09,3,6,0,6
2012-03-09,4,1,0,1
2012-03-09,5,26,2,28
2012-03-09,6,83,2,85
2012-03-09,7,259,6,265
2012-03-09,8,482,17,499
2012-03-09,9,266,17,283
2012-03-09,10,145,14,159
2012-03-09,11,169,17,186
2012-03-09,12,173,27,200
2012-03-09,13,174,49,223
2012-03-09,14,129,49,178
2012-03-09,15,186,50,236
2012-03-09,16,288,51,339
2012-03-09,17,493,68,561
2012-03-09,18,435,30,465
2012-03-09,19,226,12,238
2012-03-09,20,152,3,155
2012-03-09,21,131,8,139
2012-03-09,22,96,7,103
2012-03-09,23,76,9,85
2012-03-10,0,66,9,75
2012-03-10,1,50,1,51
2012-03-10,2,30,12,42
2012-03-10,3,16,0,16
2012-03-10,4,3,1,4
2012-03-10,5,7,3,10
2012-03-10,6,11,1,12
2012-03-10,7,36,4,40
2012-03-10,8,95,15,110
2012-03-10,9,126,21,147
2012-03-10,10,174,47,221
2012-03-10,11,218,56,274
2012-03-10,12,237,88,325
2012-03-10,13,263,89,352
2012-03-10,14,258,117,375
2012-03-10,15,272,132,404
2012-03-10,16,270,115,385
2012-03-10,17,244,104,348
2012-03-10,18,227,67,294
2012-03-10,19,154,25,179
2012-03-10,20,99,20,119
2012-03-10,21,93,16,109
2012-03-10,22,80,19,99
2012-03-10,23,75,6,81
2012-03-11,0,62,7,69
2012-03-11,1,56,4,60
2012-03-11,3,51,15,66
2012-03-11,4,15,7,22
2012-03-11,5,4,2,6
2012-03-11,6,8,2,10
2012-03-11,7,15,2,17
2012-03-11,8,66,4,70
2012-03-11,9,70,20,90
2012-03-11,10,147,71,218
2012-03-11,11,209,90,299
2012-03-11,12,257,146,403
2012-03-11,13,285,176,461
2012-03-11,14,287,212,499
2012-03-11,15,280,201,481
2012-03-11,16,297,208,505
2012-03-11,17,292,199,491
2012-03-11,18,253,133,386
2012-03-11,19,198,55,253
2012-03-11,20,127,42,169
2012-03-11,21,109,37,146
2012-03-11,22,80,13,93
2012-03-11,23,39,12,51
2012-03-12,0,18,4,22
2012-03-12,1,9,1,10
2012-03-12,2,5,4,9
2012-03-12,3,2,0,2
2012-03-12,4,2,0,2
2012-03-12,5,15,1,16
2012-03-12,6,84,2,86
2012-03-12,7,255,9,264
2012-03-12,8,543,17,560
2012-03-12,9,256,21,277
2012-03-12,10,96,39,135
2012-03-12,11,111,39,150
2012-03-12,12,157,59,216
2012-03-12,13,175,74,249
2012-03-12,14,145,76,221
2012-03-12,15,158,74,232
2012-03-12,16,253,77,330
2012-03-12,17,552,87,639
2012-03-12,18,617,89,706
2012-03-12,19,376,67,443
2012-03-12,20,236,49,285
2012-03-12,21,180,22,202
2012-03-12,22,115,17,132
2012-03-12,23,53,10,63
2012-03-13,0,21,5,26
2012-03-13,1,12,2,14
2012-03-13,2,1,0,1
2012-03-13,3,2,0,2
2012-03-13,5,24,0,24
2012-03-13,6,103,5,108
2012-03-13,7,288,16,304
2012-03-13,8,565,22,587
2012-03-13,9,322,18,340
2012-03-13,10,113,28,141
2012-03-13,11,154,64,218
2012-03-13,12,194,47,241
2012-03-13,13,179,53,232
2012-03-13,14,158,52,210
2012-03-13,15,196,68,264
2012-03-13,16,309,53,362
2012-03-13,17,607,62,669
2012-03-13,18,635,95,730
2012-03-13,19,420,51,471
2012-03-13,20,304,45,349
2012-03-13,21,199,44,243
2012-03-13,22,143,24,167
2012-03-13,23,77,8,85
2012-03-14,0,33,5,38
2012-03-14,1,23,2,25
2012-03-14,2,2,0,2
2012-03-14,3,3,1,4
2012-03-14,4,4,1,5
2012-03-14,5,25,2,27
2012-03-14,6,119,1,120
2012-03-14,7,346,20,366
2012-03-14,8,622,34,656
2012-03-14,9,324,26,350
2012-03-14,10,146,38,184
2012-03-14,11,149,65,214
2012-03-14,12,211,55,266
2012-03-14,13,196,57,253
2012-03-14,14,158,61,219
2012-03-14,15,192,86,278
2012-03-14,16,277,78,355
2012-03-14,17,639,141,780
2012-03-14,18,639,102,741
2012-03-14,19,400,70,470
2012-03-14,20,278,43,321
2012-03-14,21,240,48,288
2012-03-14,22,155,43,198
2012-03-14,23,71,19,90
2012-03-15,0,46,14,60
2012-03-15,1,8,15,23
2012-03-15,2,5,14,19
2012-03-15,3,7,0,7
2012-03-15,4,3,11,14
2012-03-15,5,23,2,25
2012-03-15,6,112,4,116
2012-03-15,7,362,14,376
2012-03-15,8,600,21,621
2012-03-15,9,280,30,310
2012-03-15,10,130,34,164
2012-03-15,11,150,60,210
2012-03-15,12,203,59,262
2012-03-15,13,209,62,271
2012-03-15,14,175,81,256
2012-03-15,15,184,100,284
2012-03-15,16,328,94,422
2012-03-15,17,625,80,705
2012-03-15,18,637,98,735
2012-03-15,19,350,72,422
2012-03-15,20,266,60,326
2012-03-15,21,202,36,238
2012-03-15,22,136,32,168
2012-03-15,23,83,12,95
2012-03-16,0,49,8,57
2012-03-16,1,22,4,26
2012-03-16,2,4,0,4
2012-03-16,3,3,0,3
2012-03-16,4,2,0,2
2012-03-16,5,30,2,32
2012-03-16,6,96,3,99
2012-03-16,7,262,13,275
2012-03-16,8,528,28,556
2012-03-16,9,273,35,308
2012-03-16,10,130,44,174
2012-03-16,11,166,40,206
2012-03-16,12,221,72,293
2012-03-16,13,206,52,258
2012-03-16,14,143,56,199
2012-03-16,15,87,19,106
2012-03-16,16,110,18,128
2012-03-16,17,229,23,252
2012-03-16,18,375,31,406
2012-03-16,19,271,23,294
2012-03-16,20,202,31,233
2012-03-16,21,142,8,150
2012-03-16,22,129,16,145
2012-03-16,23,102,22,124
2012-03-17,0,86,13,99
2012-03-17,1,56,12,68
2012-03-17,2,32,10,42
2012-03-17,3,23,2,25
2012-03-17,4,1,0,1
2012-03-17,5,3,5,8
2012-03-17,6,28,1,29
2012-03-17,7,57,29,86
2012-03-17,8,153,63,216
2012-03-17,9,214,104,318
2012-03-17,10,298,140,438
2012-03-17,11,355,226,581
2012-03-17,12,362,286,648
2012-03-17,13,394,286,680
2012-03-17,14,328,351,679
2012-03-17,15,318,357,675
2012-03-17,16,313,367,680
2012-03-17,17,351,291,642
2012-03-17,18,334,221,555
2012-03-17,19,253,155,408
2012-03-17,20,178,89,267
2012-03-17,21,166,54,220
2012-03-17,22,150,58,208
2012-03-17,23,148,34,182
2012-03-18,0,76,27,103
2012-03-18,1,83,25,108
2012-03-18,2,40,15,55
2012-03-18,3,15,3,18
2012-03-18,4,8,6,14
2012-03-18,5,4,0,4
2012-03-18,6,8,2,10
2012-03-18,7,25,17,42
2012-03-18,8,70,25,95
2012-03-18,9,111,64,175
2012-03-18,10,210,140,350
2012-03-18,11,237,129,366
2012-03-18,12,277,222,499
2012-03-18,13,341,198,539
2012-03-18,14,299,218,517
2012-03-18,15,311,240,551
2012-03-18,16,307,229,536
2012-03-18,17,306,232,538
2012-03-18,18,289,165,454
2012-03-18,19,228,118,346
2012-03-18,20,139,59,198
2012-03-18,21,127,44,171
2012-03-18,22,78,21,99
2012-03-18,23,37,7,44
2012-03-19,0,18,4,22
2012-03-19,1,14,0,14
2012-03-19,2,7,1,8
2012-03-19,3,2,0,2
2012-03-19,4,3,0,3
2012-03-19,5,30,0,30
2012-03-19,6,117,2,119
2012-03-19,7,326,25,351
2012-03-19,8,556,16,572
2012-03-19,9,274,55,329
2012-03-19,10,126,56,182
2012-03-19,11,142,55,197
2012-03-19,12,209,72,281
2012-03-19,13,193,69,262
2012-03-19,14,197,60,257
2012-03-19,15,188,97,285
2012-03-19,16,318,65,383
2012-03-19,17,610,106,716
2012-03-19,18,677,120,797
2012-03-19,19,458,86,544
2012-03-19,20,294,34,328
2012-03-19,21,187,33,220
2012-03-19,22,128,17,145
2012-03-19,23,45,9,54
2012-03-20,0,24,5,29
2012-03-20,1,9,6,15
2012-03-20,2,8,2,10
2012-03-20,3,3,0,3
2012-03-20,4,6,0,6
2012-03-20,5,20,0,20
2012-03-20,6,94,6,100
2012-03-20,7,166,3,169
2012-03-20,8,484,28,512
2012-03-20,9,280,41,321
2012-03-20,10,120,44,164
2012-03-20,11,155,74,229
2012-03-20,12,204,56,260
2012-03-20,13,205,77,282
2012-03-20,14,181,66,247
2012-03-20,15,176,67,243
2012-03-20,16,330,99,429
2012-03-20,17,636,108,744
2012-03-20,18,656,136,792
2012-03-20,19,471,75,546
2012-03-20,20,296,78,374
2012-03-20,21,233,38,271
2012-03-20,22,154,32,186
2012-03-20,23,79,10,89
2012-03-21,0,28,4,32
2012-03-21,1,22,4,26
2012-03-21,2,8,2,10
2012-03-21,3,7,1,8
2012-03-21,4,3,0,3
2012-03-21,5,35,4,39
2012-03-21,6,139,10,149
2012-03-21,7,335,34,369
2012-03-21,8,501,33,534
2012-03-21,9,251,38,289
2012-03-21,10,124,30,154
2012-03-21,11,150,38,188
2012-03-21,12,170,58,228
2012-03-21,13,220,81,301
2012-03-21,14,149,74,223
2012-03-21,15,175,67,242
2012-03-21,16,285,91,376
2012-03-21,17,606,113,719
2012-03-21,18,618,152,770
2012-03-21,19,488,85,573
2012-03-21,20,292,76,368
2012-03-21,21,202,47,249
2012-03-21,22,154,41,195
2012-03-21,23,87,37,124
2012-03-22,0,31,9,40
2012-03-22,1,15,14,29
2012-03-22,2,5,1,6
2012-03-22,3,7,0,7
2012-03-22,4,5,0,5
2012-03-22,5,32,2,34
2012-03-22,6,125,10,135
2012-03-22,7,329,29,358
2012-03-22,8,590,51,641
2012-03-22,9,271,41,312
2012-03-22,10,109,32,141
2012-03-22,11,164,53,217
2012-03-22,12,223,48,271
2012-03-22,13,212,83,295
2012-03-22,14,160,95,255
2012-03-22,15,201,103,304
2012-03-22,16,299,125,424
2012-03-22,17,650,154,804
2012-03-22,18,646,147,793
2012-03-22,19,466,117,583
2012-03-22,20,355,64,419
2012-03-22,21,305,66,371
2012-03-22,22,162,56,218
2012-03-22,23,115,34,149
2012-03-23,0,65,29,94
2012-03-23,1,32,19,51
2012-03-23,2,20,12,32
2012-03-23,3,6,4,10
2012-03-23,4,3,0,3
2012-03-23,5,29,5,34
2012-03-23,6,110,6,116
2012-03-23,7,316,27,343
2012-03-23,8,602,47,649
2012-03-23,9,297,75,372
2012-03-23,10,149,125,274
2012-03-23,11,181,131,312
2012-03-23,12,272,200,472
2012-03-23,13,254,172,426
2012-03-23,14,219,208,427
2012-03-23,15,280,191,471
2012-03-23,16,364,219,583
2012-03-23,17,683,263,946
2012-03-23,18,576,237,813
2012-03-23,19,466,213,679
2012-03-23,20,321,117,438
2012-03-23,21,214,64,278
2012-03-23,22,215,53,268
2012-03-23,23,122,51,173
2012-03-24,0,108,45,153
2012-03-24,1,107,20,127
2012-03-24,2,53,14,67
2012-03-24,3,22,10,32
2012-03-24,4,6,1,7
2012-03-24,5,4,0,4
2012-03-24,6,23,4,27
2012-03-24,7,45,25,70
2012-03-24,8,112,41,153
2012-03-24,9,151,96,247
2012-03-24,10,194,148,342
2012-03-24,11,175,98,273
2012-03-24,12,118,61,179
2012-03-24,13,134,62,196
2012-03-24,14,159,63,222
2012-03-24,15,171,118,289
2012-03-24,16,125,49,174
2012-03-24,17,67,47,114
2012-03-24,18,106,27,133
2012-03-24,19,105,28,133
2012-03-24,20,77,31,108
2012-03-24,21,86,16,102
2012-03-24,22,69,12,81
2012-03-24,23,87,17,104
2012-03-25,0,62,18,80
2012-03-25,1,65,24,89
2012-03-25,2,29,6,35
2012-03-25,3,10,8,18
2012-03-25,4,7,1,8
2012-03-25,5,6,0,6
2012-03-25,6,13,5,18
2012-03-25,7,25,14,39
2012-03-25,8,66,21,87
2012-03-25,9,90,26,116
2012-03-25,10,170,78,248
2012-03-25,11,212,106,318
2012-03-25,12,234,122,356
2012-03-25,13,254,110,364
2012-03-25,14,283,123,406
2012-03-25,15,278,139,417
2012-03-25,16,336,153,489
2012-03-25,17,267,146,413
2012-03-25,18,284,202,486
2012-03-25,19,252,114,366
2012-03-25,20,195,63,258
2012-03-25,21,121,25,146
2012-03-25,22,90,19,109
2012-03-25,23,56,9,65
2012-03-26,0,23,10,33
2012-03-26,1,10,19,29
2012-03-26,2,6,14,20
2012-03-26,3,1,0,1
2012-03-26,4,4,0,4
2012-03-26,5,36,0,36
2012-03-26,6,109,7,116
2012-03-26,7,351,15,366
2012-03-26,8,614,32,646
2012-03-26,9,240,37,277
2012-03-26,10,95,55,150
2012-03-26,11,129,47,176
2012-03-26,12,215,63,278
2012-03-26,13,221,82,303
2012-03-26,14,158,58,216
2012-03-26,15,156,66,222
2012-03-26,16,239,60,299
2012-03-26,17,597,65,662
2012-03-26,18,589,90,679
2012-03-26,19,412,41,453
2012-03-26,20,208,12,220
2012-03-26,21,175,11,186
2012-03-26,22,80,13,93
2012-03-26,23,45,2,47
2012-03-27,0,7,1,8
2012-03-27,1,4,1,5
2012-03-27,2,6,1,7
2012-03-27,3,3,0,3
2012-03-27,4,3,0,3
2012-03-27,5,16,1,17
2012-03-27,6,96,5,101
2012-03-27,7,276,9,285
2012-03-27,8,564,14,578
2012-03-27,9,256,8,264
2012-03-27,10,118,20,138
2012-03-27,11,137,34,171
2012-03-27,12,186,34,220
2012-03-27,13,162,46,208
2012-03-27,14,143,37,180
2012-03-27,15,154,42,196
2012-03-27,16,263,38,301
2012-03-27,17,535,72,607
2012-03-27,18,574,67,641
2012-03-27,19,373,40,413
2012-03-27,20,262,28,290
2012-03-27,21,196,21,217
2012-03-27,22,124,7,131
2012-03-27,23,58,5,63
2012-03-28,0,28,1,29
2012-03-28,1,8,0,8
2012-03-28,2,3,0,3
2012-03-28,3,4,1,5
2012-03-28,4,0,1,1
2012-03-28,5,38,2,40
2012-03-28,6,110,4,114
2012-03-28,7,347,10,357
2012-03-28,8,630,19,649
2012-03-28,9,293,16,309
2012-03-28,10,137,33,170
2012-03-28,11,166,54,220
2012-03-28,12,214,50,264
2012-03-28,13,211,60,271
2012-03-28,14,168,52,220
2012-03-28,15,149,47,196
2012-03-28,16,169,51,220
2012-03-28,17,530,72,602
2012-03-28,18,578,61,639
2012-03-28,19,404,40,444
2012-03-28,20,318,39,357
2012-03-28,21,231,28,259
2012-03-28,22,148,21,169
2012-03-28,23,81,12,93
2012-03-29,0,36,10,46
2012-03-29,1,18,15,33
2012-03-29,2,6,0,6
2012-03-29,3,4,1,5
2012-03-29,4,8,1,9
2012-03-29,5,29,2,31
2012-03-29,6,113,3,116
2012-03-29,7,349,14,363
2012-03-29,8,618,26,644
2012-03-29,9,291,22,313
2012-03-29,10,124,42,166
2012-03-29,11,164,54,218
2012-03-29,12,225,63,288
2012-03-29,13,219,51,270
2012-03-29,14,172,63,235
2012-03-29,15,193,109,302
2012-03-29,16,317,67,384
2012-03-29,17,614,83,697
2012-03-29,18,594,83,677
2012-03-29,19,415,47,462
2012-03-29,20,293,34,327
2012-03-29,21,212,10,222
2012-03-29,22,132,17,149
2012-03-29,23,75,17,92
2012-03-30,0,48,10,58
2012-03-30,1,20,6,26
2012-03-30,2,6,1,7
2012-03-30,3,7,0,7
2012-03-30,4,1,1,2
2012-03-30,5,26,0,26
2012-03-30,6,80,5,85
2012-03-30,7,279,9,288
2012-03-30,8,548,38,586
2012-03-30,9,292,29,321
2012-03-30,10,137,50,187
2012-03-30,11,152,48,200
2012-03-30,12,205,59,264
2012-03-30,13,198,42,240
2012-03-30,14,169,56,225
2012-03-30,15,207,73,280
2012-03-30,16,291,75,366
2012-03-30,17,509,93,602
2012-03-30,18,489,68,557
2012-03-30,19,348,42,390
2012-03-30,20,188,17,205
2012-03-30,21,189,30,219
2012-03-30,22,127,23,150
2012-03-30,23,104,16,120
2012-03-31,0,79,12,91
2012-03-31,1,64,17,81
2012-03-31,2,54,14,68
2012-03-31,3,21,10,31
2012-03-31,4,4,4,8
2012-03-31,5,5,0,5
2012-03-31,6,16,7,23
2012-03-31,7,37,5,42
2012-03-31,8,126,19,145
2012-03-31,9,159,62,221
2012-03-31,10,202,108,310
2012-03-31,11,278,184,462
2012-03-31,12,349,263,612
2012-03-31,13,367,264,631
2012-03-31,14,304,241,545
2012-03-31,15,325,274,599
2012-03-31,16,285,243,528
2012-03-31,17,300,238,538
2012-03-31,18,237,101,338
2012-03-31,19,190,93,283
2012-03-31,20,152,52,204
2012-03-31,21,106,36,142
2012-03-31,22,113,40,153
2012-03-31,23,100,12,112
2012-04-01,0,59,8,67
2012-04-01,1,49,13,62
2012-04-01,2,60,20,80
2012-04-01,3,21,4,25
2012-04-01,4,9,3,12
2012-04-01,5,10,8,18
2012-04-01,6,87,9,96
2012-04-01,7,54,29,83
2012-04-01,8,86,37,123
2012-04-01,9,170,102,272
2012-04-01,10,223,132,355
2012-04-01,11,267,180,447
2012-04-01,12,255,187,442
2012-04-01,13,272,190,462
2012-04-01,14,273,283,556
2012-04-01,15,274,295,569
2012-04-01,16,271,236,507
2012-04-01,17,318,232,550
2012-04-01,18,274,153,427
2012-04-01,19,227,110,337
2012-04-01,20,162,65,227
2012-04-01,21,98,34,132
2012-04-01,22,60,7,67
2012-04-01,23,53,10,63
2012-04-02,0,11,6,17
2012-04-02,1,5,0,5
2012-04-02,2,3,2,5
2012-04-02,4,2,2,4
2012-04-02,5,22,2,24
2012-04-02,6,103,6,109
2012-04-02,7,290,11,301
2012-04-02,8,541,37,578
2012-04-02,9,262,52,314
2012-04-02,10,117,85,202
2012-04-02,11,127,81,208
2012-04-02,12,179,100,279
2012-04-02,13,182,97,279
2012-04-02,14,140,127,267
2012-04-02,15,189,132,321
2012-04-02,16,291,104,395
2012-04-02,17,595,128,723
2012-04-02,18,539,75,614
2012-04-02,19,427,66,493
2012-04-02,20,273,48,321
2012-04-02,21,210,24,234
2012-04-02,22,105,18,123
2012-04-02,23,59,6,65
2012-04-03,0,32,1,33
2012-04-03,1,12,0,12
2012-04-03,2,5,0,5
2012-04-03,3,3,0,3
2012-04-03,4,1,0,1
2012-04-03,5,25,2,27
2012-04-03,6,98,2,100
2012-04-03,7,318,14,332
2012-04-03,8,570,27,597
2012-04-03,9,351,54,405
2012-04-03,10,140,77,217
2012-04-03,11,164,90,254
2012-04-03,12,227,100,327
2012-04-03,13,223,121,344
2012-04-03,14,188,120,308
2012-04-03,15,204,109,313
2012-04-03,16,337,145,482
2012-04-03,17,627,123,750
2012-04-03,18,657,139,796
2012-04-03,19,457,98,555
2012-04-03,20,319,55,374
2012-04-03,21,206,33,239
2012-04-03,22,129,25,154
2012-04-03,23,64,13,77
2012-04-04,0,23,18,41
2012-04-04,1,11,0,11
2012-04-04,2,5,0,5
2012-04-04,3,3,0,3
2012-04-04,4,1,0,1
2012-04-04,5,27,0,27
2012-04-04,6,120,6,126
2012-04-04,7,348,12,360
2012-04-04,8,647,32,679
2012-04-04,9,315,47,362
2012-04-04,10,99,68,167
2012-04-04,11,149,61,210
2012-04-04,12,210,73,283
2012-04-04,13,179,70,249
2012-04-04,14,171,82,253
2012-04-04,15,180,86,266
2012-04-04,16,302,86,388
2012-04-04,17,642,99,741
2012-04-04,18,640,113,753
2012-04-04,19,416,75,491
2012-04-04,20,330,39,369
2012-04-04,21,250,43,293
2012-04-04,22,147,30,177
2012-04-04,23,109,19,128
2012-04-05,0,33,12,45
2012-04-05,1,9,4,13
2012-04-05,2,11,7,18
2012-04-05,3,5,0,5
2012-04-05,4,1,0,1
2012-04-05,5,27,1,28
2012-04-05,6,117,8,125
2012-04-05,7,338,15,353
2012-04-05,8,603,28,631
2012-04-05,9,284,61,345
2012-04-05,10,156,88,244
2012-04-05,11,158,109,267
2012-04-05,12,204,66,270
2012-04-05,13,200,89,289
2012-04-05,14,140,142,282
2012-04-05,15,172,99,271
2012-04-05,16,315,84,399
2012-04-05,17,669,145,814
2012-04-05,18,613,80,693
2012-04-05,19,418,64,482
2012-04-05,20,271,33,304
2012-04-05,21,201,25,226
2012-04-05,22,129,20,149
2012-04-05,23,122,12,134
2012-04-06,0,49,12,61
2012-04-06,1,28,10,38
2012-04-06,2,5,6,11
2012-04-06,3,5,3,8
2012-04-06,4,3,2,5
2012-04-06,5,23,0,23
2012-04-06,6,79,0,79
2012-04-06,7,228,15,243
2012-04-06,8,487,19,506
2012-04-06,9,316,58,374
2012-04-06,10,157,81,238
2012-04-06,11,173,112,285
2012-04-06,12,219,113,332
2012-04-06,13,235,173,408
2012-04-06,14,248,240,488
2012-04-06,15,315,218,533
2012-04-06,16,349,184,533
2012-04-06,17,479,172,651
2012-04-06,18,376,105,481
2012-04-06,19,293,115,408
2012-04-06,20,187,61,248
2012-04-06,21,136,54,190
2012-04-06,22,123,34,157
2012-04-06,23,90,21,111
2012-04-07,0,84,9,93
2012-04-07,1,59,9,68
2012-04-07,2,25,11,36
2012-04-07,3,19,7,26
2012-04-07,4,4,3,7
2012-04-07,5,2,0,2
2012-04-07,6,18,1,19
2012-04-07,7,39,14,53
2012-04-07,8,93,29,122
2012-04-07,9,173,103,276
2012-04-07,10,174,188,362
2012-04-07,11,241,249,490
2012-04-07,12,267,321,588
2012-04-07,13,280,356,636
2012-04-07,14,250,326,576
2012-04-07,15,302,321,623
2012-04-07,16,253,353,606
2012-04-07,17,264,300,564
2012-04-07,18,282,227,509
2012-04-07,19,240,171,411
2012-04-07,20,134,73,207
2012-04-07,21,158,75,233
2012-04-07,22,106,76,182
2012-04-07,23,84,33,117
2012-04-08,0,63,21,84
2012-04-08,1,50,14,64
2012-04-08,2,24,7,31
2012-04-08,3,18,8,26
2012-04-08,4,7,0,7
2012-04-08,5,8,4,12
2012-04-08,6,21,7,28
2012-04-08,7,25,12,37
2012-04-08,8,64,19,83
2012-04-08,9,108,70,178
2012-04-08,10,179,114,293
2012-04-08,11,203,195,398
2012-04-08,12,256,198,454
2012-04-08,13,248,230,478
2012-04-08,14,246,254,500
2012-04-08,15,222,260,482
2012-04-08,16,242,232,474
2012-04-08,17,222,185,407
2012-04-08,18,157,151,308
2012-04-08,19,186,90,276
2012-04-08,20,145,65,210
2012-04-08,21,77,53,130
2012-04-08,22,83,33,116
2012-04-08,23,41,10,51
2012-04-09,0,27,8,35
2012-04-09,1,12,4,16
2012-04-09,2,4,2,6
2012-04-09,3,3,0,3
2012-04-09,4,3,2,5
2012-04-09,5,30,2,32
2012-04-09,6,108,3,111
2012-04-09,7,318,11,329
2012-04-09,8,589,22,611
2012-04-09,9,233,50,283
2012-04-09,10,113,65,178
2012-04-09,11,127,96,223
2012-04-09,12,184,94,278
2012-04-09,13,171,108,279
2012-04-09,14,152,66,218
2012-04-09,15,171,82,253
2012-04-09,16,307,81,388
2012-04-09,17,560,67,627
2012-04-09,18,579,60,639
2012-04-09,19,384,35,419
2012-04-09,20,253,21,274
2012-04-09,21,149,14,163
2012-04-09,22,102,6,108
2012-04-09,23,60,6,66
2012-04-10,0,23,3,26
2012-04-10,1,9,0,9
2012-04-10,2,2,0,2
2012-04-10,3,2,0,2
2012-04-10,4,2,0,2
2012-04-10,5,24,0,24
2012-04-10,6,99,3,102
2012-04-10,7,366,16,382
2012-04-10,8,663,22,685
2012-04-10,9,302,16,318
2012-04-10,10,130,49,179
2012-04-10,11,159,78,237
2012-04-10,12,182,74,256
2012-04-10,13,199,82,281
2012-04-10,14,149,75,224
2012-04-10,15,152,46,198
2012-04-10,16,291,66,357
2012-04-10,17,650,88,738
2012-04-10,18,624,78,702
2012-04-10,19,425,51,476
2012-04-10,20,243,34,277
2012-04-10,21,190,15,205
2012-04-10,22,116,9,125
2012-04-10,23,46,14,60
2012-04-11,0,22,8,30
2012-04-11,1,9,3,12
2012-04-11,2,2,0,2
2012-04-11,3,2,0,2
2012-04-11,5,26,1,27
2012-04-11,6,102,3,105
2012-04-11,7,303,18,321
2012-04-11,8,571,14,585
2012-04-11,9,280,20,300
2012-04-11,10,127,26,153
2012-04-11,11,140,38,178
2012-04-11,12,145,35,180
2012-04-11,13,143,16,159
2012-04-11,14,100,34,134
2012-04-11,15,149,50,199
2012-04-11,16,253,51,304
2012-04-11,17,521,52,573
2012-04-11,18,542,39,581
2012-04-11,19,353,28,381
2012-04-11,20,213,22,235
2012-04-11,21,152,11,163
2012-04-11,22,129,4,133
2012-04-11,23,52,9,61
2012-04-12,0,22,1,23
2012-04-12,1,6,2,8
2012-04-12,2,4,0,4
2012-04-12,3,3,2,5
2012-04-12,4,1,0,1
2012-04-12,5,21,0,21
2012-04-12,6,94,2,96
2012-04-12,7,292,12,304
2012-04-12,8,597,20,617
2012-04-12,9,270,16,286
2012-04-12,10,102,38,140
2012-04-12,11,172,50,222
2012-04-12,12,197,60,257
2012-04-12,13,146,55,201
2012-04-12,14,148,74,222
2012-04-12,15,168,42,210
2012-04-12,16,295,54,349
2012-04-12,17,583,60,643
2012-04-12,18,544,63,607
2012-04-12,19,383,50,433
2012-04-12,20,251,26,277
2012-04-12,21,170,13,183
2012-04-12,22,137,15,152
2012-04-12,23,83,8,91
2012-04-13,0,41,14,55
2012-04-13,1,27,2,29
2012-04-13,2,5,6,11
2012-04-13,3,7,3,10
2012-04-13,4,4,1,5
2012-04-13,5,18,2,20
2012-04-13,6,84,0,84
2012-04-13,7,282,13,295
2012-04-13,8,533,24,557
2012-04-13,9,286,36,322
2012-04-13,10,133,59,192
2012-04-13,11,157,75,232
2012-04-13,12,213,104,317
2012-04-13,13,241,112,353
2012-04-13,14,218,125,343
2012-04-13,15,232,115,347
2012-04-13,16,348,113,461
2012-04-13,17,616,117,733
2012-04-13,18,561,107,668
2012-04-13,19,348,75,423
2012-04-13,20,238,44,282
2012-04-13,21,149,36,185
2012-04-13,22,177,34,211
2012-04-13,23,162,35,197
2012-04-14,0,82,11,93
2012-04-14,1,60,10,70
2012-04-14,2,53,3,56
2012-04-14,3,26,6,32
2012-04-14,4,9,5,14
2012-04-14,5,5,2,7
2012-04-14,6,19,2,21
2012-04-14,7,56,8,64
2012-04-14,8,135,24,159
2012-04-14,9,203,59,262
2012-04-14,10,264,139,403
2012-04-14,11,346,205,551
2012-04-14,12,399,274,673
2012-04-14,13,363,308,671
2012-04-14,14,361,288,649
2012-04-14,15,343,311,654
2012-04-14,16,319,253,572
2012-04-14,17,304,251,555
2012-04-14,18,276,197,473
2012-04-14,19,292,163,455
2012-04-14,20,206,111,317
2012-04-14,21,159,53,212
2012-04-14,22,146,64,210
2012-04-14,23,149,45,194
2012-04-15,0,94,30,124
2012-04-15,1,88,17,105
2012-04-15,2,54,20,74
2012-04-15,3,27,18,45
2012-04-15,4,10,2,12
2012-04-15,5,6,4,10
2012-04-15,6,11,5,16
2012-04-15,7,30,16,46
2012-04-15,8,62,33,95
2012-04-15,9,153,97,250
2012-04-15,10,232,186,418
2012-04-15,11,297,227,524
2012-04-15,12,349,275,624
2012-04-15,13,373,298,671
2012-04-15,14,339,282,621
2012-04-15,15,345,266,611
2012-04-15,16,322,286,608
2012-04-15,17,353,262,615
2012-04-15,18,291,182,473
2012-04-15,19,259,114,373
2012-04-15,20,203,86,289
2012-04-15,21,151,76,227
2012-04-15,22,97,37,134
2012-04-15,23,65,25,90
2012-04-16,0,26,15,41
2012-04-16,1,21,7,28
2012-04-16,2,9,5,14
2012-04-16,3,4,3,7
2012-04-16,4,5,0,5
2012-04-16,5,34,4,38
2012-04-16,6,123,9,132
2012-04-16,7,361,20,381
2012-04-16,8,543,48,591
2012-04-16,9,235,59,294
2012-04-16,10,145,75,220
2012-04-16,11,135,115,250
2012-04-16,12,192,75,267
2012-04-16,13,184,79,263
2012-04-16,14,179,105,284
2012-04-16,15,193,81,274
2012-04-16,16,263,92,355
2012-04-16,17,597,111,708
2012-04-16,18,579,87,666
2012-04-16,19,454,61,515
2012-04-16,20,323,48,371
2012-04-16,21,228,39,267
2012-04-16,22,176,35,211
2012-04-16,23,97,24,121
2012-04-17,0,33,10,43
2012-04-17,1,5,6,11
2012-04-17,2,3,1,4
2012-04-17,3,6,0,6
2012-04-17,4,5,3,8
2012-04-17,5,28,1,29
2012-04-17,6,136,8,144
2012-04-17,7,441,18,459
2012-04-17,8,623,42,665
2012-04-17,9,324,71,395
2012-04-17,10,163,52,215
2012-04-17,11,171,65,236
2012-04-17,12,177,65,242
2012-04-17,13,187,52,239
2012-04-17,14,196,59,255
2012-04-17,15,216,92,308
2012-04-17,16,315,50,365
2012-04-17,17,668,108,776
2012-04-17,18,659,104,763
2012-04-17,19,459,73,532
2012-04-17,20,355,44,399
2012-04-17,21,253,36,289
2012-04-17,22,138,18,156
2012-04-17,23,70,10,80
2012-04-18,0,35,3,38
2012-04-18,1,13,1,14
2012-04-18,2,8,1,9
2012-04-18,3,6,0,6
2012-04-18,4,7,0,7
2012-04-18,5,34,0,34
2012-04-18,6,126,5,131
2012-04-18,7,405,11,416
2012-04-18,8,546,25,571
2012-04-18,9,242,20,262
2012-04-18,10,117,31,148
2012-04-18,11,103,14,117
2012-04-18,12,93,15,108
2012-04-18,13,50,13,63
2012-04-18,14,43,8,51
2012-04-18,15,87,10,97
2012-04-18,16,199,36,235
2012-04-18,17,440,46,486
2012-04-18,18,477,27,504
2012-04-18,19,339,26,365
2012-04-18,20,247,8,255
2012-04-18,21,163,24,187
2012-04-18,22,151,9,160
2012-04-18,23,56,14,70
2012-04-19,0,20,5,25
2012-04-19,1,11,2,13
2012-04-19,2,4,2,6
2012-04-19,3,3,1,4
2012-04-19,4,4,0,4
2012-04-19,5,30,0,30
2012-04-19,6,115,4,119
2012-04-19,7,386,15,401
2012-04-19,8,646,26,672
2012-04-19,9,267,31,298
2012-04-19,10,142,46,188
2012-04-19,11,176,46,222
2012-04-19,12,210,50,260
2012-04-19,13,182,52,234
2012-04-19,14,180,54,234
2012-04-19,15,192,66,258
2012-04-19,16,324,64,388
2012-04-19,17,656,85,741
2012-04-19,18,672,99,771
2012-04-19,19,504,70,574
2012-04-19,20,347,53,400
2012-04-19,21,232,27,259
2012-04-19,22,215,29,244
2012-04-19,23,123,20,143
2012-04-20,0,57,5,62
2012-04-20,1,22,3,25
2012-04-20,2,14,3,17
2012-04-20,3,6,1,7
2012-04-20,4,2,0,2
2012-04-20,5,24,1,25
2012-04-20,6,104,8,112
2012-04-20,7,343,9,352
2012-04-20,8,660,33,693
2012-04-20,9,322,30,352
2012-04-20,10,169,67,236
2012-04-20,11,187,64,251
2012-04-20,12,256,102,358
2012-04-20,13,273,105,378
2012-04-20,14,233,157,390
2012-04-20,15,258,145,403
2012-04-20,16,427,151,578
2012-04-20,17,692,122,814
2012-04-20,18,550,110,660
2012-04-20,19,405,82,487
2012-04-20,20,281,52,333
2012-04-20,21,251,35,286
2012-04-20,22,172,26,198
2012-04-20,23,153,31,184
2012-04-21,0,111,30,141
2012-04-21,1,62,24,86
2012-04-21,2,66,12,78
2012-04-21,3,24,4,28
2012-04-21,4,8,0,8
2012-04-21,5,1,0,1
2012-04-21,6,21,10,31
2012-04-21,7,54,21,75
2012-04-21,8,147,52,199
2012-04-21,9,212,115,327
2012-04-21,10,293,183,476
2012-04-21,11,344,260,604
2012-04-21,12,370,262,632
2012-04-21,13,352,291,643
2012-04-21,14,324,278,602
2012-04-21,15,355,267,622
2012-04-21,16,362,267,629
2012-04-21,17,298,259,557
2012-04-21,18,282,133,415
2012-04-21,19,42,9,51
2012-04-21,20,34,5,39
2012-04-21,21,79,20,99
2012-04-21,22,86,20,106
2012-04-21,23,73,18,91
2012-04-22,0,82,32,114
2012-04-22,1,63,10,73
2012-04-22,2,45,7,52
2012-04-22,3,32,7,39
2012-04-22,4,7,0,7
2012-04-22,5,5,0,5
2012-04-22,6,5,6,11
2012-04-22,7,19,2,21
2012-04-22,8,43,8,51
2012-04-22,9,68,8,76
2012-04-22,10,56,11,67
2012-04-22,11,68,7,75
2012-04-22,12,55,5,60
2012-04-22,13,46,5,51
2012-04-22,14,50,3,53
2012-04-22,15,38,0,38
2012-04-22,16,31,4,35
2012-04-22,17,25,2,27
2012-04-22,18,37,1,38
2012-04-22,19,34,1,35
2012-04-22,20,33,1,34
2012-04-22,21,11,0,11
2012-04-22,22,12,0,12
2012-04-22,23,15,0,15
2012-04-23,0,6,0,6
2012-04-23,1,1,1,2
2012-04-23,2,3,1,4
2012-04-23,3,1,0,1
2012-04-23,4,3,0,3
2012-04-23,5,14,0,14
2012-04-23,6,42,1,43
2012-04-23,7,202,1,203
2012-04-23,8,461,11,472
2012-04-23,9,246,17,263
2012-04-23,10,88,12,100
2012-04-23,11,88,10,98
2012-04-23,12,115,12,127
2012-04-23,13,98,9,107
2012-04-23,14,99,12,111
2012-04-23,15,100,11,111
2012-04-23,16,93,10,103
2012-04-23,17,217,13,230
2012-04-23,18,365,10,375
2012-04-23,19,282,11,293
2012-04-23,20,181,17,198
2012-04-23,21,144,7,151
2012-04-23,22,67,18,85
2012-04-23,23,48,10,58
2012-04-24,0,13,0,13
2012-04-24,1,6,1,7
2012-04-24,2,3,0,3
2012-04-24,3,2,0,2
2012-04-24,4,3,0,3
2012-04-24,5,22,0,22
2012-04-24,6,116,3,119
2012-04-24,7,384,3,387
2012-04-24,8,592,12,604
2012-04-24,9,295,6,301
2012-04-24,10,128,33,161
2012-04-24,11,157,27,184
2012-04-24,12,187,33,220
2012-04-24,13,187,35,222
2012-04-24,14,165,50,215
2012-04-24,15,171,60,231
2012-04-24,16,305,54,359
2012-04-24,17,610,72,682
2012-04-24,18,574,52,626
2012-04-24,19,439,33,472
2012-04-24,20,265,16,281
2012-04-24,21,209,13,222
2012-04-24,22,148,8,156
2012-04-24,23,68,4,72
2012-04-25,0,23,13,36
2012-04-25,1,17,8,25
2012-04-25,2,6,1,7
2012-04-25,3,3,0,3
2012-04-25,4,5,0,5
2012-04-25,5,24,0,24
2012-04-25,6,103,3,106
2012-04-25,7,376,13,389
2012-04-25,8,631,20,651
2012-04-25,9,282,33,315
2012-04-25,10,138,44,182
2012-04-25,11,177,42,219
2012-04-25,12,219,49,268
2012-04-25,13,190,35,225
2012-04-25,14,175,47,222
2012-04-25,15,181,47,228
2012-04-25,16,327,49,376
2012-04-25,17,650,68,718
2012-04-25,18,643,60,703
2012-04-25,19,492,42,534
2012-04-25,20,348,22,370
2012-04-25,21,211,27,238
2012-04-25,22,168,22,190
2012-04-25,23,93,10,103
2012-04-26,0,42,1,43
2012-04-26,1,21,1,22
2012-04-26,2,10,3,13
2012-04-26,3,5,1,6
2012-04-26,4,1,1,2
2012-04-26,5,17,0,17
2012-04-26,6,122,5,127
2012-04-26,7,221,3,224
2012-04-26,8,356,4,360
2012-04-26,9,187,12,199
2012-04-26,10,124,14,138
2012-04-26,11,134,16,150
2012-04-26,12,182,24,206
2012-04-26,13,177,19,196
2012-04-26,14,131,37,168
2012-04-26,15,164,39,203
2012-04-26,16,280,37,317
2012-04-26,17,563,49,612
2012-04-26,18,579,75,654
2012-04-26,19,403,57,460
2012-04-26,20,311,23,334
2012-04-26,21,218,28,246
2012-04-26,22,163,20,183
2012-04-26,23,103,6,109
2012-04-27,0,61,12,73
2012-04-27,1,31,3,34
2012-04-27,2,17,4,21
2012-04-27,3,2,1,3
2012-04-27,4,6,0,6
2012-04-27,5,19,0,19
2012-04-27,6,115,5,120
2012-04-27,7,304,10,314
2012-04-27,8,569,17,586
2012-04-27,9,290,42,332
2012-04-27,10,171,63,234
2012-04-27,11,184,47,231
2012-04-27,12,241,63,304
2012-04-27,13,211,93,304
2012-04-27,14,205,95,300
2012-04-27,15,222,101,323
2012-04-27,16,332,105,437
2012-04-27,17,609,89,698
2012-04-27,18,556,94,650
2012-04-27,19,371,62,433
2012-04-27,20,236,49,285
2012-04-27,21,183,23,206
2012-04-27,22,129,24,153
2012-04-27,23,104,11,115
2012-04-28,0,98,4,102
2012-04-28,1,60,7,67
2012-04-28,2,46,8,54
2012-04-28,3,21,3,24
2012-04-28,4,2,0,2
2012-04-28,5,3,2,5
2012-04-28,6,18,10,28
2012-04-28,7,45,10,55
2012-04-28,8,132,24,156
2012-04-28,9,166,45,211
2012-04-28,10,230,60,290
2012-04-28,11,257,96,353
2012-04-28,12,272,105,377
2012-04-28,13,264,120,384
2012-04-28,14,286,147,433
2012-04-28,15,255,148,403
2012-04-28,16,241,132,373
2012-04-28,17,223,98,321
2012-04-28,18,73,17,90
2012-04-28,19,111,29,140
2012-04-28,20,80,21,101
2012-04-28,21,71,12,83
2012-04-28,22,65,17,82
2012-04-28,23,37,5,42
2012-04-29,0,36,0,36
2012-04-29,1,37,5,42
2012-04-29,2,36,4,40
2012-04-29,3,15,2,17
2012-04-29,4,4,0,4
2012-04-29,5,6,0,6
2012-04-29,6,6,1,7
2012-04-29,7,19,7,26
2012-04-29,8,79,26,105
2012-04-29,9,131,52,183
2012-04-29,10,250,127,377
2012-04-29,11,277,128,405
2012-04-29,12,357,221,578
2012-04-29,13,366,228,594
2012-04-29,14,365,281,646
2012-04-29,15,320,279,599
2012-04-29,16,343,240,583
2012-04-29,17,321,189,510
2012-04-29,18,319,164,483
2012-04-29,19,243,128,371
2012-04-29,20,195,45,240
2012-04-29,21,138,65,203
2012-04-29,22,84,23,107
2012-04-29,23,66,15,81
2012-04-30,0,36,12,48
2012-04-30,1,15,9,24
2012-04-30,2,4,3,7
2012-04-30,3,4,0,4
2012-04-30,4,2,0,2
2012-04-30,5,19,1,20
2012-04-30,6,120,2,122
2012-04-30,7,340,6,346
2012-04-30,8,573,17,590
2012-04-30,9,236,29,265
2012-04-30,10,115,41,156
2012-04-30,11,113,52,165
2012-04-30,12,179,45,224
2012-04-30,13,195,48,243
2012-04-30,14,160,57,217
2012-04-30,15,173,55,228
2012-04-30,16,302,45,347
2012-04-30,17,611,66,677
2012-04-30,18,607,53,660
2012-04-30,19,416,51,467
2012-04-30,20,278,28,306
2012-04-30,21,194,25,219
2012-04-30,22,121,12,133
2012-04-30,23,48,10,58
2012-05-01,0,27,7,34
2012-05-01,1,21,0,21
2012-05-01,2,7,1,8
2012-05-01,3,2,1,3
2012-05-01,4,7,1,8
2012-05-01,5,15,0,15
2012-05-01,6,24,2,26
2012-05-01,7,162,8,170
2012-05-01,8,537,19,556
2012-05-01,9,330,18,348
2012-05-01,10,139,30,169
2012-05-01,11,175,50,225
2012-05-01,12,221,41,262
2012-05-01,13,206,41,247
2012-05-01,14,162,37,199
2012-05-01,15,186,48,234
2012-05-01,16,312,41,353
2012-05-01,17,612,65,677
2012-05-01,18,657,81,738
2012-05-01,19,423,58,481
2012-05-01,20,297,36,333
2012-05-01,21,250,31,281
2012-05-01,22,189,21,210
2012-05-01,23,79,16,95
2012-05-02,0,42,4,46
2012-05-02,1,7,8,15
2012-05-02,2,9,7,16
2012-05-02,3,6,0,6
2012-05-02,4,2,2,4
2012-05-02,5,29,2,31
2012-05-02,6,115,3,118
2012-05-02,7,343,14,357
2012-05-02,8,639,25,664
2012-05-02,9,282,27,309
2012-05-02,10,144,28,172
2012-05-02,11,143,39,182
2012-05-02,12,209,35,244
2012-05-02,13,176,49,225
2012-05-02,14,188,51,239
2012-05-02,15,199,52,251
2012-05-02,16,309,54,363
2012-05-02,17,653,70,723
2012-05-02,18,763,43,806
2012-05-02,19,456,43,499
2012-05-02,20,292,42,334
2012-05-02,21,213,21,234
2012-05-02,22,142,27,169
2012-05-02,23,74,21,95
2012-05-03,0,72,15,87
2012-05-03,1,14,9,23
2012-05-03,2,12,4,16
2012-05-03,3,4,2,6
2012-05-03,4,2,0,2
2012-05-03,5,20,1,21
2012-05-03,6,126,8,134
2012-05-03,7,373,8,381
2012-05-03,8,602,19,621
2012-05-03,9,277,26,303
2012-05-03,10,129,36,165
2012-05-03,11,168,34,202
2012-05-03,12,229,64,293
2012-05-03,13,214,48,262
2012-05-03,14,172,33,205
2012-05-03,15,220,63,283
2012-05-03,16,326,45,371
2012-05-03,17,616,86,702
2012-05-03,18,630,64,694
2012-05-03,19,461,55,516
2012-05-03,20,362,52,414
2012-05-03,21,253,42,295
2012-05-03,22,213,29,242
2012-05-03,23,99,21,120
2012-05-04,0,70,19,89
2012-05-04,1,33,15,48
2012-05-04,2,11,0,11
2012-05-04,3,13,0,13
2012-05-04,4,3,0,3
2012-05-04,5,24,0,24
2012-05-04,6,125,8,133
2012-05-04,7,340,8,348
2012-05-04,8,581,34,615
2012-05-04,9,257,32,289
2012-05-04,10,152,45,197
2012-05-04,11,181,77,258
2012-05-04,12,123,46,169
2012-05-04,13,205,71,276
2012-05-04,14,156,83,239
2012-05-04,15,237,103,340
2012-05-04,16,348,82,430
2012-05-04,17,543,96,639
2012-05-04,18,558,77,635
2012-05-04,19,377,64,441
2012-05-04,20,253,59,312
2012-05-04,21,180,49,229
2012-05-04,22,181,50,231
2012-05-04,23,194,51,245
2012-05-05,0,111,42,153
2012-05-05,1,77,28,105
2012-05-05,2,47,24,71
2012-05-05,3,21,11,32
2012-05-05,4,9,0,9
2012-05-05,5,13,8,21
2012-05-05,6,33,9,42
2012-05-05,7,79,8,87
2012-05-05,8,154,42,196
2012-05-05,9,222,62,284
2012-05-05,10,284,149,433
2012-05-05,11,348,221,569
2012-05-05,12,327,220,547
2012-05-05,13,302,217,519
2012-05-05,14,235,187,422
2012-05-05,15,293,241,534
2012-05-05,16,304,230,534
2012-05-05,17,293,204,497
2012-05-05,18,273,156,429
2012-05-05,19,252,151,403
2012-05-05,20,205,100,305
2012-05-05,21,181,86,267
2012-05-05,22,150,67,217
2012-05-05,23,111,35,146
2012-05-06,0,110,23,133
2012-05-06,1,83,37,120
2012-05-06,2,62,30,92
2012-05-06,3,18,9,27
2012-05-06,4,7,9,16
2012-05-06,5,10,1,11
2012-05-06,6,13,3,16
2012-05-06,7,31,5,36
2012-05-06,8,90,23,113
2012-05-06,9,127,63,190
2012-05-06,10,217,112,329
2012-05-06,11,265,144,409
2012-05-06,12,342,207,549
2012-05-06,13,364,197,561
2012-05-06,14,285,226,511
2012-05-06,15,336,229,565
2012-05-06,16,359,180,539
2012-05-06,17,310,195,505
2012-05-06,18,327,132,459
2012-05-06,19,261,118,379
2012-05-06,20,201,74,275
2012-05-06,21,145,55,200
2012-05-06,22,110,44,154
2012-05-06,23,79,22,101
2012-05-07,0,21,13,34
2012-05-07,1,8,1,9
2012-05-07,2,5,1,6
2012-05-07,3,3,2,5
2012-05-07,4,2,0,2
2012-05-07,5,19,2,21
2012-05-07,6,133,7,140
2012-05-07,7,366,18,384
2012-05-07,8,602,31,633
2012-05-07,9,284,61,345
2012-05-07,10,127,62,189
2012-05-07,11,149,64,213
2012-05-07,12,185,74,259
2012-05-07,13,193,75,268
2012-05-07,14,175,59,234
2012-05-07,15,184,76,260
2012-05-07,16,318,68,386
2012-05-07,17,653,102,755
2012-05-07,18,599,78,677
2012-05-07,19,459,83,542
2012-05-07,20,273,46,319
2012-05-07,21,208,37,245
2012-05-07,22,146,26,172
2012-05-07,23,90,21,111
2012-05-08,0,28,10,38
2012-05-08,1,3,6,9
2012-05-08,2,7,9,16
2012-05-08,3,4,2,6
2012-05-08,4,5,0,5
2012-05-08,5,20,0,20
2012-05-08,6,156,7,163
2012-05-08,7,438,21,459
2012-05-08,8,604,36,640
2012-05-08,9,256,37,293
2012-05-08,10,111,46,157
2012-05-08,11,157,60,217
2012-05-08,12,201,60,261
2012-05-08,13,166,53,219
2012-05-08,14,63,8,71
2012-05-08,15,94,40,134
2012-05-08,16,332,54,386
2012-05-08,17,634,77,711
2012-05-08,18,632,69,701
2012-05-08,19,395,58,453
2012-05-08,20,259,40,299
2012-05-08,21,200,21,221
2012-05-08,22,134,13,147
2012-05-08,23,53,10,63
2012-05-09,0,27,8,35
2012-05-09,1,11,3,14
2012-05-09,2,1,0,1
2012-05-09,3,2,0,2
2012-05-09,4,5,0,5
2012-05-09,5,26,1,27
2012-05-09,6,121,5,126
2012-05-09,7,401,17,418
2012-05-09,8,588,28,616
2012-05-09,9,283,40,323
2012-05-09,10,110,40,150
2012-05-09,11,155,45,200
2012-05-09,12,219,58,277
2012-05-09,13,211,50,261
2012-05-09,14,173,68,241
2012-05-09,15,190,68,258
2012-05-09,16,286,68,354
2012-05-09,17,624,76,700
2012-05-09,18,343,23,366
2012-05-09,19,96,2,98
2012-05-09,20,47,3,50
2012-05-09,21,30,4,34
2012-05-09,22,60,5,65
2012-05-09,23,45,8,53
2012-05-10,0,30,2,32
2012-05-10,1,9,2,11
2012-05-10,2,3,0,3
2012-05-10,3,3,0,3
2012-05-10,4,2,0,2
2012-05-10,5,23,1,24
2012-05-10,6,129,9,138
2012-05-10,7,387,8,395
2012-05-10,8,595,27,622
2012-05-10,9,298,62,360
2012-05-10,10,110,42,152
2012-05-10,11,177,77,254
2012-05-10,12,203,65,268
2012-05-10,13,225,90,315
2012-05-10,14,184,61,245
2012-05-10,15,191,79,270
2012-05-10,16,329,87,416
2012-05-10,17,642,84,726
2012-05-10,18,653,109,762
2012-05-10,19,461,84,545
2012-05-10,20,308,59,367
2012-05-10,21,205,19,224
2012-05-10,22,195,37,232
2012-05-10,23,111,23,134
2012-05-11,0,45,17,62
2012-05-11,1,32,14,46
2012-05-11,2,16,15,31
2012-05-11,3,8,5,13
2012-05-11,4,6,3,9
2012-05-11,5,23,3,26
2012-05-11,6,126,7,133
2012-05-11,7,343,6,349
2012-05-11,8,572,41,613
2012-05-11,9,281,34,315
2012-05-11,10,139,67,206
2012-05-11,11,198,88,286
2012-05-11,12,257,89,346
2012-05-11,13,263,100,363
2012-05-11,14,215,116,331
2012-05-11,15,292,140,432
2012-05-11,16,397,128,525
2012-05-11,17,670,102,772
2012-05-11,18,514,78,592
2012-05-11,19,417,73,490
2012-05-11,20,269,64,333
2012-05-11,21,219,45,264
2012-05-11,22,185,44,229
2012-05-11,23,139,38,177
2012-05-12,0,107,25,132
2012-05-12,1,76,14,90
2012-05-12,2,44,10,54
2012-05-12,3,18,14,32
2012-05-12,4,6,3,9
2012-05-12,5,6,5,11
2012-05-12,6,23,10,33
2012-05-12,7,56,10,66
2012-05-12,8,153,22,175
2012-05-12,9,244,87,331
2012-05-12,10,277,132,409
2012-05-12,11,362,158,520
2012-05-12,12,347,206,553
2012-05-12,13,359,293,652
2012-05-12,14,352,257,609
2012-05-12,15,314,269,583
2012-05-12,16,331,254,585
2012-05-12,17,333,233,566
2012-05-12,18,376,164,540
2012-05-12,19,269,166,435
2012-05-12,20,170,113,283
2012-05-12,21,153,74,227
2012-05-12,22,203,62,265
2012-05-12,23,132,42,174
2012-05-13,0,79,19,98
2012-05-13,1,71,22,93
2012-05-13,2,60,22,82
2012-05-13,3,25,2,27
2012-05-13,4,7,2,9
2012-05-13,5,7,4,11
2012-05-13,6,15,6,21
2012-05-13,7,42,18,60
2012-05-13,8,122,32,154
2012-05-13,9,141,79,220
2012-05-13,10,220,128,348
2012-05-13,11,273,150,423
2012-05-13,12,336,188,524
2012-05-13,13,342,254,596
2012-05-13,14,317,229,546
2012-05-13,15,304,190,494
2012-05-13,16,337,225,562
2012-05-13,17,284,191,475
2012-05-13,18,257,129,386
2012-05-13,19,229,107,336
2012-05-13,20,163,67,230
2012-05-13,21,118,48,166
2012-05-13,22,88,42,130
2012-05-13,23,56,17,73
2012-05-14,0,14,21,35
2012-05-14,1,6,5,11
2012-05-14,2,1,1,2
2012-05-14,3,2,0,2
2012-05-14,4,3,3,6
2012-05-14,5,24,1,25
2012-05-14,6,60,3,63
2012-05-14,7,73,3,76
2012-05-14,8,150,1,151
2012-05-14,9,106,5,111
2012-05-14,10,53,6,59
2012-05-14,11,67,12,79
2012-05-14,12,130,53,183
2012-05-14,13,143,33,176
2012-05-14,14,128,43,171
2012-05-14,15,155,40,195
2012-05-14,16,90,19,109
2012-05-14,17,201,25,226
2012-05-14,18,283,17,300
2012-05-14,19,292,10,302
2012-05-14,20,175,11,186
2012-05-14,21,143,7,150
2012-05-14,22,118,11,129
2012-05-14,23,61,11,72
2012-05-15,0,24,7,31
2012-05-15,1,13,5,18
2012-05-15,2,3,1,4
2012-05-15,3,5,1,6
2012-05-15,4,4,1,5
2012-05-15,5,8,0,8
2012-05-15,6,22,2,24
2012-05-15,7,92,1,93
2012-05-15,8,399,8,407
2012-05-15,9,323,28,351
2012-05-15,10,142,27,169
2012-05-15,11,184,38,222
2012-05-15,12,217,44,261
2012-05-15,13,203,35,238
2012-05-15,14,142,39,181
2012-05-15,15,202,51,253
2012-05-15,16,296,74,370
2012-05-15,17,600,75,675
2012-05-15,18,661,68,729
2012-05-15,19,449,56,505
2012-05-15,20,232,30,262
2012-05-15,21,96,11,107
2012-05-15,22,74,9,83
2012-05-15,23,58,13,71
2012-05-16,0,25,12,37
2012-05-16,1,14,7,21
2012-05-16,2,14,5,19
2012-05-16,3,5,1,6
2012-05-16,4,3,1,4
2012-05-16,5,34,4,38
2012-05-16,6,150,8,158
2012-05-16,7,419,14,433
2012-05-16,8,604,33,637
2012-05-16,9,304,33,337
2012-05-16,10,148,43,191
2012-05-16,11,203,55,258
2012-05-16,12,257,59,316
2012-05-16,13,268,77,345
2012-05-16,14,218,42,260
2012-05-16,15,217,52,269
2012-05-16,16,370,70,440
2012-05-16,17,752,103,855
2012-05-16,18,725,97,822
2012-05-16,19,489,91,580
2012-05-16,20,382,61,443
2012-05-16,21,317,63,380
2012-05-16,22,247,33,280
2012-05-16,23,100,26,126
2012-05-17,0,49,30,79
2012-05-17,1,13,12,25
2012-05-17,2,8,8,16
2012-05-17,3,3,0,3
2012-05-17,4,12,3,15
2012-05-17,5,34,1,35
2012-05-17,6,149,10,159
2012-05-17,7,448,25,473
2012-05-17,8,598,29,627
2012-05-17,9,286,57,343
2012-05-17,10,159,43,202
2012-05-17,11,198,77,275
2012-05-17,12,268,72,340
2012-05-17,13,231,86,317
2012-05-17,14,201,68,269
2012-05-17,15,229,83,312
2012-05-17,16,343,86,429
2012-05-17,17,709,133,842
2012-05-17,18,723,134,857
2012-05-17,19,442,86,528
2012-05-17,20,355,82,437
2012-05-17,21,247,45,292
2012-05-17,22,205,42,247
2012-05-17,23,136,29,165
2012-05-18,0,56,13,69
2012-05-18,1,33,16,49
2012-05-18,2,9,12,21
2012-05-18,3,8,6,14
2012-05-18,4,11,0,11
2012-05-18,5,33,1,34
2012-05-18,6,168,14,182
2012-05-18,7,466,40,506
2012-05-18,8,686,49,735
2012-05-18,9,298,57,355
2012-05-18,10,180,74,254
2012-05-18,11,224,109,333
2012-05-18,12,248,108,356
2012-05-18,13,291,98,389
2012-05-18,14,239,108,347
2012-05-18,15,259,131,390
2012-05-18,16,410,151,561
2012-05-18,17,677,124,801
2012-05-18,18,564,99,663
2012-05-18,19,389,91,480
2012-05-18,20,259,73,332
2012-05-18,21,205,49,254
2012-05-18,22,191,57,248
2012-05-18,23,131,41,172
2012-05-19,0,117,30,147
2012-05-19,1,81,20,101
2012-05-19,2,56,12,68
2012-05-19,3,22,10,32
2012-05-19,4,8,6,14
2012-05-19,5,10,1,11
2012-05-19,6,37,12,49
2012-05-19,7,66,28,94
2012-05-19,8,159,33,192
2012-05-19,9,211,79,290
2012-05-19,10,271,177,448
2012-05-19,11,346,235,581
2012-05-19,12,359,275,634
2012-05-19,13,361,332,693
2012-05-19,14,363,361,724
2012-05-19,15,311,355,666
2012-05-19,16,306,331,637
2012-05-19,17,340,280,620
2012-05-19,18,379,254,633
2012-05-19,19,227,203,430
2012-05-19,20,196,118,314
2012-05-19,21,173,81,254
2012-05-19,22,228,104,332
2012-05-19,23,164,71,235
2012-05-20,0,128,42,170
2012-05-20,1,98,28,126
2012-05-20,2,60,36,96
2012-05-20,3,40,26,66
2012-05-20,4,14,2,16
2012-05-20,5,7,1,8
2012-05-20,6,20,4,24
2012-05-20,7,54,35,89
2012-05-20,8,117,51,168
2012-05-20,9,181,129,310
2012-05-20,10,253,173,426
2012-05-20,11,315,258,573
2012-05-20,12,377,247,624
2012-05-20,13,359,243,602
2012-05-20,14,304,236,540
2012-05-20,15,253,246,499
2012-05-20,16,332,237,569
2012-05-20,17,335,209,544
2012-05-20,18,320,146,466
2012-05-20,19,259,142,401
2012-05-20,20,185,83,268
2012-05-20,21,176,51,227
2012-05-20,22,99,45,144
2012-05-20,23,54,32,86
2012-05-21,0,28,12,40
2012-05-21,1,11,4,15
2012-05-21,2,9,2,11
2012-05-21,3,2,0,2
2012-05-21,4,5,2,7
2012-05-21,5,14,1,15
2012-05-21,6,76,3,79
2012-05-21,7,147,7,154
2012-05-21,8,254,12,266
2012-05-21,9,169,14,183
2012-05-21,10,70,28,98
2012-05-21,11,83,24,107
2012-05-21,12,123,46,169
2012-05-21,13,134,49,183
2012-05-21,14,133,45,178
2012-05-21,15,156,67,223
2012-05-21,16,268,46,314
2012-05-21,17,462,40,502
2012-05-21,18,475,52,527
2012-05-21,19,381,57,438
2012-05-21,20,289,44,333
2012-05-21,21,204,31,235
2012-05-21,22,114,26,140
2012-05-21,23,80,18,98
2012-05-22,0,26,10,36
2012-05-22,1,15,11,26
2012-05-22,2,10,1,11
2012-05-22,3,5,0,5
2012-05-22,4,5,0,5
2012-05-22,5,17,0,17
2012-05-22,6,129,8,137
2012-05-22,7,312,9,321
2012-05-22,8,562,20,582
2012-05-22,9,281,46,327
2012-05-22,10,134,52,186
2012-05-22,11,149,39,188
2012-05-22,12,177,76,253
2012-05-22,13,192,48,240
2012-05-22,14,147,73,220
2012-05-22,15,188,54,242
2012-05-22,16,311,70,381
2012-05-22,17,713,69,782
2012-05-22,18,701,76,777
2012-05-22,19,314,44,358
2012-05-22,20,312,54,366
2012-05-22,21,226,28,254
2012-05-22,22,157,17,174
2012-05-22,23,90,14,104
2012-05-23,0,28,19,47
2012-05-23,1,9,23,32
2012-05-23,2,10,2,12
2012-05-23,3,5,0,5
2012-05-23,4,3,0,3
2012-05-23,5,28,6,34
2012-05-23,6,153,6,159
2012-05-23,7,448,16,464
2012-05-23,8,671,38,709
2012-05-23,9,256,39,295
2012-05-23,10,135,52,187
2012-05-23,11,149,46,195
2012-05-23,12,205,42,247
2012-05-23,13,199,68,267
2012-05-23,14,175,67,242
2012-05-23,15,191,65,256
2012-05-23,16,213,62,275
2012-05-23,17,237,45,282
2012-05-23,18,295,31,326
2012-05-23,19,332,40,372
2012-05-23,20,259,28,287
2012-05-23,21,216,24,240
2012-05-23,22,135,23,158
2012-05-23,23,82,23,105
2012-05-24,0,48,7,55
2012-05-24,1,21,9,30
2012-05-24,2,15,1,16
2012-05-24,3,3,1,4
2012-05-24,4,5,0,5
2012-05-24,5,29,1,30
2012-05-24,6,145,10,155
2012-05-24,7,390,22,412
2012-05-24,8,653,33,686
2012-05-24,9,263,34,297
2012-05-24,10,135,47,182
2012-05-24,11,159,60,219
2012-05-24,12,211,76,287
2012-05-24,13,232,69,301
2012-05-24,14,178,72,250
2012-05-24,15,217,69,286
2012-05-24,16,325,61,386
2012-05-24,17,677,120,797
2012-05-24,18,632,118,750
2012-05-24,19,412,76,488
2012-05-24,20,333,55,388
2012-05-24,21,229,48,277
2012-05-24,22,207,33,240
2012-05-24,23,128,36,164
2012-05-25,0,63,10,73
2012-05-25,1,34,8,42
2012-05-25,2,16,7,23
2012-05-25,3,6,8,14
2012-05-25,4,5,3,8
2012-05-25,5,28,2,30
2012-05-25,6,108,5,113
2012-05-25,7,348,7,355
2012-05-25,8,544,32,576
2012-05-25,9,285,52,337
2012-05-25,10,161,69,230
2012-05-25,11,187,90,277
2012-05-25,12,234,84,318
2012-05-25,13,243,86,329
2012-05-25,14,258,104,362
2012-05-25,15,358,106,464
2012-05-25,16,440,137,577
2012-05-25,17,525,124,649
2012-05-25,18,385,130,515
2012-05-25,19,289,111,400
2012-05-25,20,266,81,347
2012-05-25,21,189,62,251
2012-05-25,22,147,65,212
2012-05-25,23,132,34,166
2012-05-26,0,97,18,115
2012-05-26,1,64,18,82
2012-05-26,2,54,9,63
2012-05-26,3,21,9,30
2012-05-26,4,1,0,1
2012-05-26,5,10,0,10
2012-05-26,6,24,6,30
2012-05-26,7,44,10,54
2012-05-26,8,103,38,141
2012-05-26,9,190,97,287
2012-05-26,10,253,181,434
2012-05-26,11,307,208,515
2012-05-26,12,289,236,525
2012-05-26,13,269,265,534
2012-05-26,14,255,307,562
2012-05-26,15,232,274,506
2012-05-26,16,237,260,497
2012-05-26,17,223,235,458
2012-05-26,18,214,199,413
2012-05-26,19,210,159,369
2012-05-26,20,147,103,250
2012-05-26,21,146,100,246
2012-05-26,22,115,86,201
2012-05-26,23,112,36,148
2012-05-27,0,89,48,137
2012-05-27,1,60,17,77
2012-05-27,2,44,16,60
2012-05-27,3,24,11,35
2012-05-27,4,6,4,10
2012-05-27,5,5,2,7
2012-05-27,6,14,8,22
2012-05-27,7,29,22,51
2012-05-27,8,80,69,149
2012-05-27,9,140,130,270
2012-05-27,10,211,209,420
2012-05-27,11,247,268,515
2012-05-27,12,265,301,566
2012-05-27,13,224,270,494
2012-05-27,14,220,318,538
2012-05-27,15,243,290,533
2012-05-27,16,239,258,497
2012-05-27,17,244,275,519
2012-05-27,18,248,266,514
2012-05-27,19,208,230,438
2012-05-27,20,221,168,389
2012-05-27,21,77,64,141
2012-05-27,22,49,9,58
2012-05-27,23,64,31,95
2012-05-28,0,44,21,65
2012-05-28,1,45,14,59
2012-05-28,2,28,20,48
2012-05-28,3,12,6,18
2012-05-28,4,4,2,6
2012-05-28,5,5,4,9
2012-05-28,6,14,6,20
2012-05-28,7,42,24,66
2012-05-28,8,93,62,155
2012-05-28,9,139,121,260
2012-05-28,10,174,189,363
2012-05-28,11,217,254,471
2012-05-28,12,287,233,520
2012-05-28,13,281,272,553
2012-05-28,14,224,238,462
2012-05-28,15,274,181,455
2012-05-28,16,272,223,495
2012-05-28,17,244,159,403
2012-05-28,18,244,132,376
2012-05-28,19,243,148,391
2012-05-28,20,199,114,313
2012-05-28,21,180,66,246
2012-05-28,22,108,47,155
2012-05-28,23,60,22,82
2012-05-29,0,32,12,44
2012-05-29,1,12,1,13
2012-05-29,2,8,0,8
2012-05-29,3,2,1,3
2012-05-29,4,5,0,5
2012-05-29,5,32,0,32
2012-05-29,6,144,9,153
2012-05-29,7,426,19,445
2012-05-29,8,582,46,628
2012-05-29,9,229,26,255
2012-05-29,10,113,67,180
2012-05-29,11,145,50,195
2012-05-29,12,180,56,236
2012-05-29,13,170,63,233
2012-05-29,14,158,80,238
2012-05-29,15,184,71,255
2012-05-29,16,318,73,391
2012-05-29,17,667,106,773
2012-05-29,18,625,78,703
2012-05-29,19,452,69,521
2012-05-29,20,166,36,202
2012-05-29,21,67,3,70
2012-05-29,22,52,2,54
2012-05-29,23,39,10,49
2012-05-30,0,31,4,35
2012-05-30,1,4,0,4
2012-05-30,2,3,1,4
2012-05-30,3,5,0,5
2012-05-30,4,5,0,5
2012-05-30,5,39,1,40
2012-05-30,6,139,5,144
2012-05-30,7,466,14,480
2012-05-30,8,632,29,661
2012-05-30,9,272,23,295
2012-05-30,10,138,39,177
2012-05-30,11,151,53,204
2012-05-30,12,217,33,250
2012-05-30,13,229,53,282
2012-05-30,14,204,44,248
2012-05-30,15,220,54,274
2012-05-30,16,348,46,394
2012-05-30,17,743,83,826
2012-05-30,18,738,50,788
2012-05-30,19,503,50,553
2012-05-30,20,374,57,431
2012-05-30,21,256,41,297
2012-05-30,22,190,26,216
2012-05-30,23,117,39,156
2012-05-31,0,48,13,61
2012-05-31,1,21,4,25
2012-05-31,2,8,6,14
2012-05-31,3,7,0,7
2012-05-31,4,6,0,6
2012-05-31,5,32,1,33
2012-05-31,6,168,7,175
2012-05-31,7,487,18,505
2012-05-31,8,665,18,683
2012-05-31,9,261,47,308
2012-05-31,10,151,65,216
2012-05-31,11,153,65,218
2012-05-31,12,228,62,290
2012-05-31,13,213,77,290
2012-05-31,14,191,61,252
2012-05-31,15,208,81,289
2012-05-31,16,381,103,484
2012-05-31,17,738,85,823
2012-05-31,18,690,84,774
2012-05-31,19,478,103,581
2012-05-31,20,388,88,476
2012-05-31,21,313,41,354
2012-05-31,22,216,43,259
2012-05-31,23,113,26,139
2012-06-01,0,71,10,81
2012-06-01,1,34,0,34
2012-06-01,2,13,3,16
2012-06-01,3,4,0,4
2012-06-01,4,5,1,6
2012-06-01,5,40,4,44
2012-06-01,6,135,5,140
2012-06-01,7,362,33,395
2012-06-01,8,669,19,688
2012-06-01,9,273,23,296
2012-06-01,10,152,49,201
2012-06-01,11,191,42,233
2012-06-01,12,235,72,307
2012-06-01,13,235,76,311
2012-06-01,14,196,55,251
2012-06-01,15,211,45,256
2012-06-01,16,183,35,218
2012-06-01,17,201,24,225
2012-06-01,18,98,10,108
2012-06-01,19,41,4,45
2012-06-01,20,38,1,39
2012-06-01,21,72,12,84
2012-06-01,22,22,1,23
2012-06-01,23,67,6,73
2012-06-02,0,78,5,83
2012-06-02,1,59,15,74
2012-06-02,2,37,3,40
2012-06-02,3,18,7,25
2012-06-02,4,11,2,13
2012-06-02,5,11,1,12
2012-06-02,6,31,5,36
2012-06-02,7,77,9,86
2012-06-02,8,179,30,209
2012-06-02,9,239,89,328
2012-06-02,10,341,145,486
2012-06-02,11,351,179,530
2012-06-02,12,409,249,658
2012-06-02,13,393,279,672
2012-06-02,14,383,259,642
2012-06-02,15,401,297,698
2012-06-02,16,361,275,636
2012-06-02,17,331,247,578
2012-06-02,18,337,173,510
2012-06-02,19,362,185,547
2012-06-02,20,254,138,392
2012-06-02,21,211,96,307
2012-06-02,22,175,52,227
2012-06-02,23,183,53,236
2012-06-03,0,134,27,161
2012-06-03,1,98,21,119
2012-06-03,2,66,22,88
2012-06-03,3,34,16,50
2012-06-03,4,12,1,13
2012-06-03,5,11,1,12
2012-06-03,6,16,6,22
2012-06-03,7,29,6,35
2012-06-03,8,110,30,140
2012-06-03,9,226,70,296
2012-06-03,10,272,127,399
2012-06-03,11,306,199,505
2012-06-03,12,402,276,678
2012-06-03,13,408,264,672
2012-06-03,14,397,268,665
2012-06-03,15,400,236,636
2012-06-03,16,432,226,658
2012-06-03,17,382,192,574
2012-06-03,18,341,153,494
2012-06-03,19,331,116,447
2012-06-03,20,226,84,310
2012-06-03,21,177,66,243
2012-06-03,22,164,61,225
2012-06-03,23,81,26,107
2012-06-04,0,38,11,49
2012-06-04,1,10,4,14
2012-06-04,2,9,1,10
2012-06-04,3,4,0,4
2012-06-04,4,6,2,8
2012-06-04,5,32,2,34
2012-06-04,6,134,4,138
2012-06-04,7,503,13,516
2012-06-04,8,627,22,649
2012-06-04,9,235,38,273
2012-06-04,10,120,67,187
2012-06-04,11,167,71,238
2012-06-04,12,215,62,277
2012-06-04,13,187,85,272
2012-06-04,14,181,84,265
2012-06-04,15,214,76,290
2012-06-04,16,367,73,440
2012-06-04,17,717,101,818
2012-06-04,18,712,103,815
2012-06-04,19,547,91,638
2012-06-04,20,383,71,454
2012-06-04,21,221,40,261
2012-06-04,22,128,41,169
2012-06-04,23,78,8,86
2012-06-05,0,28,6,34
2012-06-05,1,17,2,19
2012-06-05,2,7,0,7
2012-06-05,3,5,0,5
2012-06-05,4,4,1,5
2012-06-05,5,35,1,36
2012-06-05,6,176,7,183
2012-06-05,7,537,29,566
2012-06-05,8,676,29,705
2012-06-05,9,284,50,334
2012-06-05,10,118,58,176
2012-06-05,11,159,65,224
2012-06-05,12,200,45,245
2012-06-05,13,200,66,266
2012-06-05,14,192,82,274
2012-06-05,15,215,54,269
2012-06-05,16,378,91,469
2012-06-05,17,757,86,843
2012-06-05,18,675,111,786
2012-06-05,19,440,68,508
2012-06-05,20,366,44,410
2012-06-05,21,246,30,276
2012-06-05,22,166,22,188
2012-06-05,23,93,20,113
2012-06-06,0,46,3,49
2012-06-06,1,21,6,27
2012-06-06,2,7,4,11
2012-06-06,3,8,0,8
2012-06-06,4,7,3,10
2012-06-06,5,37,1,38
2012-06-06,6,163,7,170
2012-06-06,7,528,16,544
2012-06-06,8,625,30,655
2012-06-06,9,264,35,299
2012-06-06,10,145,55,200
2012-06-06,11,157,65,222
2012-06-06,12,232,80,312
2012-06-06,13,228,73,301
2012-06-06,14,190,111,301
2012-06-06,15,224,75,299
2012-06-06,16,345,107,452
2012-06-06,17,648,72,720
2012-06-06,18,679,94,773
2012-06-06,19,480,52,532
2012-06-06,20,341,59,400
2012-06-06,21,255,38,293
2012-06-06,22,218,27,245
2012-06-06,23,108,13,121
2012-06-07,0,50,9,59
2012-06-07,1,17,5,22
2012-06-07,2,12,0,12
2012-06-07,3,5,0,5
2012-06-07,4,6,0,6
2012-06-07,5,34,0,34
2012-06-07,6,163,5,168
2012-06-07,7,496,20,516
2012-06-07,8,654,20,674
2012-06-07,9,298,37,335
2012-06-07,10,154,56,210
2012-06-07,11,170,67,237
2012-06-07,12,273,61,334
2012-06-07,13,247,66,313
2012-06-07,14,194,67,261
2012-06-07,15,228,99,327
2012-06-07,16,387,77,464
2012-06-07,17,770,91,861
2012-06-07,18,693,110,803
2012-06-07,19,530,65,595
2012-06-07,20,394,76,470
2012-06-07,21,272,30,302
2012-06-07,22,190,35,225
2012-06-07,23,135,42,177
2012-06-08,0,59,18,77
2012-06-08,1,25,4,29
2012-06-08,2,17,2,19
2012-06-08,3,7,0,7
2012-06-08,4,9,1,10
2012-06-08,5,27,1,28
2012-06-08,6,131,8,139
2012-06-08,7,405,19,424
2012-06-08,8,658,37,695
2012-06-08,9,329,47,376
2012-06-08,10,185,62,247
2012-06-08,11,198,65,263
2012-06-08,12,274,89,363
2012-06-08,13,284,129,413
2012-06-08,14,241,128,369
2012-06-08,15,298,98,396
2012-06-08,16,407,111,518
2012-06-08,17,674,114,788
2012-06-08,18,564,146,710
2012-06-08,19,453,95,548
2012-06-08,20,284,117,401
2012-06-08,21,253,83,336
2012-06-08,22,226,61,287
2012-06-08,23,160,52,212
2012-06-09,0,149,54,203
2012-06-09,1,86,34,120
2012-06-09,2,67,21,88
2012-06-09,3,27,12,39
2012-06-09,4,6,2,8
2012-06-09,5,14,4,18
2012-06-09,6,63,17,80
2012-06-09,7,60,26,86
2012-06-09,8,200,42,242
2012-06-09,9,239,99,338
2012-06-09,10,293,168,461
2012-06-09,11,348,218,566
2012-06-09,12,332,195,527
2012-06-09,13,343,236,579
2012-06-09,14,349,239,588
2012-06-09,15,334,218,552
2012-06-09,16,310,219,529
2012-06-09,17,249,238,487
2012-06-09,18,273,174,447
2012-06-09,19,229,128,357
2012-06-09,20,232,125,357
2012-06-09,21,208,105,313
2012-06-09,22,149,63,212
2012-06-09,23,155,69,224
2012-06-10,0,122,33,155
2012-06-10,1,84,32,116
2012-06-10,2,56,17,73
2012-06-10,3,23,6,29
2012-06-10,4,9,1,10
2012-06-10,5,10,3,13
2012-06-10,6,27,3,30
2012-06-10,7,41,21,62
2012-06-10,8,119,59,178
2012-06-10,9,172,91,263
2012-06-10,10,264,148,412
2012-06-10,11,307,184,491
2012-06-10,12,326,173,499
2012-06-10,13,284,204,488
2012-06-10,14,309,186,495
2012-06-10,15,312,158,470
2012-06-10,16,326,173,499
2012-06-10,17,334,184,518
2012-06-10,18,323,164,487
2012-06-10,19,256,115,371
2012-06-10,20,245,113,358
2012-06-10,21,170,83,253
2012-06-10,22,111,42,153
2012-06-10,23,79,30,109
2012-06-11,0,33,8,41
2012-06-11,1,13,9,22
2012-06-11,2,12,5,17
2012-06-11,3,4,2,6
2012-06-11,4,7,0,7
2012-06-11,5,36,1,37
2012-06-11,6,136,8,144
2012-06-11,7,469,25,494
2012-06-11,8,602,38,640
2012-06-11,9,255,57,312
2012-06-11,10,95,52,147
2012-06-11,11,143,59,202
2012-06-11,12,192,63,255
2012-06-11,13,181,63,244
2012-06-11,14,190,66,256
2012-06-11,15,184,71,255
2012-06-11,16,339,87,426
2012-06-11,17,710,83,793
2012-06-11,18,717,105,822
2012-06-11,19,501,88,589
2012-06-11,20,331,61,392
2012-06-11,21,217,32,249
2012-06-11,22,137,22,159
2012-06-11,23,73,8,81
2012-06-12,0,24,2,26
2012-06-12,1,11,5,16
2012-06-12,2,6,0,6
2012-06-12,3,9,3,12
2012-06-12,4,4,0,4
2012-06-12,5,27,1,28
2012-06-12,6,128,6,134
2012-06-12,7,285,16,301
2012-06-12,8,589,15,604
2012-06-12,9,252,31,283
2012-06-12,10,94,29,123
2012-06-12,11,56,8,64
2012-06-12,12,74,19,93
2012-06-12,13,47,11,58
2012-06-12,14,48,12,60
2012-06-12,15,94,22,116
2012-06-12,16,209,30,239
2012-06-12,17,621,56,677
2012-06-12,18,588,57,645
2012-06-12,19,438,47,485
2012-06-12,20,344,36,380
2012-06-12,21,228,41,269
2012-06-12,22,186,19,205
2012-06-12,23,77,11,88
2012-06-13,0,27,7,34
2012-06-13,1,21,7,28
2012-06-13,2,4,0,4
2012-06-13,3,7,1,8
2012-06-13,4,9,1,10
2012-06-13,5,36,2,38
2012-06-13,6,184,6,190
2012-06-13,7,477,25,502
2012-06-13,8,664,41,705
2012-06-13,9,297,54,351
2012-06-13,10,133,64,197
2012-06-13,11,182,64,246
2012-06-13,12,241,93,334
2012-06-13,13,196,52,248
2012-06-13,14,218,96,314
2012-06-13,15,212,65,277
2012-06-13,16,316,72,388
2012-06-13,17,778,75,853
2012-06-13,18,631,104,735
2012-06-13,19,546,123,669
2012-06-13,20,357,86,443
2012-06-13,21,312,79,391
2012-06-13,22,208,29,237
2012-06-13,23,126,25,151
2012-06-14,0,45,3,48
2012-06-14,1,16,4,20
2012-06-14,2,8,1,9
2012-06-14,3,4,1,5
2012-06-14,4,6,0,6
2012-06-14,5,40,0,40
2012-06-14,6,169,12,181
2012-06-14,7,476,26,502
2012-06-14,8,669,37,706
2012-06-14,9,307,45,352
2012-06-14,10,131,47,178
2012-06-14,11,168,60,228
2012-06-14,12,207,55,262
2012-06-14,13,212,71,283
2012-06-14,14,211,83,294
2012-06-14,15,211,111,322
2012-06-14,16,364,70,434
2012-06-14,17,744,117,861
2012-06-14,18,709,107,816
2012-06-14,19,477,96,573
2012-06-14,20,350,84,434
2012-06-14,21,267,67,334
2012-06-14,22,194,45,239
2012-06-14,23,136,36,172
2012-06-15,0,67,26,93
2012-06-15,1,42,9,51
2012-06-15,2,14,0,14
2012-06-15,3,3,2,5
2012-06-15,4,12,1,13
2012-06-15,5,31,2,33
2012-06-15,6,140,9,149
2012-06-15,7,407,17,424
2012-06-15,8,604,44,648
2012-06-15,9,301,58,359
2012-06-15,10,158,56,214
2012-06-15,11,177,106,283
2012-06-15,12,288,111,399
2012-06-15,13,266,121,387
2012-06-15,14,249,121,370
2012-06-15,15,269,107,376
2012-06-15,16,420,132,552
2012-06-15,17,689,125,814
2012-06-15,18,564,121,685
2012-06-15,19,363,98,461
2012-06-15,20,292,89,381
2012-06-15,21,248,83,331
2012-06-15,22,239,79,318
2012-06-15,23,175,46,221
2012-06-16,0,108,25,133
2012-06-16,1,75,16,91
2012-06-16,2,54,12,66
2012-06-16,3,19,8,27
2012-06-16,4,5,3,8
2012-06-16,5,20,2,22
2012-06-16,6,34,11,45
2012-06-16,7,68,10,78
2012-06-16,8,156,47,203
2012-06-16,9,275,88,363
2012-06-16,10,291,139,430
2012-06-16,11,352,213,565
2012-06-16,12,342,254,596
2012-06-16,13,322,293,615
2012-06-16,14,305,263,568
2012-06-16,15,283,295,578
2012-06-16,16,301,237,538
2012-06-16,17,346,245,591
2012-06-16,18,307,255,562
2012-06-16,19,276,185,461
2012-06-16,20,226,123,349
2012-06-16,21,186,98,284
2012-06-16,22,185,91,276
2012-06-16,23,132,49,181
2012-06-17,0,117,31,148
2012-06-17,1,66,21,87
2012-06-17,2,55,19,74
2012-06-17,3,22,6,28
2012-06-17,4,16,2,18
2012-06-17,5,13,4,17
2012-06-17,6,16,7,23
2012-06-17,7,29,18,47
2012-06-17,8,95,24,119
2012-06-17,9,183,91,274
2012-06-17,10,285,148,433
2012-06-17,11,340,195,535
2012-06-17,12,344,262,606
2012-06-17,13,340,267,607
2012-06-17,14,318,255,573
2012-06-17,15,258,203,461
2012-06-17,16,330,240,570
2012-06-17,17,359,232,591
2012-06-17,18,308,204,512
2012-06-17,19,239,146,385
2012-06-17,20,198,101,299
2012-06-17,21,166,76,242
2012-06-17,22,96,55,151
2012-06-17,23,77,29,106
2012-06-18,0,28,12,40
2012-06-18,1,5,9,14
2012-06-18,2,6,3,9
2012-06-18,3,3,1,4
2012-06-18,4,9,0,9
2012-06-18,5,21,1,22
2012-06-18,6,37,0,37
2012-06-18,7,135,10,145
2012-06-18,8,443,27,470
2012-06-18,9,217,28,245
2012-06-18,10,77,13,90
2012-06-18,11,96,25,121
2012-06-18,12,134,29,163
2012-06-18,13,172,50,222
2012-06-18,14,160,59,219
2012-06-18,15,175,61,236
2012-06-18,16,278,53,331
2012-06-18,17,664,54,718
2012-06-18,18,594,47,641
2012-06-18,19,407,51,458
2012-06-18,20,313,45,358
2012-06-18,21,228,34,262
2012-06-18,22,142,21,163
2012-06-18,23,57,17,74
2012-06-19,0,29,5,34
2012-06-19,1,13,1,14
2012-06-19,2,13,1,14
2012-06-19,3,7,1,8
2012-06-19,4,9,1,10
2012-06-19,5,33,3,36
2012-06-19,6,150,9,159
2012-06-19,7,459,18,477
2012-06-19,8,625,40,665
2012-06-19,9,285,40,325
2012-06-19,10,135,44,179
2012-06-19,11,172,56,228
2012-06-19,12,221,70,291
2012-06-19,13,202,69,271
2012-06-19,14,162,61,223
2012-06-19,15,186,72,258
2012-06-19,16,282,48,330
2012-06-19,17,718,86,804
2012-06-19,18,697,90,787
2012-06-19,19,430,82,512
2012-06-19,20,387,59,446
2012-06-19,21,238,37,275
2012-06-19,22,236,51,287
2012-06-19,23,101,22,123
2012-06-20,0,47,6,53
2012-06-20,1,20,7,27
2012-06-20,2,5,1,6
2012-06-20,3,6,2,8
2012-06-20,4,6,1,7
2012-06-20,5,37,2,39
2012-06-20,6,154,9,163
2012-06-20,7,440,19,459
2012-06-20,8,593,42,635
2012-06-20,9,267,40,307
2012-06-20,10,123,41,164
2012-06-20,11,132,54,186
2012-06-20,12,150,30,180
2012-06-20,13,161,48,209
2012-06-20,14,133,56,189
2012-06-20,15,141,36,177
2012-06-20,16,283,51,334
2012-06-20,17,606,80,686
2012-06-20,18,588,81,669
2012-06-20,19,442,89,531
2012-06-20,20,315,81,396
2012-06-20,21,296,42,338
2012-06-20,22,222,31,253
2012-06-20,23,101,21,122
2012-06-21,0,52,16,68
2012-06-21,1,16,2,18
2012-06-21,2,7,11,18
2012-06-21,3,8,3,11
2012-06-21,4,11,1,12
2012-06-21,5,36,3,39
2012-06-21,6,145,3,148
2012-06-21,7,435,26,461
2012-06-21,8,557,27,584
2012-06-21,9,222,32,254
2012-06-21,10,109,36,145
2012-06-21,11,118,40,158
2012-06-21,12,179,33,212
2012-06-21,13,138,31,169
2012-06-21,14,146,27,173
2012-06-21,15,151,40,191
2012-06-21,16,281,36,317
2012-06-21,17,528,80,608
2012-06-21,18,550,77,627
2012-06-21,19,407,83,490
2012-06-21,20,350,79,429
2012-06-21,21,255,55,310
2012-06-21,22,218,22,240
2012-06-21,23,131,12,143
2012-06-22,0,75,16,91
2012-06-22,1,28,3,31
2012-06-22,2,12,0,12
2012-06-22,3,6,1,7
2012-06-22,4,7,3,10
2012-06-22,5,35,3,38
2012-06-22,6,117,4,121
2012-06-22,7,336,19,355
2012-06-22,8,553,49,602
2012-06-22,9,275,55,330
2012-06-22,10,132,52,184
2012-06-22,11,158,75,233
2012-06-22,12,190,63,253
2012-06-22,13,225,71,296
2012-06-22,14,196,65,261
2012-06-22,15,208,72,280
2012-06-22,16,311,67,378
2012-06-22,17,547,95,642
2012-06-22,18,435,61,496
2012-06-22,19,312,45,357
2012-06-22,20,170,31,201
2012-06-22,21,173,40,213
2012-06-22,22,154,42,196
2012-06-22,23,143,29,172
2012-06-23,0,101,14,115
2012-06-23,1,103,16,119
2012-06-23,2,75,18,93
2012-06-23,3,32,8,40
2012-06-23,4,13,6,19
2012-06-23,5,11,1,12
2012-06-23,6,37,10,47
2012-06-23,7,59,19,78
2012-06-23,8,133,34,167
2012-06-23,9,242,84,326
2012-06-23,10,308,178,486
2012-06-23,11,344,166,510
2012-06-23,12,394,203,597
2012-06-23,13,329,226,555
2012-06-23,14,366,238,604
2012-06-23,15,260,217,477
2012-06-23,16,311,196,507
2012-06-23,17,316,214,530
2012-06-23,18,284,194,478
2012-06-23,19,236,184,420
2012-06-23,20,226,158,384
2012-06-23,21,217,99,316
2012-06-23,22,172,101,273
2012-06-23,23,151,69,220
2012-06-24,0,130,31,161
2012-06-24,1,86,39,125
2012-06-24,2,79,34,113
2012-06-24,3,41,19,60
2012-06-24,4,9,4,13
2012-06-24,5,7,1,8
2012-06-24,6,18,6,24
2012-06-24,7,48,23,71
2012-06-24,8,102,38,140
2012-06-24,9,167,63,230
2012-06-24,10,289,161,450
2012-06-24,11,285,215,500
2012-06-24,12,323,227,550
2012-06-24,13,342,238,580
2012-06-24,14,294,253,547
2012-06-24,15,282,197,479
2012-06-24,16,278,180,458
2012-06-24,17,321,204,525
2012-06-24,18,343,186,529
2012-06-24,19,243,176,419
2012-06-24,20,222,108,330
2012-06-24,21,173,76,249
2012-06-24,22,122,53,175
2012-06-24,23,67,20,87
2012-06-25,0,37,31,68
2012-06-25,1,20,11,31
2012-06-25,2,10,4,14
2012-06-25,3,4,1,5
2012-06-25,4,4,0,4
2012-06-25,5,42,1,43
2012-06-25,6,144,11,155
2012-06-25,7,450,30,480
2012-06-25,8,550,53,603
2012-06-25,9,226,37,263
2012-06-25,10,124,58,182
2012-06-25,11,125,54,179
2012-06-25,12,191,74,265
2012-06-25,13,176,79,255
2012-06-25,14,158,90,248
2012-06-25,15,167,65,232
2012-06-25,16,305,104,409
2012-06-25,17,747,76,823
2012-06-25,18,687,100,787
2012-06-25,19,507,73,580
2012-06-25,20,369,100,469
2012-06-25,21,278,50,328
2012-06-25,22,161,21,182
2012-06-25,23,86,15,101
2012-06-26,0,29,8,37
2012-06-26,1,19,11,30
2012-06-26,2,7,2,9
2012-06-26,3,7,2,9
2012-06-26,4,7,1,8
2012-06-26,5,36,3,39
2012-06-26,6,173,12,185
2012-06-26,7,525,21,546
2012-06-26,8,616,34,650
2012-06-26,9,291,30,321
2012-06-26,10,152,37,189
2012-06-26,11,187,46,233
2012-06-26,12,224,80,304
2012-06-26,13,229,74,303
2012-06-26,14,182,80,262
2012-06-26,15,221,89,310
2012-06-26,16,345,67,412
2012-06-26,17,787,104,891
2012-06-26,18,717,105,822
2012-06-26,19,525,83,608
2012-06-26,20,409,88,497
2012-06-26,21,265,61,326
2012-06-26,22,216,26,242
2012-06-26,23,116,13,129
2012-06-27,0,39,15,54
2012-06-27,1,18,5,23
2012-06-27,2,12,2,14
2012-06-27,3,7,1,8
2012-06-27,4,11,0,11
2012-06-27,5,34,2,36
2012-06-27,6,191,7,198
2012-06-27,7,494,29,523
2012-06-27,8,631,49,680
2012-06-27,9,250,29,279
2012-06-27,10,137,34,171
2012-06-27,11,144,64,208
2012-06-27,12,239,77,316
2012-06-27,13,240,77,317
2012-06-27,14,189,78,267
2012-06-27,15,186,61,247
2012-06-27,16,332,55,387
2012-06-27,17,726,113,839
2012-06-27,18,710,85,795
2012-06-27,19,530,101,631
2012-06-27,20,364,76,440
2012-06-27,21,311,54,365
2012-06-27,22,237,52,289
2012-06-27,23,144,11,155
2012-06-28,0,49,2,51
2012-06-28,1,14,11,25
2012-06-28,2,12,1,13
2012-06-28,3,6,1,7
2012-06-28,4,10,0,10
2012-06-28,5,39,8,47
2012-06-28,6,182,8,190
2012-06-28,7,478,24,502
2012-06-28,8,566,40,606
2012-06-28,9,310,33,343
2012-06-28,10,141,40,181
2012-06-28,11,169,41,210
2012-06-28,12,223,49,272
2012-06-28,13,199,31,230
2012-06-28,14,186,66,252
2012-06-28,15,193,24,217
2012-06-28,16,330,56,386
2012-06-28,17,630,71,701
2012-06-28,18,591,100,691
2012-06-28,19,485,79,564
2012-06-28,20,394,71,465
2012-06-28,21,306,89,395
2012-06-28,22,222,50,272
2012-06-28,23,142,26,168
2012-06-29,0,86,24,110
2012-06-29,1,32,9,41
2012-06-29,2,15,3,18
2012-06-29,3,5,3,8
2012-06-29,4,7,1,8
2012-06-29,5,39,6,45
2012-06-29,6,143,15,158
2012-06-29,7,355,19,374
2012-06-29,8,566,48,614
2012-06-29,9,260,39,299
2012-06-29,10,139,32,171
2012-06-29,11,136,51,187
2012-06-29,12,172,53,225
2012-06-29,13,191,44,235
2012-06-29,14,181,50,231
2012-06-29,15,180,47,227
2012-06-29,16,288,59,347
2012-06-29,17,453,82,535
2012-06-29,18,412,50,462
2012-06-29,19,297,60,357
2012-06-29,20,250,53,303
2012-06-29,21,191,41,232
2012-06-29,22,127,34,161
2012-06-29,23,41,6,47
2012-06-30,0,64,4,68
2012-06-30,1,55,3,58
2012-06-30,2,54,7,61
2012-06-30,3,19,3,22
2012-06-30,4,13,3,16
2012-06-30,5,7,3,10
2012-06-30,6,36,6,42
2012-06-30,7,79,10,89
2012-06-30,8,166,26,192
2012-06-30,9,229,41,270
2012-06-30,10,306,96,402
2012-06-30,11,348,102,450
2012-06-30,12,323,143,466
2012-06-30,13,320,105,425
2012-06-30,14,290,114,404
2012-06-30,15,284,117,401
2012-06-30,16,262,109,371
2012-06-30,17,229,131,360
2012-06-30,18,243,90,333
2012-06-30,19,234,134,368
2012-06-30,20,203,88,291
2012-06-30,21,160,48,208
2012-06-30,22,130,38,168
2012-06-30,23,116,33,149
2012-07-01,0,121,27,148
2012-07-01,1,80,12,92
2012-07-01,2,69,21,90
2012-07-01,3,27,6,33
2012-07-01,4,4,0,4
2012-07-01,5,7,3,10
2012-07-01,6,18,8,26
2012-07-01,7,37,13,50
2012-07-01,8,105,36,141
2012-07-01,9,164,51,215
2012-07-01,10,264,98,362
2012-07-01,11,255,121,376
2012-07-01,12,315,114,429
2012-07-01,13,304,111,415
2012-07-01,14,339,98,437
2012-07-01,15,237,101,338
2012-07-01,16,223,85,308
2012-07-01,17,317,90,407
2012-07-01,18,267,96,363
2012-07-01,19,269,103,372
2012-07-01,20,238,88,326
2012-07-01,21,178,77,255
2012-07-01,22,107,41,148
2012-07-01,23,87,22,109
2012-07-02,0,31,12,43
2012-07-02,1,13,3,16
2012-07-02,2,14,1,15
2012-07-02,3,5,0,5
2012-07-02,4,10,2,12
2012-07-02,5,37,3,40
2012-07-02,6,132,4,136
2012-07-02,7,385,8,393
2012-07-02,8,539,20,559
2012-07-02,9,235,56,291
2012-07-02,10,102,70,172
2012-07-02,11,130,67,197
2012-07-02,12,182,73,255
2012-07-02,13,161,74,235
2012-07-02,14,150,79,229
2012-07-02,15,170,59,229
2012-07-02,16,299,61,360
2012-07-02,17,658,82,740
2012-07-02,18,651,72,723
2012-07-02,19,503,71,574
2012-07-02,20,353,38,391
2012-07-02,21,240,17,257
2012-07-02,22,166,19,185
2012-07-02,23,89,12,101
2012-07-03,0,44,9,53
2012-07-03,1,8,5,13
2012-07-03,2,8,2,10
2012-07-03,3,2,0,2
2012-07-03,4,6,0,6
2012-07-03,5,33,2,35
2012-07-03,6,148,5,153
2012-07-03,7,459,21,480
2012-07-03,8,597,42,639
2012-07-03,9,221,46,267
2012-07-03,10,150,56,206
2012-07-03,11,146,66,212
2012-07-03,12,196,74,270
2012-07-03,13,201,79,280
2012-07-03,14,236,69,305
2012-07-03,15,322,71,393
2012-07-03,16,433,90,523
2012-07-03,17,611,102,713
2012-07-03,18,536,85,621
2012-07-03,19,426,66,492
2012-07-03,20,293,80,373
2012-07-03,21,157,36,193
2012-07-03,22,150,26,176
2012-07-03,23,148,19,167
2012-07-04,0,138,19,157
2012-07-04,1,94,27,121
2012-07-04,2,65,27,92
2012-07-04,3,23,9,32
2012-07-04,4,11,5,16
2012-07-04,5,14,5,19
2012-07-04,6,23,9,32
2012-07-04,7,60,10,70
2012-07-04,8,109,43,152
2012-07-04,9,198,90,288
2012-07-04,10,302,143,445
2012-07-04,11,318,164,482
2012-07-04,12,321,164,485
2012-07-04,13,318,176,494
2012-07-04,14,350,191,541
2012-07-04,15,290,155,445
2012-07-04,16,222,163,385
2012-07-04,17,247,161,408
2012-07-04,18,268,159,427
2012-07-04,19,251,176,427
2012-07-04,20,305,237,542
2012-07-04,21,355,222,577
2012-07-04,22,323,175,498
2012-07-04,23,148,31,179
2012-07-05,0,70,17,87
2012-07-05,1,24,6,30
2012-07-05,2,14,4,18
2012-07-05,3,5,2,7
2012-07-05,4,6,0,6
2012-07-05,5,28,1,29
2012-07-05,6,130,3,133
2012-07-05,7,315,26,341
2012-07-05,8,510,37,547
2012-07-05,9,244,47,291
2012-07-05,10,117,69,186
2012-07-05,11,136,106,242
2012-07-05,12,187,89,276
2012-07-05,13,179,129,308
2012-07-05,14,154,87,241
2012-07-05,15,181,71,252
2012-07-05,16,322,109,431
2012-07-05,17,569,114,683
2012-07-05,18,509,96,605
2012-07-05,19,370,127,497
2012-07-05,20,240,78,318
2012-07-05,21,228,91,319
2012-07-05,22,159,63,222
2012-07-05,23,98,32,130
2012-07-06,0,61,39,100
2012-07-06,1,22,7,29
2012-07-06,2,13,4,17
2012-07-06,3,6,1,7
2012-07-06,4,4,2,6
2012-07-06,5,31,4,35
2012-07-06,6,126,4,130
2012-07-06,7,329,20,349
2012-07-06,8,553,28,581
2012-07-06,9,245,55,300
2012-07-06,10,128,80,208
2012-07-06,11,139,92,231
2012-07-06,12,219,111,330
2012-07-06,13,189,99,288
2012-07-06,14,180,91,271
2012-07-06,15,203,79,282
2012-07-06,16,294,69,363
2012-07-06,17,483,90,573
2012-07-06,18,444,106,550
2012-07-06,19,304,112,416
2012-07-06,20,239,91,330
2012-07-06,21,220,77,297
2012-07-06,22,207,78,285
2012-07-06,23,135,27,162
2012-07-07,0,114,35,149
2012-07-07,1,54,16,70
2012-07-07,2,47,11,58
2012-07-07,3,19,11,30
2012-07-07,4,12,3,15
2012-07-07,5,12,2,14
2012-07-07,6,27,4,31
2012-07-07,7,62,8,70
2012-07-07,8,120,32,152
2012-07-07,9,182,69,251
2012-07-07,10,221,100,321
2012-07-07,11,241,122,363
2012-07-07,12,216,124,340
2012-07-07,13,241,116,357
2012-07-07,14,201,105,306
2012-07-07,15,191,113,304
2012-07-07,16,192,102,294
2012-07-07,17,173,103,276
2012-07-07,18,192,83,275
2012-07-07,19,215,68,283
2012-07-07,20,193,79,272
2012-07-07,21,144,51,195
2012-07-07,22,159,56,215
2012-07-07,23,114,34,148
2012-07-08,0,124,22,146
2012-07-08,1,99,25,124
2012-07-08,2,57,11,68
2012-07-08,3,32,1,33
2012-07-08,4,10,2,12
2012-07-08,5,5,1,6
2012-07-08,6,16,5,21
2012-07-08,7,33,19,52
2012-07-08,8,95,35,130
2012-07-08,9,170,70,240
2012-07-08,10,230,85,315
2012-07-08,11,265,120,385
2012-07-08,12,267,105,372
2012-07-08,13,215,117,332
2012-07-08,14,232,77,309
2012-07-08,15,214,80,294
2012-07-08,16,220,65,285
2012-07-08,17,198,68,266
2012-07-08,18,197,54,251
2012-07-08,19,181,66,247
2012-07-08,20,204,79,283
2012-07-08,21,144,58,202
2012-07-08,22,108,12,120
2012-07-08,23,96,25,121
2012-07-09,0,33,6,39
2012-07-09,1,12,5,17
2012-07-09,2,4,1,5
2012-07-09,3,5,0,5
2012-07-09,4,1,1,2
2012-07-09,5,27,1,28
2012-07-09,6,86,6,92
2012-07-09,7,220,7,227
2012-07-09,8,425,26,451
2012-07-09,9,322,38,360
2012-07-09,10,115,58,173
2012-07-09,11,140,72,212
2012-07-09,12,201,63,264
2012-07-09,13,185,67,252
2012-07-09,14,183,58,241
2012-07-09,15,213,66,279
2012-07-09,16,323,86,409
2012-07-09,17,732,108,840
2012-07-09,18,783,82,865
2012-07-09,19,539,88,627
2012-07-09,20,375,69,444
2012-07-09,21,294,33,327
2012-07-09,22,186,35,221
2012-07-09,23,108,22,130
2012-07-10,0,51,16,67
2012-07-10,1,15,0,15
2012-07-10,2,15,1,16
2012-07-10,3,3,0,3
2012-07-10,4,4,0,4
2012-07-10,5,38,3,41
2012-07-10,6,182,4,186
2012-07-10,7,485,31,516
2012-07-10,8,610,34,644
2012-07-10,9,279,47,326
2012-07-10,10,133,56,189
2012-07-10,11,154,92,246
2012-07-10,12,202,69,271
2012-07-10,13,201,77,278
2012-07-10,14,168,71,239
2012-07-10,15,186,77,263
2012-07-10,16,345,89,434
2012-07-10,17,762,103,865
2012-07-10,18,746,70,816
2012-07-10,19,355,55,410
2012-07-10,20,72,9,81
2012-07-10,21,83,7,90
2012-07-10,22,123,14,137
2012-07-10,23,74,29,103
2012-07-11,0,38,6,44
2012-07-11,1,11,3,14
2012-07-11,2,5,0,5
2012-07-11,3,5,0,5
2012-07-11,4,6,1,7
2012-07-11,5,36,5,41
2012-07-11,6,168,17,185
2012-07-11,7,466,26,492
2012-07-11,8,641,30,671
2012-07-11,9,293,30,323
2012-07-11,10,145,47,192
2012-07-11,11,170,56,226
2012-07-11,12,222,69,291
2012-07-11,13,206,65,271
2012-07-11,14,174,66,240
2012-07-11,15,218,56,274
2012-07-11,16,356,53,409
2012-07-11,17,730,90,820
2012-07-11,18,727,79,806
2012-07-11,19,551,73,624
2012-07-11,20,401,73,474
2012-07-11,21,318,69,387
2012-07-11,22,201,41,242
2012-07-11,23,129,20,149
2012-07-12,0,52,1,53
2012-07-12,1,18,0,18
2012-07-12,2,9,0,9
2012-07-12,3,10,0,10
2012-07-12,4,5,0,5
2012-07-12,5,40,4,44
2012-07-12,6,170,7,177
2012-07-12,7,478,32,510
2012-07-12,8,648,49,697
2012-07-12,9,279,42,321
2012-07-12,10,144,69,213
2012-07-12,11,163,49,212
2012-07-12,12,221,71,292
2012-07-12,13,222,52,274
2012-07-12,14,165,42,207
2012-07-12,15,206,63,269
2012-07-12,16,365,69,434
2012-07-12,17,697,91,788
2012-07-12,18,735,86,821
2012-07-12,19,528,97,625
2012-07-12,20,433,75,508
2012-07-12,21,320,44,364
2012-07-12,22,259,56,315
2012-07-12,23,176,33,209
2012-07-13,0,76,19,95
2012-07-13,1,41,17,58
2012-07-13,2,14,2,16
2012-07-13,3,7,2,9
2012-07-13,4,11,0,11
2012-07-13,5,30,4,34
2012-07-13,6,120,7,127
2012-07-13,7,352,27,379
2012-07-13,8,651,53,704
2012-07-13,9,337,70,407
2012-07-13,10,185,78,263
2012-07-13,11,214,68,282
2012-07-13,12,252,125,377
2012-07-13,13,270,100,370
2012-07-13,14,243,120,363
2012-07-13,15,259,92,351
2012-07-13,16,379,111,490
2012-07-13,17,691,138,829
2012-07-13,18,518,108,626
2012-07-13,19,380,104,484
2012-07-13,20,289,95,384
2012-07-13,21,217,76,293
2012-07-13,22,203,59,262
2012-07-13,23,173,37,210
2012-07-14,0,155,35,190
2012-07-14,1,104,13,117
2012-07-14,2,89,10,99
2012-07-14,3,31,9,40
2012-07-14,4,5,3,8
2012-07-14,5,5,0,5
2012-07-14,6,28,6,34
2012-07-14,7,41,7,48
2012-07-14,8,115,33,148
2012-07-14,9,197,82,279
2012-07-14,10,274,123,397
2012-07-14,11,290,143,433
2012-07-14,12,313,181,494
2012-07-14,13,363,219,582
2012-07-14,14,352,269,621
2012-07-14,15,315,243,558
2012-07-14,16,335,226,561
2012-07-14,17,252,199,451
2012-07-14,18,239,108,347
2012-07-14,19,271,156,427
2012-07-14,20,251,101,352
2012-07-14,21,198,69,267
2012-07-14,22,159,65,224
2012-07-14,23,154,55,209
2012-07-15,0,144,40,184
2012-07-15,1,116,49,165
2012-07-15,2,81,29,110
2012-07-15,3,40,15,55
2012-07-15,4,11,8,19
2012-07-15,5,7,2,9
2012-07-15,6,9,6,15
2012-07-15,7,30,17,47
2012-07-15,8,95,37,132
2012-07-15,9,160,58,218
2012-07-15,10,236,141,377
2012-07-15,11,274,170,444
2012-07-15,12,333,153,486
2012-07-15,13,302,171,473
2012-07-15,14,305,162,467
2012-07-15,15,301,182,483
2012-07-15,16,338,152,490
2012-07-15,17,306,123,429
2012-07-15,18,228,84,312
2012-07-15,19,200,109,309
2012-07-15,20,197,95,292
2012-07-15,21,160,59,219
2012-07-15,22,95,34,129
2012-07-15,23,63,25,88
2012-07-16,0,31,11,42
2012-07-16,1,9,1,10
2012-07-16,2,11,4,15
2012-07-16,3,4,2,6
2012-07-16,4,11,1,12
2012-07-16,5,40,10,50
2012-07-16,6,130,8,138
2012-07-16,7,451,24,475
2012-07-16,8,615,48,663
2012-07-16,9,296,51,347
2012-07-16,10,115,69,184
2012-07-16,11,124,57,181
2012-07-16,12,156,79,235
2012-07-16,13,175,63,238
2012-07-16,14,158,53,211
2012-07-16,15,173,62,235
2012-07-16,16,306,77,383
2012-07-16,17,667,86,753
2012-07-16,18,688,97,785
2012-07-16,19,500,92,592
2012-07-16,20,378,66,444
2012-07-16,21,278,45,323
2012-07-16,22,226,56,282
2012-07-16,23,136,27,163
2012-07-17,0,42,10,52
2012-07-17,1,21,4,25
2012-07-17,2,6,1,7
2012-07-17,3,3,0,3
2012-07-17,4,7,0,7
2012-07-17,5,31,7,38
2012-07-17,6,192,16,208
2012-07-17,7,497,26,523
2012-07-17,8,610,43,653
2012-07-17,9,286,32,318
2012-07-17,10,121,37,158
2012-07-17,11,144,60,204
2012-07-17,12,172,80,252
2012-07-17,13,166,53,219
2012-07-17,14,160,54,214
2012-07-17,15,187,57,244
2012-07-17,16,310,64,374
2012-07-17,17,665,95,760
2012-07-17,18,704,60,764
2012-07-17,19,476,69,545
2012-07-17,20,370,52,422
2012-07-17,21,281,50,331
2012-07-17,22,211,29,240
2012-07-17,23,134,22,156
2012-07-18,0,45,8,53
2012-07-18,1,14,2,16
2012-07-18,2,5,3,8
2012-07-18,3,2,2,4
2012-07-18,4,6,0,6
2012-07-18,5,41,5,46
2012-07-18,6,151,10,161
2012-07-18,7,469,23,492
2012-07-18,8,621,55,676
2012-07-18,9,249,44,293
2012-07-18,10,99,39,138
2012-07-18,11,132,47,179
2012-07-18,12,165,36,201
2012-07-18,13,153,49,202
2012-07-18,14,116,54,170
2012-07-18,15,148,42,190
2012-07-18,16,185,34,219
2012-07-18,17,332,35,367
2012-07-18,18,577,63,640
2012-07-18,19,433,78,511
2012-07-18,20,305,56,361
2012-07-18,21,265,53,318
2012-07-18,22,243,42,285
2012-07-18,23,112,19,131
2012-07-19,0,50,16,66
2012-07-19,1,17,6,23
2012-07-19,2,7,0,7
2012-07-19,3,4,1,5
2012-07-19,4,8,0,8
2012-07-19,5,35,5,40
2012-07-19,6,143,8,151
2012-07-19,7,447,23,470
2012-07-19,8,623,32,655
2012-07-19,9,276,36,312
2012-07-19,10,157,41,198
2012-07-19,11,161,54,215
2012-07-19,12,212,59,271
2012-07-19,13,176,73,249
2012-07-19,14,150,46,196
2012-07-19,15,225,66,291
2012-07-19,16,286,70,356
2012-07-19,17,676,93,769
2012-07-19,18,677,93,770
2012-07-19,19,479,53,532
2012-07-19,20,434,65,499
2012-07-19,21,293,38,331
2012-07-19,22,62,6,68
2012-07-19,23,61,3,64
2012-07-20,0,32,2,34
2012-07-20,1,9,2,11
2012-07-20,2,14,5,19
2012-07-20,3,28,7,35
2012-07-20,4,6,3,9
2012-07-20,5,40,2,42
2012-07-20,6,123,3,126
2012-07-20,7,343,14,357
2012-07-20,8,645,39,684
2012-07-20,9,323,45,368
2012-07-20,10,181,51,232
2012-07-20,11,159,51,210
2012-07-20,12,229,41,270
2012-07-20,13,136,20,156
2012-07-20,14,174,53,227
2012-07-20,15,167,47,214
2012-07-20,16,361,70,431
2012-07-20,17,615,95,710
2012-07-20,18,546,73,619
2012-07-20,19,354,44,398
2012-07-20,20,213,35,248
2012-07-20,21,108,14,122
2012-07-20,22,119,13,132
2012-07-20,23,146,18,164
2012-07-21,0,90,11,101
2012-07-21,1,61,10,71
2012-07-21,2,53,5,58
2012-07-21,3,18,7,25
2012-07-21,4,5,11,16
2012-07-21,5,10,7,17
2012-07-21,6,12,3,15
2012-07-21,7,28,8,36
2012-07-21,8,94,18,112
2012-07-21,9,173,32,205
2012-07-21,10,219,49,268
2012-07-21,11,220,80,300
2012-07-21,12,295,156,451
2012-07-21,13,242,106,348
2012-07-21,14,219,121,340
2012-07-21,15,231,148,379
2012-07-21,16,192,130,322
2012-07-21,17,148,92,240
2012-07-21,18,125,51,176
2012-07-21,19,168,67,235
2012-07-21,20,160,51,211
2012-07-21,21,133,29,162
2012-07-21,22,140,40,180
2012-07-21,23,116,32,148
2012-07-22,0,93,17,110
2012-07-22,1,98,31,129
2012-07-22,2,89,32,121
2012-07-22,3,28,13,41
2012-07-22,4,10,6,16
2012-07-22,5,6,0,6
2012-07-22,6,14,5,19
2012-07-22,7,25,13,38
2012-07-22,8,122,31,153
2012-07-22,9,176,79,255
2012-07-22,10,261,114,375
2012-07-22,11,306,191,497
2012-07-22,12,320,178,498
2012-07-22,13,378,238,616
2012-07-22,14,354,256,610
2012-07-22,15,362,254,616
2012-07-22,16,380,245,625
2012-07-22,17,364,188,552
2012-07-22,18,338,173,511
2012-07-22,19,340,180,520
2012-07-22,20,249,124,373
2012-07-22,21,256,88,344
2012-07-22,22,135,55,190
2012-07-22,23,90,33,123
2012-07-23,0,36,11,47
2012-07-23,1,20,7,27
2012-07-23,2,13,3,16
2012-07-23,3,2,0,2
2012-07-23,4,8,0,8
2012-07-23,5,48,3,51
2012-07-23,6,146,9,155
2012-07-23,7,402,17,419
2012-07-23,8,683,47,730
2012-07-23,9,282,57,339
2012-07-23,10,137,63,200
2012-07-23,11,126,69,195
2012-07-23,12,206,109,315
2012-07-23,13,174,64,238
2012-07-23,14,184,82,266
2012-07-23,15,197,76,273
2012-07-23,16,344,111,455
2012-07-23,17,753,87,840
2012-07-23,18,664,69,733
2012-07-23,19,480,94,574
2012-07-23,20,336,56,392
2012-07-23,21,249,45,294
2012-07-23,22,164,40,204
2012-07-23,23,96,16,112
2012-07-24,0,51,12,63
2012-07-24,1,9,7,16
2012-07-24,2,10,6,16
2012-07-24,3,5,1,6
2012-07-24,4,6,0,6
2012-07-24,5,44,5,49
2012-07-24,6,173,17,190
2012-07-24,7,490,24,514
2012-07-24,8,688,49,737
2012-07-24,9,296,40,336
2012-07-24,10,156,62,218
2012-07-24,11,156,45,201
2012-07-24,12,163,60,223
2012-07-24,13,199,73,272
2012-07-24,14,193,48,241
2012-07-24,15,210,73,283
2012-07-24,16,367,86,453
2012-07-24,17,768,94,862
2012-07-24,18,756,110,866
2012-07-24,19,516,109,625
2012-07-24,20,432,85,517
2012-07-24,21,323,53,376
2012-07-24,22,226,43,269
2012-07-24,23,151,38,189
2012-07-25,0,56,9,65
2012-07-25,1,26,2,28
2012-07-25,2,11,1,12
2012-07-25,3,11,1,12
2012-07-25,4,4,0,4
2012-07-25,5,53,5,58
2012-07-25,6,178,11,189
2012-07-25,7,471,34,505
2012-07-25,8,736,43,779
2012-07-25,9,277,65,342
2012-07-25,10,161,68,229
2012-07-25,11,201,79,280
2012-07-25,12,229,77,306
2012-07-25,13,230,81,311
2012-07-25,14,157,88,245
2012-07-25,15,219,94,313
2012-07-25,16,387,91,478
2012-07-25,17,770,130,900
2012-07-25,18,782,104,886
2012-07-25,19,567,116,683
2012-07-25,20,457,106,563
2012-07-25,21,321,71,392
2012-07-25,22,220,55,275
2012-07-25,23,184,52,236
2012-07-26,0,65,27,92
2012-07-26,1,22,6,28
2012-07-26,2,16,5,21
2012-07-26,3,8,0,8
2012-07-26,4,4,0,4
2012-07-26,5,39,2,41
2012-07-26,6,164,16,180
2012-07-26,7,474,17,491
2012-07-26,8,675,49,724
2012-07-26,9,286,55,341
2012-07-26,10,141,79,220
2012-07-26,11,143,69,212
2012-07-26,12,206,73,279
2012-07-26,13,186,53,239
2012-07-26,14,150,62,212
2012-07-26,15,171,65,236
2012-07-26,16,310,62,372
2012-07-26,17,626,110,736
2012-07-26,18,607,73,680
2012-07-26,19,532,80,612
2012-07-26,20,393,47,440
2012-07-26,21,231,35,266
2012-07-26,22,197,33,230
2012-07-26,23,125,18,143
2012-07-27,0,83,14,97
2012-07-27,1,42,12,54
2012-07-27,2,18,8,26
2012-07-27,3,9,3,12
2012-07-27,4,5,3,8
2012-07-27,5,33,3,36
2012-07-27,6,128,10,138
2012-07-27,7,391,13,404
2012-07-27,8,638,34,672
2012-07-27,9,323,34,357
2012-07-27,10,145,85,230
2012-07-27,11,183,67,250
2012-07-27,12,207,92,299
2012-07-27,13,228,83,311
2012-07-27,14,213,105,318
2012-07-27,15,240,81,321
2012-07-27,16,413,80,493
2012-07-27,17,589,101,690
2012-07-27,18,519,100,619
2012-07-27,19,417,93,510
2012-07-27,20,265,85,350
2012-07-27,21,189,71,260
2012-07-27,22,149,48,197
2012-07-27,23,154,34,188
2012-07-28,0,168,21,189
2012-07-28,1,67,11,78
2012-07-28,2,76,14,90
2012-07-28,3,33,10,43
2012-07-28,4,10,1,11
2012-07-28,5,10,4,14
2012-07-28,6,40,10,50
2012-07-28,7,58,18,76
2012-07-28,8,126,36,162
2012-07-28,9,225,110,335
2012-07-28,10,263,129,392
2012-07-28,11,291,162,453
2012-07-28,12,327,157,484
2012-07-28,13,318,173,491
2012-07-28,14,302,186,488
2012-07-28,15,282,206,488
2012-07-28,16,274,208,482
2012-07-28,17,272,199,471
2012-07-28,18,325,151,476
2012-07-28,19,217,115,332
2012-07-28,20,150,79,229
2012-07-28,21,204,94,298
2012-07-28,22,184,88,272
2012-07-28,23,152,52,204
2012-07-29,0,125,59,184
2012-07-29,1,108,49,157
2012-07-29,2,77,33,110
2012-07-29,3,37,18,55
2012-07-29,4,11,2,13
2012-07-29,5,14,3,17
2012-07-29,6,12,6,18
2012-07-29,7,36,4,40
2012-07-29,8,88,37,125
2012-07-29,9,158,64,222
2012-07-29,10,253,123,376
2012-07-29,11,323,183,506
2012-07-29,12,353,154,507
2012-07-29,13,294,181,475
2012-07-29,14,286,231,517
2012-07-29,15,301,195,496
2012-07-29,16,325,191,516
2012-07-29,17,356,164,520
2012-07-29,18,298,117,415
2012-07-29,19,299,143,442
2012-07-29,20,225,75,300
2012-07-29,21,197,72,269
2012-07-29,22,114,31,145
2012-07-29,23,81,18,99
2012-07-30,0,45,12,57
2012-07-30,1,15,4,19
2012-07-30,2,6,2,8
2012-07-30,3,3,0,3
2012-07-30,4,5,0,5
2012-07-30,5,43,4,47
2012-07-30,6,154,6,160
2012-07-30,7,447,14,461
2012-07-30,8,711,31,742
2012-07-30,9,259,34,293
2012-07-30,10,134,54,188
2012-07-30,11,144,69,213
2012-07-30,12,198,77,275
2012-07-30,13,168,57,225
2012-07-30,14,166,87,253
2012-07-30,15,184,51,235
2012-07-30,16,334,88,422
2012-07-30,17,753,62,815
2012-07-30,18,727,75,802
2012-07-30,19,575,81,656
2012-07-30,20,383,78,461
2012-07-30,21,249,71,320
2012-07-30,22,179,47,226
2012-07-30,23,114,34,148
2012-07-31,0,27,11,38
2012-07-31,1,18,3,21
2012-07-31,2,7,0,7
2012-07-31,3,5,1,6
2012-07-31,4,6,0,6
2012-07-31,5,39,5,44
2012-07-31,6,188,2,190
2012-07-31,7,488,21,509
2012-07-31,8,720,30,750
2012-07-31,9,298,31,329
2012-07-31,10,149,73,222
2012-07-31,11,170,54,224
2012-07-31,12,196,50,246
2012-07-31,13,219,69,288
2012-07-31,14,186,72,258
2012-07-31,15,113,29,142
2012-07-31,16,330,66,396
2012-07-31,17,719,94,813
2012-07-31,18,746,99,845
2012-07-31,19,516,90,606
2012-07-31,20,392,58,450
2012-07-31,21,290,60,350
2012-07-31,22,222,33,255
2012-07-31,23,125,20,145
2012-08-01,0,44,3,47
2012-08-01,1,28,5,33
2012-08-01,2,13,0,13
2012-08-01,3,7,0,7
2012-08-01,4,3,1,4
2012-08-01,5,46,3,49
2012-08-01,6,176,6,182
2012-08-01,7,467,19,486
2012-08-01,8,643,32,675
2012-08-01,9,311,34,345
2012-08-01,10,172,61,233
2012-08-01,11,177,54,231
2012-08-01,12,208,75,283
2012-08-01,13,220,59,279
2012-08-01,14,174,88,262
2012-08-01,15,203,89,292
2012-08-01,16,384,93,477
2012-08-01,17,726,103,829
2012-08-01,18,777,105,882
2012-08-01,19,558,88,646
2012-08-01,20,442,65,507
2012-08-01,21,279,36,315
2012-08-01,22,247,37,284
2012-08-01,23,132,18,150
2012-08-02,0,55,8,63
2012-08-02,1,34,6,40
2012-08-02,2,8,3,11
2012-08-02,3,6,0,6
2012-08-02,4,9,0,9
2012-08-02,5,37,4,41
2012-08-02,6,173,6,179
2012-08-02,7,445,21,466
2012-08-02,8,705,21,726
2012-08-02,9,301,31,332
2012-08-02,10,128,51,179
2012-08-02,11,165,59,224
2012-08-02,12,229,56,285
2012-08-02,13,210,98,308
2012-08-02,14,170,54,224
2012-08-02,15,199,68,267
2012-08-02,16,331,71,402
2012-08-02,17,764,90,854
2012-08-02,18,675,86,761
2012-08-02,19,505,98,603
2012-08-02,20,370,51,421
2012-08-02,21,293,41,334
2012-08-02,22,218,35,253
2012-08-02,23,150,25,175
2012-08-03,0,55,15,70
2012-08-03,1,32,10,42
2012-08-03,2,14,0,14
2012-08-03,3,5,1,6
2012-08-03,4,11,1,12
2012-08-03,5,34,2,36
2012-08-03,6,158,5,163
2012-08-03,7,394,25,419
2012-08-03,8,630,32,662
2012-08-03,9,321,69,390
2012-08-03,10,164,82,246
2012-08-03,11,180,77,257
2012-08-03,12,239,95,334
2012-08-03,13,245,98,343
2012-08-03,14,225,102,327
2012-08-03,15,267,112,379
2012-08-03,16,376,112,488
2012-08-03,17,633,95,728
2012-08-03,18,564,98,662
2012-08-03,19,381,81,462
2012-08-03,20,294,89,383
2012-08-03,21,219,54,273
2012-08-03,22,154,46,200
2012-08-03,23,167,26,193
2012-08-04,0,134,24,158
2012-08-04,1,97,23,120
2012-08-04,2,63,20,83
2012-08-04,3,19,11,30
2012-08-04,4,11,2,13
2012-08-04,5,16,1,17
2012-08-04,6,35,12,47
2012-08-04,7,48,18,66
2012-08-04,8,132,49,181
2012-08-04,9,211,61,272
2012-08-04,10,281,108,389
2012-08-04,11,312,155,467
2012-08-04,12,322,222,544
2012-08-04,13,327,195,522
2012-08-04,14,285,183,468
2012-08-04,15,275,205,480
2012-08-04,16,249,197,446
2012-08-04,17,304,178,482
2012-08-04,18,317,170,487
2012-08-04,19,260,133,393
2012-08-04,20,190,117,307
2012-08-04,21,189,96,285
2012-08-04,22,157,104,261
2012-08-04,23,158,61,219
2012-08-05,0,120,32,152
2012-08-05,1,78,8,86
2012-08-05,2,67,5,72
2012-08-05,3,32,9,41
2012-08-05,4,11,3,14
2012-08-05,5,17,1,18
2012-08-05,6,12,7,19
2012-08-05,7,50,18,68
2012-08-05,8,80,27,107
2012-08-05,9,165,61,226
2012-08-05,10,251,111,362
2012-08-05,11,278,155,433
2012-08-05,12,326,161,487
2012-08-05,13,311,208,519
2012-08-05,14,351,161,512
2012-08-05,15,282,164,446
2012-08-05,16,269,143,412
2012-08-05,17,257,122,379
2012-08-05,18,151,75,226
2012-08-05,19,137,46,183
2012-08-05,20,136,53,189
2012-08-05,21,153,51,204
2012-08-05,22,98,57,155
2012-08-05,23,56,29,85
2012-08-06,0,23,9,32
2012-08-06,1,10,1,11
2012-08-06,2,4,0,4
2012-08-06,3,5,0,5
2012-08-06,4,8,3,11
2012-08-06,5,23,2,25
2012-08-06,6,136,4,140
2012-08-06,7,388,14,402
2012-08-06,8,569,27,596
2012-08-06,9,244,28,272
2012-08-06,10,150,54,204
2012-08-06,11,141,108,249
2012-08-06,12,203,72,275
2012-08-06,13,195,85,280
2012-08-06,14,182,99,281
2012-08-06,15,179,91,270
2012-08-06,16,357,88,445
2012-08-06,17,737,112,849
2012-08-06,18,740,100,840
2012-08-06,19,523,109,632
2012-08-06,20,361,89,450
2012-08-06,21,245,72,317
2012-08-06,22,157,50,207
2012-08-06,23,96,16,112
2012-08-07,0,32,15,47
2012-08-07,1,16,2,18
2012-08-07,2,7,6,13
2012-08-07,3,6,0,6
2012-08-07,4,7,2,9
2012-08-07,5,32,3,35
2012-08-07,6,175,3,178
2012-08-07,7,475,21,496
2012-08-07,8,650,41,691
2012-08-07,9,279,44,323
2012-08-07,10,157,89,246
2012-08-07,11,128,84,212
2012-08-07,12,195,86,281
2012-08-07,13,183,68,251
2012-08-07,14,183,76,259
2012-08-07,15,203,100,303
2012-08-07,16,343,100,443
2012-08-07,17,737,125,862
2012-08-07,18,705,103,808
2012-08-07,19,502,104,606
2012-08-07,20,371,74,445
2012-08-07,21,242,70,312
2012-08-07,22,176,43,219
2012-08-07,23,120,18,138
2012-08-08,0,45,12,57
2012-08-08,1,18,3,21
2012-08-08,2,5,1,6
2012-08-08,3,6,1,7
2012-08-08,4,6,1,7
2012-08-08,5,40,3,43
2012-08-08,6,168,4,172
2012-08-08,7,452,24,476
2012-08-08,8,681,48,729
2012-08-08,9,306,33,339
2012-08-08,10,150,63,213
2012-08-08,11,159,80,239
2012-08-08,12,213,63,276
2012-08-08,13,211,101,312
2012-08-08,14,171,63,234
2012-08-08,15,164,110,274
2012-08-08,16,325,113,438
2012-08-08,17,744,107,851
2012-08-08,18,731,117,848
2012-08-08,19,553,118,671
2012-08-08,20,416,74,490
2012-08-08,21,301,70,371
2012-08-08,22,193,35,228
2012-08-08,23,118,16,134
2012-08-09,0,50,16,66
2012-08-09,1,23,5,28
2012-08-09,2,12,2,14
2012-08-09,3,5,1,6
2012-08-09,4,9,0,9
2012-08-09,5,36,4,40
2012-08-09,6,157,5,162
2012-08-09,7,444,24,468
2012-08-09,8,659,28,687
2012-08-09,9,297,54,351
2012-08-09,10,131,72,203
2012-08-09,11,162,94,256
2012-08-09,12,190,85,275
2012-08-09,13,197,80,277
2012-08-09,14,160,86,246
2012-08-09,15,202,63,265
2012-08-09,16,317,97,414
2012-08-09,17,687,111,798
2012-08-09,18,725,78,803
2012-08-09,19,519,90,609
2012-08-09,20,381,91,472
2012-08-09,21,282,50,332
2012-08-09,22,214,41,255
2012-08-09,23,134,19,153
2012-08-10,0,67,17,84
2012-08-10,1,35,6,41
2012-08-10,2,14,6,20
2012-08-10,3,5,3,8
2012-08-10,4,7,0,7
2012-08-10,5,29,4,33
2012-08-10,6,41,3,44
2012-08-10,7,126,5,131
2012-08-10,8,112,7,119
2012-08-10,9,199,21,220
2012-08-10,10,165,27,192
2012-08-10,11,176,72,248
2012-08-10,12,237,76,313
2012-08-10,13,223,66,289
2012-08-10,14,231,71,302
2012-08-10,15,218,100,318
2012-08-10,16,365,96,461
2012-08-10,17,604,111,715
2012-08-10,18,544,88,632
2012-08-10,19,388,98,486
2012-08-10,20,311,55,366
2012-08-10,21,233,50,283
2012-08-10,22,165,50,215
2012-08-10,23,158,33,191
2012-08-11,0,140,38,178
2012-08-11,1,82,32,114
2012-08-11,2,66,19,85
2012-08-11,3,19,2,21
2012-08-11,4,7,3,10
2012-08-11,5,9,2,11
2012-08-11,6,18,5,23
2012-08-11,7,52,8,60
2012-08-11,8,131,30,161
2012-08-11,9,215,54,269
2012-08-11,10,278,125,403
2012-08-11,11,291,202,493
2012-08-11,12,327,215,542
2012-08-11,13,337,228,565
2012-08-11,14,281,248,529
2012-08-11,15,308,245,553
2012-08-11,16,298,228,526
2012-08-11,17,287,220,507
2012-08-11,18,187,107,294
2012-08-11,19,175,97,272
2012-08-11,20,128,31,159
2012-08-11,21,102,26,128
2012-08-11,22,128,40,168
2012-08-11,23,119,42,161
2012-08-12,0,94,24,118
2012-08-12,1,92,21,113
2012-08-12,2,64,19,83
2012-08-12,3,36,11,47
2012-08-12,4,8,2,10
2012-08-12,5,9,1,10
2012-08-12,6,14,2,16
2012-08-12,7,30,9,39
2012-08-12,8,82,35,117
2012-08-12,9,153,64,217
2012-08-12,10,236,88,324
2012-08-12,11,274,167,441
2012-08-12,12,337,163,500
2012-08-12,13,358,178,536
2012-08-12,14,359,213,572
2012-08-12,15,338,235,573
2012-08-12,16,297,213,510
2012-08-12,17,313,187,500
2012-08-12,18,319,163,482
2012-08-12,19,306,148,454
2012-08-12,20,199,96,295
2012-08-12,21,139,78,217
2012-08-12,22,137,40,177
2012-08-12,23,83,25,108
2012-08-13,0,32,14,46
2012-08-13,1,10,3,13
2012-08-13,2,8,1,9
2012-08-13,3,5,1,6
2012-08-13,4,11,0,11
2012-08-13,5,31,3,34
2012-08-13,6,153,4,157
2012-08-13,7,411,11,422
2012-08-13,8,636,25,661
2012-08-13,9,260,40,300
2012-08-13,10,110,88,198
2012-08-13,11,150,94,244
2012-08-13,12,177,96,273
2012-08-13,13,173,79,252
2012-08-13,14,163,85,248
2012-08-13,15,191,80,271
2012-08-13,16,342,116,458
2012-08-13,17,713,102,815
2012-08-13,18,699,103,802
2012-08-13,19,462,88,550
2012-08-13,20,368,58,426
2012-08-13,21,241,44,285
2012-08-13,22,147,44,191
2012-08-13,23,99,28,127
2012-08-14,0,46,12,58
2012-08-14,1,18,8,26
2012-08-14,2,9,2,11
2012-08-14,3,3,0,3
2012-08-14,4,5,0,5
2012-08-14,5,35,1,36
2012-08-14,6,61,1,62
2012-08-14,7,176,1,177
2012-08-14,8,580,27,607
2012-08-14,9,349,48,397
2012-08-14,10,144,53,197
2012-08-14,11,127,69,196
2012-08-14,12,205,93,298
2012-08-14,13,200,83,283
2012-08-14,14,171,80,251
2012-08-14,15,196,84,280
2012-08-14,16,360,95,455
2012-08-14,17,723,78,801
2012-08-14,18,743,97,840
2012-08-14,19,524,94,618
2012-08-14,20,368,65,433
2012-08-14,21,246,56,302
2012-08-14,22,160,28,188
2012-08-14,23,113,53,166
2012-08-15,0,50,8,58
2012-08-15,1,31,6,37
2012-08-15,2,6,1,7
2012-08-15,3,8,1,9
2012-08-15,4,4,0,4
2012-08-15,5,35,4,39
2012-08-15,6,160,12,172
2012-08-15,7,462,25,487
2012-08-15,8,631,40,671
2012-08-15,9,307,57,364
2012-08-15,10,161,70,231
2012-08-15,11,152,80,232
2012-08-15,12,227,77,304
2012-08-15,13,206,88,294
2012-08-15,14,160,94,254
2012-08-15,15,195,70,265
2012-08-15,16,339,91,430
2012-08-15,17,743,102,845
2012-08-15,18,760,80,840
2012-08-15,19,518,124,642
2012-08-15,20,350,71,421
2012-08-15,21,260,50,310
2012-08-15,22,181,29,210
2012-08-15,23,119,18,137
2012-08-16,0,63,13,76
2012-08-16,1,18,3,21
2012-08-16,2,15,0,15
2012-08-16,3,4,0,4
2012-08-16,4,3,2,5
2012-08-16,5,30,7,37
2012-08-16,6,162,3,165
2012-08-16,7,443,16,459
2012-08-16,8,643,33,676
2012-08-16,9,292,41,333
2012-08-16,10,121,78,199
2012-08-16,11,186,83,269
2012-08-16,12,247,96,343
2012-08-16,13,214,81,295
2012-08-16,14,173,72,245
2012-08-16,15,195,63,258
2012-08-16,16,340,79,419
2012-08-16,17,752,130,882
2012-08-16,18,716,109,825
2012-08-16,19,547,119,666
2012-08-16,20,407,100,507
2012-08-16,21,267,83,350
2012-08-16,22,183,69,252
2012-08-16,23,165,58,223
2012-08-17,0,66,21,87
2012-08-17,1,35,16,51
2012-08-17,2,14,4,18
2012-08-17,3,6,0,6
2012-08-17,4,9,0,9
2012-08-17,5,32,2,34
2012-08-17,6,150,6,156
2012-08-17,7,365,11,376
2012-08-17,8,620,43,663
2012-08-17,9,318,58,376
2012-08-17,10,148,82,230
2012-08-17,11,202,98,300
2012-08-17,12,252,110,362
2012-08-17,13,253,103,356
2012-08-17,14,198,128,326
2012-08-17,15,255,127,382
2012-08-17,16,368,116,484
2012-08-17,17,641,144,785
2012-08-17,18,554,108,662
2012-08-17,19,398,88,486
2012-08-17,20,260,97,357
2012-08-17,21,192,57,249
2012-08-17,22,169,43,212
2012-08-17,23,98,21,119
2012-08-18,0,98,6,104
2012-08-18,1,77,14,91
2012-08-18,2,39,4,43
2012-08-18,3,22,7,29
2012-08-18,4,7,5,12
2012-08-18,5,7,2,9
2012-08-18,6,23,4,27
2012-08-18,7,52,12,64
2012-08-18,8,158,28,186
2012-08-18,9,209,81,290
2012-08-18,10,311,166,477
2012-08-18,11,352,180,532
2012-08-18,12,381,266,647
2012-08-18,13,350,288,638
2012-08-18,14,350,242,592
2012-08-18,15,342,250,592
2012-08-18,16,345,288,633
2012-08-18,17,373,256,629
2012-08-18,18,322,225,547
2012-08-18,19,315,164,479
2012-08-18,20,234,99,333
2012-08-18,21,242,90,332
2012-08-18,22,167,90,257
2012-08-18,23,170,60,230
2012-08-19,0,138,44,182
2012-08-19,1,99,29,128
2012-08-19,2,102,16,118
2012-08-19,3,33,21,54
2012-08-19,4,22,4,26
2012-08-19,5,8,3,11
2012-08-19,6,15,5,20
2012-08-19,7,29,12,41
2012-08-19,8,88,34,122
2012-08-19,9,182,86,268
2012-08-19,10,281,138,419
2012-08-19,11,187,83,270
2012-08-19,12,183,112,295
2012-08-19,13,110,50,160
2012-08-19,14,107,41,148
2012-08-19,15,186,89,275
2012-08-19,16,255,97,352
2012-08-19,17,262,76,338
2012-08-19,18,290,86,376
2012-08-19,19,262,72,334
2012-08-19,20,209,61,270
2012-08-19,21,152,36,188
2012-08-19,22,48,6,54
2012-08-19,23,39,7,46
2012-08-20,0,25,1,26
2012-08-20,1,10,0,10
2012-08-20,2,5,0,5
2012-08-20,3,3,0,3
2012-08-20,4,7,0,7
2012-08-20,5,35,2,37
2012-08-20,6,154,6,160
2012-08-20,7,420,15,435
2012-08-20,8,617,37,654
2012-08-20,9,298,55,353
2012-08-20,10,122,69,191
2012-08-20,11,148,90,238
2012-08-20,12,211,66,277
2012-08-20,13,191,97,288
2012-08-20,14,185,87,272
2012-08-20,15,205,102,307
2012-08-20,16,356,103,459
2012-08-20,17,801,83,884
2012-08-20,18,724,89,813
2012-08-20,19,262,33,295
2012-08-20,20,229,30,259
2012-08-20,21,218,26,244
2012-08-20,22,135,25,160
2012-08-20,23,92,10,102
2012-08-21,0,52,7,59
2012-08-21,1,21,11,32
2012-08-21,2,7,1,8
2012-08-21,3,3,0,3
2012-08-21,4,4,0,4
2012-08-21,5,30,4,34
2012-08-21,6,161,5,166
2012-08-21,7,491,19,510
2012-08-21,8,690,27,717
2012-08-21,9,278,47,325
2012-08-21,10,118,58,176
2012-08-21,11,194,61,255
2012-08-21,12,226,79,305
2012-08-21,13,253,76,329
2012-08-21,14,190,110,300
2012-08-21,15,218,76,294
2012-08-21,16,355,109,464
2012-08-21,17,776,92,868
2012-08-21,18,530,92,622
2012-08-21,19,418,57,475
2012-08-21,20,292,62,354
2012-08-21,21,237,41,278
2012-08-21,22,203,24,227
2012-08-21,23,113,23,136
2012-08-22,0,46,9,55
2012-08-22,1,20,1,21
2012-08-22,2,10,7,17
2012-08-22,3,6,0,6
2012-08-22,4,7,1,8
2012-08-22,5,38,2,40
2012-08-22,6,174,12,186
2012-08-22,7,533,16,549
2012-08-22,8,694,37,731
2012-08-22,9,334,41,375
2012-08-22,10,156,66,222
2012-08-22,11,193,71,264
2012-08-22,12,251,59,310
2012-08-22,13,240,73,313
2012-08-22,14,182,83,265
2012-08-22,15,219,94,313
2012-08-22,16,354,102,456
2012-08-22,17,702,72,774
2012-08-22,18,589,91,680
2012-08-22,19,518,56,574
2012-08-22,20,324,59,383
2012-08-22,21,287,60,347
2012-08-22,22,223,55,278
2012-08-22,23,111,27,138
2012-08-23,0,51,9,60
2012-08-23,1,15,10,25
2012-08-23,2,11,9,20
2012-08-23,3,5,3,8
2012-08-23,4,6,0,6
2012-08-23,5,35,1,36
2012-08-23,6,176,14,190
2012-08-23,7,456,18,474
2012-08-23,8,657,45,702
2012-08-23,9,349,58,407
2012-08-23,10,156,76,232
2012-08-23,11,189,86,275
2012-08-23,12,235,97,332
2012-08-23,13,250,93,343
2012-08-23,14,190,114,304
2012-08-23,15,199,104,303
2012-08-23,16,341,120,461
2012-08-23,17,704,111,815
2012-08-23,18,802,130,932
2012-08-23,19,532,96,628
2012-08-23,20,399,70,469
2012-08-23,21,266,53,319
2012-08-23,22,176,21,197
2012-08-23,23,130,24,154
2012-08-24,0,84,27,111
2012-08-24,1,37,5,42
2012-08-24,2,15,1,16
2012-08-24,3,6,2,8
2012-08-24,4,6,2,8
2012-08-24,5,37,1,38
2012-08-24,6,140,9,149
2012-08-24,7,408,13,421
2012-08-24,8,695,41,736
2012-08-24,9,327,58,385
2012-08-24,10,183,78,261
2012-08-24,11,208,69,277
2012-08-24,12,276,95,371
2012-08-24,13,269,79,348
2012-08-24,14,223,109,332
2012-08-24,15,251,99,350
2012-08-24,16,409,101,510
2012-08-24,17,687,117,804
2012-08-24,18,621,109,730
2012-08-24,19,423,106,529
2012-08-24,20,292,66,358
2012-08-24,21,245,58,303
2012-08-24,22,207,42,249
2012-08-24,23,140,37,177
2012-08-25,0,111,21,132
2012-08-25,1,100,15,115
2012-08-25,2,61,18,79
2012-08-25,3,31,7,38
2012-08-25,4,9,3,12
2012-08-25,5,10,4,14
2012-08-25,6,25,5,30
2012-08-25,7,87,14,101
2012-08-25,8,129,29,158
2012-08-25,9,219,60,279
2012-08-25,10,286,147,433
2012-08-25,11,303,144,447
2012-08-25,12,363,217,580
2012-08-25,13,327,186,513
2012-08-25,14,319,150,469
2012-08-25,15,153,79,232
2012-08-25,16,258,174,432
2012-08-25,17,269,132,401
2012-08-25,18,258,122,380
2012-08-25,19,252,97,349
2012-08-25,20,173,65,238
2012-08-25,21,148,60,208
2012-08-25,22,130,46,176
2012-08-25,23,122,34,156
2012-08-26,0,109,23,132
2012-08-26,1,111,18,129
2012-08-26,2,99,12,111
2012-08-26,3,40,11,51
2012-08-26,4,11,5,16
2012-08-26,5,12,3,15
2012-08-26,6,16,5,21
2012-08-26,7,23,11,34
2012-08-26,8,108,21,129
2012-08-26,9,191,67,258
2012-08-26,10,256,127,383
2012-08-26,11,329,150,479
2012-08-26,12,394,224,618
2012-08-26,13,370,167,537
2012-08-26,14,245,125,370
2012-08-26,15,255,132,387
2012-08-26,16,113,57,170
2012-08-26,17,167,61,228
2012-08-26,18,183,77,260
2012-08-26,19,210,80,290
2012-08-26,20,167,40,207
2012-08-26,21,137,26,163
2012-08-26,22,93,20,113
2012-08-26,23,57,21,78
2012-08-27,0,28,4,32
2012-08-27,1,4,3,7
2012-08-27,2,8,0,8
2012-08-27,3,3,1,4
2012-08-27,4,11,1,12
2012-08-27,5,32,4,36
2012-08-27,6,140,4,144
2012-08-27,7,411,15,426
2012-08-27,8,643,29,672
2012-08-27,9,294,40,334
2012-08-27,10,142,63,205
2012-08-27,11,167,47,214
2012-08-27,12,214,69,283
2012-08-27,13,211,77,288
2012-08-27,14,180,66,246
2012-08-27,15,201,77,278
2012-08-27,16,365,77,442
2012-08-27,17,738,101,839
2012-08-27,18,736,83,819
2012-08-27,19,494,74,568
2012-08-27,20,363,50,413
2012-08-27,21,235,39,274
2012-08-27,22,127,30,157
2012-08-27,23,79,35,114
2012-08-28,0,29,9,38
2012-08-28,1,17,4,21
2012-08-28,2,13,2,15
2012-08-28,3,4,0,4
2012-08-28,4,6,2,8
2012-08-28,5,38,3,41
2012-08-28,6,144,3,147
2012-08-28,7,254,14,268
2012-08-28,8,664,25,689
2012-08-28,9,349,44,393
2012-08-28,10,163,39,202
2012-08-28,11,170,47,217
2012-08-28,12,238,56,294
2012-08-28,13,232,56,288
2012-08-28,14,177,72,249
2012-08-28,15,257,59,316
2012-08-28,16,395,84,479
2012-08-28,17,760,90,850
2012-08-28,18,730,82,812
2012-08-28,19,509,82,591
2012-08-28,20,341,87,428
2012-08-28,21,272,38,310
2012-08-28,22,196,20,216
2012-08-28,23,90,17,107
2012-08-29,0,39,8,47
2012-08-29,1,11,2,13
2012-08-29,2,4,2,6
2012-08-29,3,9,0,9
2012-08-29,4,8,2,10
2012-08-29,5,37,3,40
2012-08-29,6,174,6,180
2012-08-29,7,526,23,549
2012-08-29,8,775,28,803
2012-08-29,9,304,40,344
2012-08-29,10,143,34,177
2012-08-29,11,186,67,253
2012-08-29,12,270,79,349
2012-08-29,13,230,68,298
2012-08-29,14,214,87,301
2012-08-29,15,239,96,335
2012-08-29,16,387,104,491
2012-08-29,17,758,108,866
2012-08-29,18,689,119,808
2012-08-29,19,514,120,634
2012-08-29,20,372,49,421
2012-08-29,21,262,48,310
2012-08-29,22,185,50,235
2012-08-29,23,123,34,157
2012-08-30,0,51,14,65
2012-08-30,1,17,6,23
2012-08-30,2,14,3,17
2012-08-30,3,5,0,5
2012-08-30,4,4,4,8
2012-08-30,5,33,2,35
2012-08-30,6,153,8,161
2012-08-30,7,494,31,525
2012-08-30,8,692,53,745
2012-08-30,9,333,57,390
2012-08-30,10,158,73,231
2012-08-30,11,183,85,268
2012-08-30,12,220,73,293
2012-08-30,13,211,76,287
2012-08-30,14,198,74,272
2012-08-30,15,238,99,337
2012-08-30,16,396,77,473
2012-08-30,17,743,93,836
2012-08-30,18,735,109,844
2012-08-30,19,527,78,605
2012-08-30,20,401,68,469
2012-08-30,21,273,32,305
2012-08-30,22,250,38,288
2012-08-30,23,132,19,151
2012-08-31,0,70,13,83
2012-08-31,1,24,8,32
2012-08-31,2,11,9,20
2012-08-31,3,2,3,5
2012-08-31,4,7,0,7
2012-08-31,5,27,2,29
2012-08-31,6,101,7,108
2012-08-31,7,397,21,418
2012-08-31,8,643,36,679
2012-08-31,9,331,61,392
2012-08-31,10,197,59,256
2012-08-31,11,219,88,307
2012-08-31,12,286,120,406
2012-08-31,13,268,97,365
2012-08-31,14,320,112,432
2012-08-31,15,416,109,525
2012-08-31,16,410,111,521
2012-08-31,17,482,129,611
2012-08-31,18,454,87,541
2012-08-31,19,354,91,445
2012-08-31,20,250,102,352
2012-08-31,21,227,71,298
2012-08-31,22,206,65,271
2012-08-31,23,141,32,173
2012-09-01,0,144,22,166
2012-09-01,1,67,11,78
2012-09-01,2,59,8,67
2012-09-01,3,29,6,35
2012-09-01,4,9,3,12
2012-09-01,5,19,2,21
2012-09-01,6,23,13,36
2012-09-01,7,57,8,65
2012-09-01,8,134,28,162
2012-09-01,9,171,62,233
2012-09-01,10,286,128,414
2012-09-01,11,268,219,487
2012-09-01,12,279,187,466
2012-09-01,13,265,237,502
2012-09-01,14,268,240,508
2012-09-01,15,302,257,559
2012-09-01,16,251,209,460
2012-09-01,17,254,205,459
2012-09-01,18,256,183,439
2012-09-01,19,230,156,386
2012-09-01,20,135,67,202
2012-09-01,21,83,21,104
2012-09-01,22,55,21,76
2012-09-01,23,87,57,144
2012-09-02,0,72,27,99
2012-09-02,1,57,15,72
2012-09-02,2,55,28,83
2012-09-02,3,33,9,42
2012-09-02,4,10,7,17
2012-09-02,5,8,2,10
2012-09-02,6,13,2,15
2012-09-02,7,29,13,42
2012-09-02,8,99,30,129
2012-09-02,9,143,88,231
2012-09-02,10,225,158,383
2012-09-02,11,259,226,485
2012-09-02,12,292,248,540
2012-09-02,13,229,263,492
2012-09-02,14,205,249,454
2012-09-02,15,169,178,347
2012-09-02,16,241,222,463
2012-09-02,17,281,219,500
2012-09-02,18,271,227,498
2012-09-02,19,150,140,290
2012-09-02,20,40,63,103
2012-09-02,21,92,79,171
2012-09-02,22,97,66,163
2012-09-02,23,67,53,120
2012-09-03,0,60,42,102
2012-09-03,1,36,18,54
2012-09-03,2,30,10,40
2012-09-03,3,22,6,28
2012-09-03,4,5,6,11
2012-09-03,5,3,1,4
2012-09-03,6,12,3,15
2012-09-03,7,37,6,43
2012-09-03,8,87,36,123
2012-09-03,9,154,71,225
2012-09-03,10,220,135,355
2012-09-03,11,265,187,452
2012-09-03,12,346,191,537
2012-09-03,13,350,209,559
2012-09-03,14,338,163,501
2012-09-03,15,278,168,446
2012-09-03,16,333,165,498
2012-09-03,17,312,181,493
2012-09-03,18,328,145,473
2012-09-03,19,296,73,369
2012-09-03,20,179,78,257
2012-09-03,21,139,42,181
2012-09-03,22,104,17,121
2012-09-03,23,58,12,70
2012-09-04,0,18,10,28
2012-09-04,1,9,15,24
2012-09-04,2,3,1,4
2012-09-04,3,9,1,10
2012-09-04,4,8,0,8
2012-09-04,5,36,1,37
2012-09-04,6,164,7,171
2012-09-04,7,471,13,484
2012-09-04,8,613,15,628
2012-09-04,9,288,30,318
2012-09-04,10,127,42,169
2012-09-04,11,156,39,195
2012-09-04,12,232,54,286
2012-09-04,13,200,72,272
2012-09-04,14,201,72,273
2012-09-04,15,222,68,290
2012-09-04,16,395,61,456
2012-09-04,17,736,110,846
2012-09-04,18,736,94,830
2012-09-04,19,496,50,546
2012-09-04,20,334,47,381
2012-09-04,21,238,28,266
2012-09-04,22,146,25,171
2012-09-04,23,82,12,94
2012-09-05,0,27,10,37
2012-09-05,1,11,2,13
2012-09-05,2,9,0,9
2012-09-05,3,4,0,4
2012-09-05,4,3,2,5
2012-09-05,5,38,1,39
2012-09-05,6,203,7,210
2012-09-05,7,483,11,494
2012-09-05,8,690,33,723
2012-09-05,9,260,27,287
2012-09-05,10,177,54,231
2012-09-05,11,156,61,217
2012-09-05,12,210,49,259
2012-09-05,13,178,50,228
2012-09-05,14,175,34,209
2012-09-05,15,202,41,243
2012-09-05,16,342,86,428
2012-09-05,17,779,83,862
2012-09-05,18,754,82,836
2012-09-05,19,589,64,653
2012-09-05,20,353,55,408
2012-09-05,21,274,18,292
2012-09-05,22,179,38,217
2012-09-05,23,126,24,150
2012-09-06,0,34,30,64
2012-09-06,1,16,2,18
2012-09-06,2,7,1,8
2012-09-06,3,9,0,9
2012-09-06,4,8,0,8
2012-09-06,5,35,3,38
2012-09-06,6,189,11,200
2012-09-06,7,455,21,476
2012-09-06,8,617,24,641
2012-09-06,9,115,8,123
2012-09-06,10,36,9,45
2012-09-06,11,51,10,61
2012-09-06,12,123,11,134
2012-09-06,13,150,38,188
2012-09-06,14,177,39,216
2012-09-06,15,226,42,268
2012-09-06,16,372,42,414
2012-09-06,17,735,67,802
2012-09-06,18,751,74,825
2012-09-06,19,494,54,548
2012-09-06,20,354,50,404
2012-09-06,21,233,32,265
2012-09-06,22,190,24,214
2012-09-06,23,147,19,166
2012-09-07,0,75,17,92
2012-09-07,1,19,10,29
2012-09-07,2,9,1,10
2012-09-07,3,9,0,9
2012-09-07,4,7,1,8
2012-09-07,5,39,1,40
2012-09-07,6,134,5,139
2012-09-07,7,461,21,482
2012-09-07,8,681,29,710
2012-09-07,9,310,33,343
2012-09-07,10,163,53,216
2012-09-07,11,212,81,293
2012-09-07,12,239,75,314
2012-09-07,13,278,71,349
2012-09-07,14,185,66,251
2012-09-07,15,262,66,328
2012-09-07,16,388,75,463
2012-09-07,17,678,88,766
2012-09-07,18,689,95,784
2012-09-07,19,494,70,564
2012-09-07,20,335,51,386
2012-09-07,21,240,55,295
2012-09-07,22,242,52,294
2012-09-07,23,217,28,245
2012-09-08,0,128,20,148
2012-09-08,1,105,10,115
2012-09-08,2,68,9,77
2012-09-08,3,38,3,41
2012-09-08,4,8,3,11
2012-09-08,5,13,2,15
2012-09-08,6,24,8,32
2012-09-08,7,71,11,82
2012-09-08,8,197,33,230
2012-09-08,9,257,87,344
2012-09-08,10,319,100,419
2012-09-08,11,403,173,576
2012-09-08,12,464,220,684
2012-09-08,13,426,232,658
2012-09-08,14,361,261,622
2012-09-08,15,327,175,502
2012-09-08,16,94,19,113
2012-09-08,17,116,52,168
2012-09-08,18,139,27,166
2012-09-08,19,183,28,211
2012-09-08,20,162,28,190
2012-09-08,21,155,27,182
2012-09-08,22,173,18,191
2012-09-08,23,117,12,129
2012-09-09,0,104,18,122
2012-09-09,1,104,20,124
2012-09-09,2,79,15,94
2012-09-09,3,31,14,45
2012-09-09,4,16,12,28
2012-09-09,5,38,16,54
2012-09-09,6,23,11,34
2012-09-09,7,48,20,68
2012-09-09,8,142,27,169
2012-09-09,9,208,85,293
2012-09-09,10,319,172,491
2012-09-09,11,384,194,578
2012-09-09,12,501,247,748
2012-09-09,13,487,238,725
2012-09-09,14,405,232,637
2012-09-09,15,397,284,681
2012-09-09,16,466,228,694
2012-09-09,17,448,213,661
2012-09-09,18,395,156,551
2012-09-09,19,354,134,488
2012-09-09,20,259,91,350
2012-09-09,21,148,57,205
2012-09-09,22,124,64,188
2012-09-09,23,69,22,91
2012-09-10,0,35,6,41
2012-09-10,1,11,7,18
2012-09-10,2,6,11,17
2012-09-10,3,7,5,12
2012-09-10,4,4,1,5
2012-09-10,5,36,4,40
2012-09-10,6,169,8,177
2012-09-10,7,424,20,444
2012-09-10,8,688,33,721
2012-09-10,9,315,40,355
2012-09-10,10,163,42,205
2012-09-10,11,167,69,236
2012-09-10,12,254,75,329
2012-09-10,13,246,73,319
2012-09-10,14,225,107,332
2012-09-10,15,228,115,343
2012-09-10,16,378,108,486
2012-09-10,17,736,127,863
2012-09-10,18,843,111,954
2012-09-10,19,556,71,627
2012-09-10,20,351,34,385
2012-09-10,21,251,29,280
2012-09-10,22,140,15,155
2012-09-10,23,86,7,93
2012-09-11,0,26,5,31
2012-09-11,1,10,0,10
2012-09-11,2,5,1,6
2012-09-11,3,7,1,8
2012-09-11,4,8,1,9
2012-09-11,5,40,3,43
2012-09-11,6,199,11,210
2012-09-11,7,571,24,595
2012-09-11,8,696,48,744
2012-09-11,9,319,35,354
2012-09-11,10,137,54,191
2012-09-11,11,185,60,245
2012-09-11,12,252,62,314
2012-09-11,13,253,72,325
2012-09-11,14,177,74,251
2012-09-11,15,250,73,323
2012-09-11,16,433,98,531
2012-09-11,17,793,168,961
2012-09-11,18,754,110,864
2012-09-11,19,537,56,593
2012-09-11,20,418,40,458
2012-09-11,21,279,28,307
2012-09-11,22,186,27,213
2012-09-11,23,91,18,109
2012-09-12,0,41,8,49
2012-09-12,1,19,2,21
2012-09-12,2,9,2,11
2012-09-12,3,7,0,7
2012-09-12,4,5,0,5
2012-09-12,5,44,4,48
2012-09-12,6,196,6,202
2012-09-12,7,528,24,552
2012-09-12,8,722,43,765
2012-09-12,9,273,50,323
2012-09-12,10,145,57,202
2012-09-12,11,180,51,231
2012-09-12,12,263,88,351
2012-09-12,13,236,85,321
2012-09-12,14,198,78,276
2012-09-12,15,241,75,316
2012-09-12,16,417,90,507
2012-09-12,17,803,114,917
2012-09-12,18,877,91,968
2012-09-12,19,553,78,631
2012-09-12,20,426,37,463
2012-09-12,21,273,28,301
2012-09-12,22,186,23,209
2012-09-12,23,108,16,124
2012-09-13,0,46,11,57
2012-09-13,1,22,6,28
2012-09-13,2,8,0,8
2012-09-13,3,9,2,11
2012-09-13,4,6,0,6
2012-09-13,5,53,3,56
2012-09-13,6,186,9,195
2012-09-13,7,545,22,567
2012-09-13,8,717,33,750
2012-09-13,9,290,46,336
2012-09-13,10,146,63,209
2012-09-13,11,183,71,254
2012-09-13,12,239,57,296
2012-09-13,13,221,60,281
2012-09-13,14,209,60,269
2012-09-13,15,251,99,350
2012-09-13,16,397,85,482
2012-09-13,17,784,97,881
2012-09-13,18,740,108,848
2012-09-13,19,589,80,669
2012-09-13,20,403,55,458
2012-09-13,21,289,26,315
2012-09-13,22,219,28,247
2012-09-13,23,136,33,169
2012-09-14,0,63,24,87
2012-09-14,1,34,6,40
2012-09-14,2,23,7,30
2012-09-14,3,8,5,13
2012-09-14,4,11,1,12
2012-09-14,5,39,1,40
2012-09-14,6,142,8,150
2012-09-14,7,434,17,451
2012-09-14,8,710,51,761
2012-09-14,9,300,46,346
2012-09-14,10,167,75,242
2012-09-14,11,194,84,278
2012-09-14,12,287,119,406
2012-09-14,13,299,107,406
2012-09-14,14,254,113,367
2012-09-14,15,267,94,361
2012-09-14,16,448,109,557
2012-09-14,17,746,137,883
2012-09-14,18,683,116,799
2012-09-14,19,491,83,574
2012-09-14,20,332,66,398
2012-09-14,21,266,43,309
2012-09-14,22,186,40,226
2012-09-14,23,159,27,186
2012-09-15,0,166,38,204
2012-09-15,1,98,8,106
2012-09-15,2,74,18,92
2012-09-15,3,30,6,36
2012-09-15,4,3,3,6
2012-09-15,5,15,1,16
2012-09-15,6,27,6,33
2012-09-15,7,63,10,73
2012-09-15,8,166,43,209
2012-09-15,9,256,79,335
2012-09-15,10,318,119,437
2012-09-15,11,398,228,626
2012-09-15,12,414,287,701
2012-09-15,13,372,327,699
2012-09-15,14,381,325,706
2012-09-15,15,336,312,648
2012-09-15,16,423,351,774
2012-09-15,17,426,295,721
2012-09-15,18,378,232,610
2012-09-15,19,297,169,466
2012-09-15,20,240,89,329
2012-09-15,21,209,86,295
2012-09-15,22,193,82,275
2012-09-15,23,179,47,226
2012-09-16,0,119,28,147
2012-09-16,1,82,35,117
2012-09-16,2,61,27,88
2012-09-16,3,38,10,48
2012-09-16,4,6,2,8
2012-09-16,5,9,3,12
2012-09-16,6,25,9,34
2012-09-16,7,43,28,71
2012-09-16,8,94,34,128
2012-09-16,9,223,70,293
2012-09-16,10,326,160,486
2012-09-16,11,372,183,555
2012-09-16,12,464,187,651
2012-09-16,13,443,241,684
2012-09-16,14,403,225,628
2012-09-16,15,337,215,552
2012-09-16,16,397,194,591
2012-09-16,17,386,177,563
2012-09-16,18,354,120,474
2012-09-16,19,306,91,397
2012-09-16,20,264,57,321
2012-09-16,21,145,43,188
2012-09-16,22,105,18,123
2012-09-16,23,83,9,92
2012-09-17,0,32,14,46
2012-09-17,1,11,9,20
2012-09-17,2,8,5,13
2012-09-17,3,7,0,7
2012-09-17,4,9,2,11
2012-09-17,5,44,1,45
2012-09-17,6,154,7,161
2012-09-17,7,468,18,486
2012-09-17,8,637,36,673
2012-09-17,9,261,34,295
2012-09-17,10,126,73,199
2012-09-17,11,186,61,247
2012-09-17,12,223,62,285
2012-09-17,13,224,112,336
2012-09-17,14,196,129,325
2012-09-17,15,244,82,326
2012-09-17,16,378,74,452
2012-09-17,17,730,102,832
2012-09-17,18,703,66,769
2012-09-17,19,431,51,482
2012-09-17,20,305,32,337
2012-09-17,21,203,28,231
2012-09-17,22,109,20,129
2012-09-17,23,64,4,68
2012-09-18,0,11,2,13
2012-09-18,1,5,0,5
2012-09-18,2,4,0,4
2012-09-18,3,6,0,6
2012-09-18,4,5,2,7
2012-09-18,5,45,3,48
2012-09-18,6,162,4,166
2012-09-18,7,340,13,353
2012-09-18,8,634,32,666
2012-09-18,9,265,27,292
2012-09-18,10,124,30,154
2012-09-18,11,111,36,147
2012-09-18,12,71,16,87
2012-09-18,13,97,17,114
2012-09-18,14,112,27,139
2012-09-18,15,35,1,36
2012-09-18,16,122,19,141
2012-09-18,17,300,36,336
2012-09-18,18,259,19,278
2012-09-18,19,299,22,321
2012-09-18,20,264,19,283
2012-09-18,21,186,21,207
2012-09-18,22,135,14,149
2012-09-18,23,66,11,77
2012-09-19,0,23,3,26
2012-09-19,1,10,0,10
2012-09-19,2,3,0,3
2012-09-19,3,4,1,5
2012-09-19,4,10,0,10
2012-09-19,5,53,2,55
2012-09-19,6,165,6,171
2012-09-19,7,528,16,544
2012-09-19,8,752,39,791
2012-09-19,9,333,26,359
2012-09-19,10,167,23,190
2012-09-19,11,203,44,247
2012-09-19,12,256,53,309
2012-09-19,13,232,55,287
2012-09-19,14,222,59,281
2012-09-19,15,254,57,311
2012-09-19,16,394,68,462
2012-09-19,17,800,74,874
2012-09-19,18,798,85,883
2012-09-19,19,537,72,609
2012-09-19,20,371,31,402
2012-09-19,21,314,25,339
2012-09-19,22,196,31,227
2012-09-19,23,106,17,123
2012-09-20,0,46,12,58
2012-09-20,1,14,4,18
2012-09-20,2,9,2,11
2012-09-20,3,6,0,6
2012-09-20,4,6,0,6
2012-09-20,5,52,4,56
2012-09-20,6,161,9,170
2012-09-20,7,510,20,530
2012-09-20,8,734,44,778
2012-09-20,9,328,25,353
2012-09-20,10,155,33,188
2012-09-20,11,201,37,238
2012-09-20,12,231,57,288
2012-09-20,13,264,68,332
2012-09-20,14,221,76,297
2012-09-20,15,231,60,291
2012-09-20,16,385,72,457
2012-09-20,17,877,91,968
2012-09-20,18,775,119,894
2012-09-20,19,528,69,597
2012-09-20,20,357,57,414
2012-09-20,21,243,28,271
2012-09-20,22,249,35,284
2012-09-20,23,137,17,154
2012-09-21,0,53,13,66
2012-09-21,1,38,11,49
2012-09-21,2,8,6,14
2012-09-21,3,11,1,12
2012-09-21,4,9,1,10
2012-09-21,5,47,2,49
2012-09-21,6,145,19,164
2012-09-21,7,463,35,498
2012-09-21,8,714,31,745
2012-09-21,9,346,35,381
2012-09-21,10,180,44,224
2012-09-21,11,239,79,318
2012-09-21,12,300,84,384
2012-09-21,13,310,105,415
2012-09-21,14,292,113,405
2012-09-21,15,327,90,417
2012-09-21,16,463,103,566
2012-09-21,17,732,107,839
2012-09-21,18,688,106,794
2012-09-21,19,487,95,582
2012-09-21,20,310,54,364
2012-09-21,21,261,46,307
2012-09-21,22,244,47,291
2012-09-21,23,159,23,182
2012-09-22,0,138,32,170
2012-09-22,1,104,18,122
2012-09-22,2,72,10,82
2012-09-22,3,39,6,45
2012-09-22,4,10,5,15
2012-09-22,5,15,2,17
2012-09-22,6,35,6,41
2012-09-22,7,70,7,77
2012-09-22,8,196,21,217
2012-09-22,9,285,88,373
2012-09-22,10,341,124,465
2012-09-22,11,435,189,624
2012-09-22,12,455,228,683
2012-09-22,13,430,273,703
2012-09-22,14,396,249,645
2012-09-22,15,440,307,747
2012-09-22,16,423,253,676
2012-09-22,17,443,195,638
2012-09-22,18,417,171,588
2012-09-22,19,304,99,403
2012-09-22,20,246,76,322
2012-09-22,21,200,59,259
2012-09-22,22,176,59,235
2012-09-22,23,135,34,169
2012-09-23,0,144,34,178
2012-09-23,1,117,23,140
2012-09-23,2,76,18,94
2012-09-23,3,41,13,54
2012-09-23,4,9,1,10
2012-09-23,5,5,1,6
2012-09-23,6,11,5,16
2012-09-23,7,47,9,56
2012-09-23,8,135,38,173
2012-09-23,9,203,71,274
2012-09-23,10,347,138,485
2012-09-23,11,377,186,563
2012-09-23,12,513,250,763
2012-09-23,13,438,257,695
2012-09-23,14,391,266,657
2012-09-23,15,374,265,639
2012-09-23,16,432,254,686
2012-09-23,17,489,227,716
2012-09-23,18,401,135,536
2012-09-23,19,322,82,404
2012-09-23,20,192,60,252
2012-09-23,21,143,51,194
2012-09-23,22,96,40,136
2012-09-23,23,69,30,99
2012-09-24,0,53,10,63
2012-09-24,1,12,6,18
2012-09-24,2,8,0,8
2012-09-24,3,5,0,5
2012-09-24,4,8,0,8
2012-09-24,5,35,2,37
2012-09-24,6,161,6,167
2012-09-24,7,506,17,523
2012-09-24,8,710,31,741
2012-09-24,9,276,42,318
2012-09-24,10,143,52,195
2012-09-24,11,164,70,234
2012-09-24,12,247,78,325
2012-09-24,13,243,80,323
2012-09-24,14,223,77,300
2012-09-24,15,213,84,297
2012-09-24,16,414,99,513
2012-09-24,17,805,89,894
2012-09-24,18,749,95,844
2012-09-24,19,528,56,584
2012-09-24,20,372,52,424
2012-09-24,21,228,26,254
2012-09-24,22,153,18,171
2012-09-24,23,83,11,94
2012-09-25,0,56,8,64
2012-09-25,1,11,2,13
2012-09-25,2,9,5,14
2012-09-25,3,3,2,5
2012-09-25,4,7,2,9
2012-09-25,5,46,1,47
2012-09-25,6,185,5,190
2012-09-25,7,534,17,551
2012-09-25,8,751,41,792
2012-09-25,9,377,28,405
2012-09-25,10,122,45,167
2012-09-25,11,153,63,216
2012-09-25,12,230,69,299
2012-09-25,13,257,48,305
2012-09-25,14,207,80,287
2012-09-25,15,247,56,303
2012-09-25,16,431,59,490
2012-09-25,17,857,107,964
2012-09-25,18,756,64,820
2012-09-25,19,487,49,536
2012-09-25,20,378,37,415
2012-09-25,21,260,34,294
2012-09-25,22,171,14,185
2012-09-25,23,87,9,96
2012-09-26,0,32,6,38
2012-09-26,1,19,10,29
2012-09-26,2,15,2,17
2012-09-26,3,6,4,10
2012-09-26,4,10,2,12
2012-09-26,5,35,1,36
2012-09-26,6,177,3,180
2012-09-26,7,517,9,526
2012-09-26,8,797,30,827
2012-09-26,9,307,27,334
2012-09-26,10,153,29,182
2012-09-26,11,180,46,226
2012-09-26,12,260,56,316
2012-09-26,13,268,67,335
2012-09-26,14,213,60,273
2012-09-26,15,231,69,300
2012-09-26,16,395,71,466
2012-09-26,17,870,77,947
2012-09-26,18,805,69,874
2012-09-26,19,585,38,623
2012-09-26,20,385,45,430
2012-09-26,21,326,32,358
2012-09-26,22,188,21,209
2012-09-26,23,100,13,113
2012-09-27,0,60,5,65
2012-09-27,1,16,5,21
2012-09-27,2,13,3,16
2012-09-27,3,7,0,7
2012-09-27,4,6,2,8
2012-09-27,5,53,2,55
2012-09-27,6,159,5,164
2012-09-27,7,539,12,551
2012-09-27,8,765,20,785
2012-09-27,9,302,30,332
2012-09-27,10,166,40,206
2012-09-27,11,225,67,292
2012-09-27,12,270,63,333
2012-09-27,13,258,61,319
2012-09-27,14,211,44,255
2012-09-27,15,255,41,296
2012-09-27,16,396,73,469
2012-09-27,17,809,87,896
2012-09-27,18,815,77,892
2012-09-27,19,508,48,556
2012-09-27,20,406,45,451
2012-09-27,21,232,18,250
2012-09-27,22,45,2,47
2012-09-27,23,44,1,45
2012-09-28,0,15,2,17
2012-09-28,1,12,0,12
2012-09-28,2,9,1,10
2012-09-28,3,7,0,7
2012-09-28,4,10,2,12
2012-09-28,5,36,1,37
2012-09-28,6,135,2,137
2012-09-28,7,382,10,392
2012-09-28,8,668,31,699
2012-09-28,9,398,27,425
2012-09-28,10,192,51,243
2012-09-28,11,245,109,354
2012-09-28,12,279,94,373
2012-09-28,13,299,106,405
2012-09-28,14,289,105,394
2012-09-28,15,287,104,391
2012-09-28,16,417,83,500
2012-09-28,17,698,101,799
2012-09-28,18,601,58,659
2012-09-28,19,465,38,503
2012-09-28,20,300,32,332
2012-09-28,21,203,32,235
2012-09-28,22,184,30,214
2012-09-28,23,160,26,186
2012-09-29,0,132,15,147
2012-09-29,1,89,12,101
2012-09-29,2,79,12,91
2012-09-29,3,25,4,29
2012-09-29,4,8,6,14
2012-09-29,5,11,2,13
2012-09-29,6,33,4,37
2012-09-29,7,61,12,73
2012-09-29,8,170,36,206
2012-09-29,9,263,70,333
2012-09-29,10,334,134,468
2012-09-29,11,437,217,654
2012-09-29,12,483,191,674
2012-09-29,13,450,233,683
2012-09-29,14,440,302,742
2012-09-29,15,450,271,721
2012-09-29,16,442,275,717
2012-09-29,17,444,256,700
2012-09-29,18,414,174,588
2012-09-29,19,346,119,465
2012-09-29,20,224,88,312
2012-09-29,21,219,73,292
2012-09-29,22,169,48,217
2012-09-29,23,158,35,193
2012-09-30,0,109,35,144
2012-09-30,1,85,31,116
2012-09-30,2,69,21,90
2012-09-30,3,40,17,57
2012-09-30,4,6,1,7
2012-09-30,5,8,1,9
2012-09-30,6,20,2,22
2012-09-30,7,42,14,56
2012-09-30,8,123,18,141
2012-09-30,9,209,74,283
2012-09-30,10,314,160,474
2012-09-30,11,365,222,587
2012-09-30,12,466,205,671
2012-09-30,13,408,181,589
2012-09-30,14,399,208,607
2012-09-30,15,415,230,645
2012-09-30,16,439,202,641
2012-09-30,17,374,195,569
2012-09-30,18,299,91,390
2012-09-30,19,222,34,256
2012-09-30,20,161,31,192
2012-09-30,21,98,19,117
2012-09-30,22,76,15,91
2012-09-30,23,50,8,58
2012-10-01,0,38,6,44
2012-10-01,1,13,5,18
2012-10-01,2,6,6,12
2012-10-01,3,6,1,7
2012-10-01,4,10,0,10
2012-10-01,5,34,2,36
2012-10-01,6,146,8,154
2012-10-01,7,466,13,479
2012-10-01,8,739,40,779
2012-10-01,9,308,26,334
2012-10-01,10,133,44,177
2012-10-01,11,192,76,268
2012-10-01,12,259,61,320
2012-10-01,13,222,80,302
2012-10-01,14,191,51,242
2012-10-01,15,231,95,326
2012-10-01,16,406,51,457
2012-10-01,17,776,65,841
2012-10-01,18,565,42,607
2012-10-01,19,478,33,511
2012-10-01,20,246,11,257
2012-10-01,21,197,13,210
2012-10-01,22,187,17,204
2012-10-01,23,87,17,104
2012-10-02,0,29,1,30
2012-10-02,1,11,0,11
2012-10-02,2,2,0,2
2012-10-02,3,4,1,5
2012-10-02,4,8,2,10
2012-10-02,5,42,1,43
2012-10-02,6,175,3,178
2012-10-02,7,252,4,256
2012-10-02,8,127,6,133
2012-10-02,9,83,3,86
2012-10-02,10,41,3,44
2012-10-02,11,89,7,96
2012-10-02,12,97,6,103
2012-10-02,13,146,6,152
2012-10-02,14,143,16,159
2012-10-02,15,194,14,208
2012-10-02,16,325,46,371
2012-10-02,17,671,39,710
2012-10-02,18,630,48,678
2012-10-02,19,364,27,391
2012-10-02,20,279,20,299
2012-10-02,21,263,24,287
2012-10-02,22,210,28,238
2012-10-02,23,87,11,98
2012-10-03,0,47,5,52
2012-10-03,1,16,3,19
2012-10-03,2,7,2,9
2012-10-03,3,7,0,7
2012-10-03,4,9,2,11
2012-10-03,5,32,2,34
2012-10-03,6,167,4,171
2012-10-03,7,492,11,503
2012-10-03,8,774,28,802
2012-10-03,9,330,30,360
2012-10-03,10,143,29,172
2012-10-03,11,177,52,229
2012-10-03,12,288,69,357
2012-10-03,13,222,55,277
2012-10-03,14,193,55,248
2012-10-03,15,254,59,313
2012-10-03,16,433,42,475
2012-10-03,17,825,84,909
2012-10-03,18,755,54,809
2012-10-03,19,542,49,591
2012-10-03,20,438,48,486
2012-10-03,21,193,14,207
2012-10-03,22,228,9,237
2012-10-03,23,197,21,218
2012-10-04,0,64,11,75
2012-10-04,1,23,2,25
2012-10-04,2,10,3,13
2012-10-04,3,6,5,11
2012-10-04,4,10,0,10
2012-10-04,5,37,2,39
2012-10-04,6,131,1,132
2012-10-04,7,378,12,390
2012-10-04,8,708,27,735
2012-10-04,9,317,40,357
2012-10-04,10,148,27,175
2012-10-04,11,174,38,212
2012-10-04,12,229,57,286
2012-10-04,13,228,63,291
2012-10-04,14,205,56,261
2012-10-04,15,247,77,324
2012-10-04,16,410,86,496
2012-10-04,17,782,112,894
2012-10-04,18,805,75,880
2012-10-04,19,462,67,529
2012-10-04,20,390,50,440
2012-10-04,21,284,33,317
2012-10-04,22,202,29,231
2012-10-04,23,134,18,152
2012-10-05,0,84,16,100
2012-10-05,1,43,3,46
2012-10-05,2,10,1,11
2012-10-05,3,10,5,15
2012-10-05,4,11,0,11
2012-10-05,5,40,0,40
2012-10-05,6,133,4,137
2012-10-05,7,415,11,426
2012-10-05,8,741,36,777
2012-10-05,9,320,58,378
2012-10-05,10,191,68,259
2012-10-05,11,212,90,302
2012-10-05,12,301,161,462
2012-10-05,13,303,117,420
2012-10-05,14,283,113,396
2012-10-05,15,318,150,468
2012-10-05,16,471,153,624
2012-10-05,17,736,158,894
2012-10-05,18,651,106,757
2012-10-05,19,420,67,487
2012-10-05,20,299,66,365
2012-10-05,21,218,47,265
2012-10-05,22,194,63,257
2012-10-05,23,143,23,166
2012-10-06,0,153,37,190
2012-10-06,1,111,25,136
2012-10-06,2,60,13,73
2012-10-06,3,50,2,52
2012-10-06,4,7,4,11
2012-10-06,5,8,2,10
2012-10-06,6,28,2,30
2012-10-06,7,68,13,81
2012-10-06,8,183,22,205
2012-10-06,9,263,130,393
2012-10-06,10,339,198,537
2012-10-06,11,383,258,641
2012-10-06,12,377,362,739
2012-10-06,13,394,310,704
2012-10-06,14,300,268,568
2012-10-06,15,338,280,618
2012-10-06,16,335,317,652
2012-10-06,17,331,268,599
2012-10-06,18,311,183,494
2012-10-06,19,235,102,337
2012-10-06,20,172,74,246
2012-10-06,21,135,78,213
2012-10-06,22,139,45,184
2012-10-06,23,139,37,176
2012-10-07,0,97,28,125
2012-10-07,1,78,29,107
2012-10-07,2,63,10,73
2012-10-07,3,17,5,22
2012-10-07,4,6,5,11
2012-10-07,5,8,2,10
2012-10-07,6,19,4,23
2012-10-07,7,29,6,35
2012-10-07,8,51,11,62
2012-10-07,9,66,16,82
2012-10-07,10,144,41,185
2012-10-07,11,253,76,329
2012-10-07,12,287,100,387
2012-10-07,13,235,80,315
2012-10-07,14,240,71,311
2012-10-07,15,229,74,303
2012-10-07,16,242,87,329
2012-10-07,17,120,34,154
2012-10-07,18,82,24,106
2012-10-07,19,95,17,112
2012-10-07,20,96,19,115
2012-10-07,21,91,22,113
2012-10-07,22,71,7,78
2012-10-07,23,64,12,76
2012-10-08,0,43,7,50
2012-10-08,1,33,2,35
2012-10-08,2,12,3,15
2012-10-08,3,8,2,10
2012-10-08,4,6,1,7
2012-10-08,5,16,2,18
2012-10-08,6,54,5,59
2012-10-08,7,149,3,152
2012-10-08,8,368,23,391
2012-10-08,9,269,59,328
2012-10-08,10,226,69,295
2012-10-08,11,235,72,307
2012-10-08,12,260,74,334
2012-10-08,13,321,82,403
2012-10-08,14,295,121,416
2012-10-08,15,292,76,368
2012-10-08,16,311,61,372
2012-10-08,17,414,81,495
2012-10-08,18,413,41,454
2012-10-08,19,326,38,364
2012-10-08,20,205,20,225
2012-10-08,21,132,17,149
2012-10-08,22,100,6,106
2012-10-08,23,60,9,69
2012-10-09,0,22,9,31
2012-10-09,1,12,0,12
2012-10-09,2,5,2,7
2012-10-09,3,3,0,3
2012-10-09,4,6,1,7
2012-10-09,5,19,0,19
2012-10-09,6,139,2,141
2012-10-09,7,356,5,361
2012-10-09,8,693,15,708
2012-10-09,9,342,37,379
2012-10-09,10,128,33,161
2012-10-09,11,153,37,190
2012-10-09,12,216,43,259
2012-10-09,13,183,54,237
2012-10-09,14,201,43,244
2012-10-09,15,194,59,253
2012-10-09,16,354,70,424
2012-10-09,17,729,73,802
2012-10-09,18,745,26,771
2012-10-09,19,476,31,507
2012-10-09,20,328,30,358
2012-10-09,21,206,16,222
2012-10-09,22,152,7,159
2012-10-09,23,74,8,82
2012-10-10,0,33,0,33
2012-10-10,1,6,2,8
2012-10-10,2,6,2,8
2012-10-10,3,6,0,6
2012-10-10,4,6,0,6
2012-10-10,5,38,2,40
2012-10-10,6,171,3,174
2012-10-10,7,493,9,502
2012-10-10,8,799,33,832
2012-10-10,9,323,35,358
2012-10-10,10,187,27,214
2012-10-10,11,236,53,289
2012-10-10,12,308,78,386
2012-10-10,13,234,60,294
2012-10-10,14,207,63,270
2012-10-10,15,259,58,317
2012-10-10,16,467,92,559
2012-10-10,17,854,91,945
2012-10-10,18,776,57,833
2012-10-10,19,526,32,558
2012-10-10,20,365,21,386
2012-10-10,21,250,18,268
2012-10-10,22,167,27,194
2012-10-10,23,115,17,132
2012-10-11,0,40,1,41
2012-10-11,1,10,1,11
2012-10-11,2,7,4,11
2012-10-11,3,3,0,3
2012-10-11,4,10,0,10
2012-10-11,5,42,0,42
2012-10-11,6,158,1,159
2012-10-11,7,465,11,476
2012-10-11,8,763,25,788
2012-10-11,9,324,27,351
2012-10-11,10,163,39,202
2012-10-11,11,174,76,250
2012-10-11,12,278,47,325
2012-10-11,13,243,48,291
2012-10-11,14,267,78,345
2012-10-11,15,354,102,456
2012-10-11,16,412,68,480
2012-10-11,17,727,90,817
2012-10-11,18,627,64,691
2012-10-11,19,654,80,734
2012-10-11,20,381,27,408
2012-10-11,21,231,24,255
2012-10-11,22,167,10,177
2012-10-11,23,176,10,186
2012-10-12,0,60,8,68
2012-10-12,1,27,8,35
2012-10-12,2,15,0,15
2012-10-12,3,6,0,6
2012-10-12,4,8,0,8
2012-10-12,5,31,2,33
2012-10-12,6,140,3,143
2012-10-12,7,378,8,386
2012-10-12,8,701,34,735
2012-10-12,9,369,26,395
2012-10-12,10,199,75,274
2012-10-12,11,248,61,309
2012-10-12,12,309,75,384
2012-10-12,13,300,81,381
2012-10-12,14,255,109,364
2012-10-12,15,313,138,451
2012-10-12,16,408,108,516
2012-10-12,17,704,131,835
2012-10-12,18,557,75,632
2012-10-12,19,449,40,489
2012-10-12,20,277,28,305
2012-10-12,21,164,21,185
2012-10-12,22,142,17,159
2012-10-12,23,88,11,99
2012-10-13,0,215,31,246
2012-10-13,1,118,23,141
2012-10-13,2,59,7,66
2012-10-13,3,13,2,15
2012-10-13,4,8,2,10
2012-10-13,5,11,0,11
2012-10-13,6,23,5,28
2012-10-13,7,59,10,69
2012-10-13,8,149,23,172
2012-10-13,9,218,46,264
2012-10-13,10,261,82,343
2012-10-13,11,332,192,524
2012-10-13,12,366,202,568
2012-10-13,13,433,235,668
2012-10-13,14,352,243,595
2012-10-13,15,354,250,604
2012-10-13,16,340,295,635
2012-10-13,17,330,193,523
2012-10-13,18,294,174,468
2012-10-13,19,256,73,329
2012-10-13,20,194,57,251
2012-10-13,21,150,47,197
2012-10-13,22,155,33,188
2012-10-13,23,98,27,125
2012-10-14,0,102,8,110
2012-10-14,1,95,16,111
2012-10-14,2,57,8,65
2012-10-14,3,24,3,27
2012-10-14,4,10,2,12
2012-10-14,5,6,5,11
2012-10-14,6,19,4,23
2012-10-14,7,43,7,50
2012-10-14,8,104,28,132
2012-10-14,9,161,61,222
2012-10-14,10,275,151,426
2012-10-14,11,330,156,486
2012-10-14,12,356,200,556
2012-10-14,13,393,218,611
2012-10-14,14,360,247,607
2012-10-14,15,347,213,560
2012-10-14,16,373,203,576
2012-10-14,17,339,193,532
2012-10-14,18,312,134,446
2012-10-14,19,261,68,329
2012-10-14,20,197,48,245
2012-10-14,21,154,40,194
2012-10-14,22,87,38,125
2012-10-14,23,76,27,103
2012-10-15,0,31,17,48
2012-10-15,1,24,5,29
2012-10-15,2,5,1,6
2012-10-15,3,2,2,4
2012-10-15,4,9,1,10
2012-10-15,5,38,2,40
2012-10-15,6,141,6,147
2012-10-15,7,455,15,470
2012-10-15,8,709,24,733
2012-10-15,9,324,31,355
2012-10-15,10,122,43,165
2012-10-15,11,173,88,261
2012-10-15,12,210,73,283
2012-10-15,13,108,37,145
2012-10-15,14,127,57,184
2012-10-15,15,189,70,259
2012-10-15,16,366,76,442
2012-10-15,17,662,96,758
2012-10-15,18,531,52,583
2012-10-15,19,227,12,239
2012-10-15,20,236,19,255
2012-10-15,21,189,16,205
2012-10-15,22,116,8,124
2012-10-15,23,72,9,81
2012-10-16,0,44,3,47
2012-10-16,1,9,4,13
2012-10-16,2,1,2,3
2012-10-16,3,2,0,2
2012-10-16,4,7,0,7
2012-10-16,5,47,5,52
2012-10-16,6,167,4,171
2012-10-16,7,500,20,520
2012-10-16,8,789,35,824
2012-10-16,9,318,32,350
2012-10-16,10,156,64,220
2012-10-16,11,171,56,227
2012-10-16,12,256,69,325
2012-10-16,13,256,68,324
2012-10-16,14,210,94,304
2012-10-16,15,268,76,344
2012-10-16,16,364,79,443
2012-10-16,17,834,104,938
2012-10-16,18,758,71,829
2012-10-16,19,486,40,526
2012-10-16,20,386,35,421
2012-10-16,21,174,19,193
2012-10-16,22,161,18,179
2012-10-16,23,176,23,199
2012-10-17,0,48,1,49
2012-10-17,1,14,3,17
2012-10-17,2,12,4,16
2012-10-17,3,7,0,7
2012-10-17,4,4,0,4
2012-10-17,5,39,2,41
2012-10-17,6,169,7,176
2012-10-17,7,445,15,460
2012-10-17,8,774,38,812
2012-10-17,9,341,37,378
2012-10-17,10,164,61,225
2012-10-17,11,156,78,234
2012-10-17,12,259,71,330
2012-10-17,13,236,73,309
2012-10-17,14,185,82,267
2012-10-17,15,238,62,300
2012-10-17,16,395,70,465
2012-10-17,17,761,122,883
2012-10-17,18,781,90,871
2012-10-17,19,466,49,515
2012-10-17,20,350,54,404
2012-10-17,21,295,28,323
2012-10-17,22,197,17,214
2012-10-17,23,84,15,99
2012-10-18,0,53,4,57
2012-10-18,1,14,0,14
2012-10-18,2,12,1,13
2012-10-18,3,5,0,5
2012-10-18,4,5,0,5
2012-10-18,5,40,1,41
2012-10-18,6,150,3,153
2012-10-18,7,482,20,502
2012-10-18,8,794,31,825
2012-10-18,9,343,41,384
2012-10-18,10,157,60,217
2012-10-18,11,187,79,266
2012-10-18,12,283,93,376
2012-10-18,13,231,96,327
2012-10-18,14,187,94,281
2012-10-18,15,281,69,350
2012-10-18,16,353,94,447
2012-10-18,17,786,102,888
2012-10-18,18,714,68,782
2012-10-18,19,465,42,507
2012-10-18,20,347,39,386
2012-10-18,21,240,38,278
2012-10-18,22,199,27,226
2012-10-18,23,108,6,114
2012-10-19,0,49,5,54
2012-10-19,1,12,4,16
2012-10-19,2,9,1,10
2012-10-19,3,4,0,4
2012-10-19,4,5,1,6
2012-10-19,5,33,1,34
2012-10-19,6,125,5,130
2012-10-19,7,148,5,153
2012-10-19,8,443,20,463
2012-10-19,9,361,26,387
2012-10-19,10,196,26,222
2012-10-19,11,209,41,250
2012-10-19,12,257,74,331
2012-10-19,13,274,87,361
2012-10-19,14,273,88,361
2012-10-19,15,294,93,387
2012-10-19,16,432,131,563
2012-10-19,17,369,48,417
2012-10-19,18,208,21,229
2012-10-19,19,209,19,228
2012-10-19,20,217,13,230
2012-10-19,21,187,17,204
2012-10-19,22,173,14,187
2012-10-19,23,118,13,131
2012-10-20,0,110,13,123
2012-10-20,1,90,2,92
2012-10-20,2,68,9,77
2012-10-20,3,27,3,30
2012-10-20,4,9,9,18
2012-10-20,5,7,6,13
2012-10-20,6,25,5,30
2012-10-20,7,59,6,65
2012-10-20,8,163,29,192
2012-10-20,9,256,106,362
2012-10-20,10,309,111,420
2012-10-20,11,403,204,607
2012-10-20,12,427,267,694
2012-10-20,13,431,272,703
2012-10-20,14,373,335,708
2012-10-20,15,397,308,705
2012-10-20,16,361,325,686
2012-10-20,17,381,346,727
2012-10-20,18,350,165,515
2012-10-20,19,263,77,340
2012-10-20,20,194,61,255
2012-10-20,21,222,72,294
2012-10-20,22,154,47,201
2012-10-20,23,135,27,162
2012-10-21,0,116,35,151
2012-10-21,1,96,20,116
2012-10-21,2,87,44,131
2012-10-21,3,29,12,41
2012-10-21,4,12,8,20
2012-10-21,5,4,6,10
2012-10-21,6,17,8,25
2012-10-21,7,43,13,56
2012-10-21,8,102,39,141
2012-10-21,9,191,77,268
2012-10-21,10,269,166,435
2012-10-21,11,350,191,541
2012-10-21,12,435,236,671
2012-10-21,13,373,243,616
2012-10-21,14,405,235,640
2012-10-21,15,380,240,620
2012-10-21,16,404,181,585
2012-10-21,17,333,154,487
2012-10-21,18,336,71,407
2012-10-21,19,211,50,261
2012-10-21,20,159,35,194
2012-10-21,21,124,42,166
2012-10-21,22,95,18,113
2012-10-21,23,57,7,64
2012-10-22,0,26,3,29
2012-10-22,1,11,0,11
2012-10-22,2,4,1,5
2012-10-22,3,5,1,6
2012-10-22,4,6,1,7
2012-10-22,5,43,2,45
2012-10-22,6,139,4,143
2012-10-22,7,433,15,448
2012-10-22,8,690,32,722
2012-10-22,9,328,25,353
2012-10-22,10,154,51,205
2012-10-22,11,146,63,209
2012-10-22,12,231,52,283
2012-10-22,13,225,88,313
2012-10-22,14,208,73,281
2012-10-22,15,218,74,292
2012-10-22,16,441,80,521
2012-10-22,17,832,84,916
2012-10-22,18,726,60,786
2012-10-22,19,468,36,504
2012-10-22,20,378,21,399
2012-10-22,21,154,19,173
2012-10-22,22,158,25,183
2012-10-22,23,142,20,162
2012-10-23,0,32,5,37
2012-10-23,1,16,1,17
2012-10-23,2,6,1,7
2012-10-23,3,1,0,1
2012-10-23,4,6,1,7
2012-10-23,5,49,1,50
2012-10-23,6,150,6,156
2012-10-23,7,516,12,528
2012-10-23,8,732,27,759
2012-10-23,9,302,29,331
2012-10-23,10,168,50,218
2012-10-23,11,197,52,249
2012-10-23,12,293,80,373
2012-10-23,13,243,59,302
2012-10-23,14,224,66,290
2012-10-23,15,268,77,345
2012-10-23,16,426,108,534
2012-10-23,17,864,67,931
2012-10-23,18,749,64,813
2012-10-23,19,454,25,479
2012-10-23,20,333,45,378
2012-10-23,21,254,35,289
2012-10-23,22,173,20,193
2012-10-23,23,102,8,110
2012-10-24,0,39,7,46
2012-10-24,1,21,4,25
2012-10-24,2,6,0,6
2012-10-24,3,4,0,4
2012-10-24,4,5,1,6
2012-10-24,5,52,1,53
2012-10-24,6,160,11,171
2012-10-24,7,506,20,526
2012-10-24,8,772,24,796
2012-10-24,9,344,24,368
2012-10-24,10,141,29,170
2012-10-24,11,189,47,236
2012-10-24,12,265,48,313
2012-10-24,13,238,65,303
2012-10-24,14,231,64,295
2012-10-24,15,242,63,305
2012-10-24,16,461,67,528
2012-10-24,17,870,87,957
2012-10-24,18,790,63,853
2012-10-24,19,517,50,567
2012-10-24,20,393,45,438
2012-10-24,21,273,33,306
2012-10-24,22,207,30,237
2012-10-24,23,109,12,121
2012-10-25,0,57,19,76
2012-10-25,1,21,6,27
2012-10-25,2,15,3,18
2012-10-25,3,8,0,8
2012-10-25,4,4,1,5
2012-10-25,5,51,2,53
2012-10-25,6,167,3,170
2012-10-25,7,473,18,491
2012-10-25,8,741,33,774
2012-10-25,9,317,23,340
2012-10-25,10,170,53,223
2012-10-25,11,180,57,237
2012-10-25,12,255,61,316
2012-10-25,13,264,49,313
2012-10-25,14,212,71,283
2012-10-25,15,239,63,302
2012-10-25,16,405,92,497
2012-10-25,17,767,112,879
2012-10-25,18,722,76,798
2012-10-25,19,494,45,539
2012-10-25,20,314,28,342
2012-10-25,21,243,24,267
2012-10-25,22,183,22,205
2012-10-25,23,121,13,134
2012-10-26,0,63,6,69
2012-10-26,1,31,4,35
2012-10-26,2,15,4,19
2012-10-26,3,8,5,13
2012-10-26,4,4,1,5
2012-10-26,5,45,3,48
2012-10-26,6,141,2,143
2012-10-26,7,406,13,419
2012-10-26,8,708,20,728
2012-10-26,9,343,56,399
2012-10-26,10,156,41,197
2012-10-26,11,220,68,288
2012-10-26,12,302,90,392
2012-10-26,13,256,77,333
2012-10-26,14,250,99,349
2012-10-26,15,306,142,448
2012-10-26,16,439,136,575
2012-10-26,17,681,126,807
2012-10-26,18,577,81,658
2012-10-26,19,391,72,463
2012-10-26,20,266,40,306
2012-10-26,21,245,39,284
2012-10-26,22,178,37,215
2012-10-26,23,154,19,173
2012-10-27,0,131,10,141
2012-10-27,1,121,23,144
2012-10-27,2,70,19,89
2012-10-27,3,21,5,26
2012-10-27,4,12,1,13
2012-10-27,5,7,2,9
2012-10-27,6,29,2,31
2012-10-27,7,78,7,85
2012-10-27,8,185,26,211
2012-10-27,9,237,88,325
2012-10-27,10,311,165,476
2012-10-27,11,382,197,579
2012-10-27,12,399,264,663
2012-10-27,13,445,310,755
2012-10-27,14,412,325,737
2012-10-27,15,396,310,706
2012-10-27,16,353,255,608
2012-10-27,17,359,248,607
2012-10-27,18,314,138,452
2012-10-27,19,229,67,296
2012-10-27,20,232,58,290
2012-10-27,21,157,49,206
2012-10-27,22,116,41,157
2012-10-27,23,132,31,163
2012-10-28,0,95,20,115
2012-10-28,1,111,22,133
2012-10-28,2,98,17,115
2012-10-28,3,58,18,76
2012-10-28,4,19,1,20
2012-10-28,5,22,6,28
2012-10-28,6,32,7,39
2012-10-28,7,46,17,63
2012-10-28,8,119,55,174
2012-10-28,9,204,124,328
2012-10-28,10,308,120,428
2012-10-28,11,349,110,459
2012-10-28,12,365,118,483
2012-10-28,13,315,75,390
2012-10-28,14,297,98,395
2012-10-28,15,222,76,298
2012-10-28,16,246,42,288
2012-10-28,17,185,37,222
2012-10-28,18,134,18,152
2012-10-28,19,46,7,53
2012-10-28,20,51,4,55
2012-10-28,21,42,2,44
2012-10-28,22,35,2,37
2012-10-28,23,12,2,14
2012-10-29,0,19,2,21
2012-10-30,13,102,11,113
2012-10-30,14,114,8,122
2012-10-30,15,111,10,121
2012-10-30,16,81,15,96
2012-10-30,17,104,19,123
2012-10-30,18,138,4,142
2012-10-30,19,109,6,115
2012-10-30,20,76,5,81
2012-10-30,21,59,4,63
2012-10-30,22,64,2,66
2012-10-30,23,35,3,38
2012-10-31,0,15,0,15
2012-10-31,1,7,0,7
2012-10-31,2,7,0,7
2012-10-31,3,3,0,3
2012-10-31,4,5,0,5
2012-10-31,5,24,0,24
2012-10-31,6,114,0,114
2012-10-31,7,330,3,333
2012-10-31,8,607,6,613
2012-10-31,9,278,17,295
2012-10-31,10,146,21,167
2012-10-31,11,150,37,187
2012-10-31,12,195,44,239
2012-10-31,13,187,22,209
2012-10-31,14,177,45,222
2012-10-31,15,197,33,230
2012-10-31,16,371,51,422
2012-10-31,17,678,39,717
2012-10-31,18,552,28,580
2012-10-31,19,377,27,404
2012-10-31,20,257,9,266
2012-10-31,21,177,12,189
2012-10-31,22,144,18,162
2012-10-31,23,94,7,101
2012-11-01,0,51,8,59
2012-11-01,1,21,8,29
2012-11-01,2,10,8,18
2012-11-01,3,10,5,15
2012-11-01,4,8,2,10
2012-11-01,5,39,1,40
2012-11-01,6,145,2,147
2012-11-01,7,410,6,416
2012-11-01,8,663,12,675
2012-11-01,9,306,21,327
2012-11-01,10,132,13,145
2012-11-01,11,155,14,169
2012-11-01,12,198,23,221
2012-11-01,13,196,49,245
2012-11-01,14,154,31,185
2012-11-01,15,178,35,213
2012-11-01,16,310,31,341
2012-11-01,17,648,37,685
2012-11-01,18,624,50,674
2012-11-01,19,418,28,446
2012-11-01,20,275,16,291
2012-11-01,21,236,29,265
2012-11-01,22,173,27,200
2012-11-01,23,108,8,116
2012-11-02,0,40,10,50
2012-11-02,1,18,5,23
2012-11-02,2,7,3,10
2012-11-02,3,3,0,3
2012-11-02,4,6,1,7
2012-11-02,5,25,1,26
2012-11-02,6,118,2,120
2012-11-02,7,347,8,355
2012-11-02,8,653,30,683
2012-11-02,9,351,27,378
2012-11-02,10,182,21,203
2012-11-02,11,177,42,219
2012-11-02,12,238,52,290
2012-11-02,13,226,64,290
2012-11-02,14,198,63,261
2012-11-02,15,253,51,304
2012-11-02,16,370,48,418
2012-11-02,17,576,57,633
2012-11-02,18,485,32,517
2012-11-02,19,331,38,369
2012-11-02,20,202,14,216
2012-11-02,21,131,23,154
2012-11-02,22,134,14,148
2012-11-02,23,107,11,118
2012-11-03,0,96,9,105
2012-11-03,1,80,6,86
2012-11-03,2,36,10,46
2012-11-03,3,22,6,28
2012-11-03,4,8,8,16
2012-11-03,5,8,1,9
2012-11-03,6,17,4,21
2012-11-03,7,58,1,59
2012-11-03,8,131,10,141
2012-11-03,9,186,31,217
2012-11-03,10,257,68,325
2012-11-03,11,280,56,336
2012-11-03,12,310,74,384
2012-11-03,13,337,110,447
2012-11-03,14,317,136,453
2012-11-03,15,326,117,443
2012-11-03,16,289,108,397
2012-11-03,17,292,112,404
2012-11-03,18,239,58,297
2012-11-03,19,215,22,237
2012-11-03,20,156,23,179
2012-11-03,21,134,31,165
2012-11-03,22,133,13,146
2012-11-03,23,131,15,146
2012-11-04,0,96,5,101
2012-11-04,1,136,26,162
2012-11-04,2,31,6,37
2012-11-04,3,10,1,11
2012-11-04,4,7,2,9
2012-11-04,5,5,0,5
2012-11-04,6,14,2,16
2012-11-04,7,38,11,49
2012-11-04,8,114,34,148
2012-11-04,9,160,56,216
2012-11-04,10,285,73,358
2012-11-04,11,307,134,441
2012-11-04,12,350,150,500
2012-11-04,13,367,122,489
2012-11-04,14,355,149,504
2012-11-04,15,298,149,447
2012-11-04,16,310,119,429
2012-11-04,17,267,57,324
2012-11-04,18,203,31,234
2012-11-04,19,200,25,225
2012-11-04,20,132,7,139
2012-11-04,21,69,16,85
2012-11-04,22,63,15,78
2012-11-04,23,41,12,53
2012-11-05,0,20,3,23
2012-11-05,1,8,1,9
2012-11-05,2,4,3,7
2012-11-05,3,3,1,4
2012-11-05,4,10,5,15
2012-11-05,5,38,1,39
2012-11-05,6,135,4,139
2012-11-05,7,448,8,456
2012-11-05,8,626,19,645
2012-11-05,9,234,18,252
2012-11-05,10,110,30,140
2012-11-05,11,119,31,150
2012-11-05,12,204,38,242
2012-11-05,13,183,39,222
2012-11-05,14,163,31,194
2012-11-05,15,206,24,230
2012-11-05,16,319,35,354
2012-11-05,17,600,34,634
2012-11-05,18,514,19,533
2012-11-05,19,358,11,369
2012-11-05,20,223,13,236
2012-11-05,21,143,8,151
2012-11-05,22,110,4,114
2012-11-05,23,51,0,51
2012-11-06,0,18,1,19
2012-11-06,1,8,0,8
2012-11-06,2,2,0,2
2012-11-06,3,4,0,4
2012-11-06,4,7,0,7
2012-11-06,5,39,1,40
2012-11-06,6,140,6,146
2012-11-06,7,377,9,386
2012-11-06,8,565,20,585
2012-11-06,9,334,25,359
2012-11-06,10,189,41,230
2012-11-06,11,175,39,214
2012-11-06,12,216,31,247
2012-11-06,13,229,46,275
2012-11-06,14,195,44,239
2012-11-06,15,224,45,269
2012-11-06,16,365,33,398
2012-11-06,17,591,30,621
2012-11-06,18,473,20,493
2012-11-06,19,351,15,366
2012-11-06,20,216,10,226
2012-11-06,21,137,14,151
2012-11-06,22,134,17,151
2012-11-06,23,184,19,203
2012-11-07,0,229,49,278
2012-11-07,1,85,6,91
2012-11-07,2,66,6,72
2012-11-07,3,9,2,11
2012-11-07,4,9,0,9
2012-11-07,5,27,0,27
2012-11-07,6,114,3,117
2012-11-07,7,314,5,319
2012-11-07,8,581,18,599
2012-11-07,9,350,17,367
2012-11-07,10,151,27,178
2012-11-07,11,130,15,145
2012-11-07,12,186,24,210
2012-11-07,13,156,23,179
2012-11-07,14,140,19,159
2012-11-07,15,176,20,196
2012-11-07,16,247,23,270
2012-11-07,17,500,16,516
2012-11-07,18,444,17,461
2012-11-07,19,299,17,316
2012-11-07,20,247,7,254
2012-11-07,21,118,5,123
2012-11-07,22,54,4,58
2012-11-07,23,36,3,39
2012-11-08,0,13,1,14
2012-11-08,1,10,1,11
2012-11-08,2,5,1,6
2012-11-08,4,9,1,10
2012-11-08,5,35,0,35
2012-11-08,6,121,2,123
2012-11-08,7,407,12,419
2012-11-08,8,650,16,666
2012-11-08,9,249,22,271
2012-11-08,10,148,13,161
2012-11-08,11,154,16,170
2012-11-08,12,199,33,232
2012-11-08,13,195,33,228
2012-11-08,14,147,33,180
2012-11-08,15,201,32,233
2012-11-08,16,318,18,336
2012-11-08,17,551,36,587
2012-11-08,18,489,16,505
2012-11-08,19,357,14,371
2012-11-08,20,234,10,244
2012-11-08,21,217,11,228
2012-11-08,22,143,14,157
2012-11-08,23,82,5,87
2012-11-09,0,45,9,54
2012-11-09,1,17,3,20
2012-11-09,2,11,1,12
2012-11-09,3,6,3,9
2012-11-09,4,13,0,13
2012-11-09,5,24,2,26
2012-11-09,6,124,5,129
2012-11-09,7,331,9,340
2012-11-09,8,661,25,686
2012-11-09,9,302,23,325
2012-11-09,10,162,34,196
2012-11-09,11,185,66,251
2012-11-09,12,213,48,261
2012-11-09,13,235,62,297
2012-11-09,14,203,67,270
2012-11-09,15,274,78,352
2012-11-09,16,375,57,432
2012-11-09,17,589,61,650
2012-11-09,18,447,46,493
2012-11-09,19,328,30,358
2012-11-09,20,234,20,254
2012-11-09,21,173,23,196
2012-11-09,22,143,17,160
2012-11-09,23,142,20,162
2012-11-10,0,104,16,120
2012-11-10,1,68,8,76
2012-11-10,2,41,2,43
2012-11-10,3,11,9,20
2012-11-10,4,4,2,6
2012-11-10,5,9,1,10
2012-11-10,6,11,5,16
2012-11-10,7,55,14,69
2012-11-10,8,129,16,145
2012-11-10,9,215,43,258
2012-11-10,10,260,86,346
2012-11-10,11,321,143,464
2012-11-10,12,341,257,598
2012-11-10,13,376,268,644
2012-11-10,14,345,279,624
2012-11-10,15,346,216,562
2012-11-10,16,371,227,598
2012-11-10,17,316,183,499
2012-11-10,18,250,103,353
2012-11-10,19,227,55,282
2012-11-10,20,149,39,188
2012-11-10,21,168,51,219
2012-11-10,22,153,39,192
2012-11-10,23,120,26,146
2012-11-11,0,105,14,119
2012-11-11,1,78,27,105
2012-11-11,2,57,12,69
2012-11-11,3,36,9,45
2012-11-11,4,6,5,11
2012-11-11,5,12,0,12
2012-11-11,6,16,3,19
2012-11-11,7,55,12,67
2012-11-11,8,87,32,119
2012-11-11,9,177,94,271
2012-11-11,10,266,133,399
2012-11-11,11,316,180,496
2012-11-11,12,385,195,580
2012-11-11,13,417,262,679
2012-11-11,14,360,292,652
2012-11-11,15,414,303,717
2012-11-11,16,390,261,651
2012-11-11,17,338,151,489
2012-11-11,18,301,102,403
2012-11-11,19,206,69,275
2012-11-11,20,141,54,195
2012-11-11,21,124,44,168
2012-11-11,22,108,21,129
2012-11-11,23,92,16,108
2012-11-12,0,43,6,49
2012-11-12,1,24,4,28
2012-11-12,2,13,6,19
2012-11-12,3,3,1,4
2012-11-12,4,3,1,4
2012-11-12,5,22,1,23
2012-11-12,6,62,7,69
2012-11-12,7,244,16,260
2012-11-12,8,488,50,538
2012-11-12,9,333,60,393
2012-11-12,10,182,82,264
2012-11-12,11,251,113,364
2012-11-12,12,311,105,416
2012-11-12,13,309,108,417
2012-11-12,14,307,134,441
2012-11-12,15,279,102,381
2012-11-12,16,343,87,430
2012-11-12,17,529,66,595
2012-11-12,18,480,65,545
2012-11-12,19,316,30,346
2012-11-12,20,273,31,304
2012-11-12,21,145,10,155
2012-11-12,22,98,12,110
2012-11-12,23,62,1,63
2012-11-13,0,16,5,21
2012-11-13,1,5,0,5
2012-11-13,2,4,7,11
2012-11-13,3,3,2,5
2012-11-13,4,9,0,9
2012-11-13,5,18,0,18
2012-11-13,6,48,2,50
2012-11-13,7,106,1,107
2012-11-13,8,205,4,209
2012-11-13,9,109,1,110
2012-11-13,10,83,10,93
2012-11-13,11,131,22,153
2012-11-13,12,176,16,192
2012-11-13,13,187,30,217
2012-11-13,14,166,34,200
2012-11-13,15,180,33,213
2012-11-13,16,278,28,306
2012-11-13,17,574,33,607
2012-11-13,18,512,45,557
2012-11-13,19,342,12,354
2012-11-13,20,209,12,221
2012-11-13,21,176,9,185
2012-11-13,22,119,15,134
2012-11-13,23,77,6,83
2012-11-14,0,20,4,24
2012-11-14,1,9,2,11
2012-11-14,2,1,0,1
2012-11-14,3,5,0,5
2012-11-14,4,6,0,6
2012-11-14,5,38,0,38
2012-11-14,6,142,4,146
2012-11-14,7,401,10,411
2012-11-14,8,656,27,683
2012-11-14,9,306,22,328
2012-11-14,10,151,18,169
2012-11-14,11,126,25,151
2012-11-14,12,199,40,239
2012-11-14,13,178,32,210
2012-11-14,14,161,20,181
2012-11-14,15,227,32,259
2012-11-14,16,289,31,320
2012-11-14,17,554,19,573
2012-11-14,18,535,24,559
2012-11-14,19,363,28,391
2012-11-14,20,249,15,264
2012-11-14,21,205,5,210
2012-11-14,22,165,6,171
2012-11-14,23,78,9,87
2012-11-15,0,33,1,34
2012-11-15,1,12,2,14
2012-11-15,2,7,0,7
2012-11-15,3,2,0,2
2012-11-15,4,5,0,5
2012-11-15,5,34,3,37
2012-11-15,6,144,1,145
2012-11-15,7,401,7,408
2012-11-15,8,621,21,642
2012-11-15,9,303,17,320
2012-11-15,10,141,11,152
2012-11-15,11,137,28,165
2012-11-15,12,183,29,212
2012-11-15,13,196,20,216
2012-11-15,14,170,27,197
2012-11-15,15,191,26,217
2012-11-15,16,315,24,339
2012-11-15,17,535,22,557
2012-11-15,18,558,10,568
2012-11-15,19,371,11,382
2012-11-15,20,256,23,279
2012-11-15,21,201,20,221
2012-11-15,22,141,10,151
2012-11-15,23,117,7,124
2012-11-16,0,58,7,65
2012-11-16,1,16,5,21
2012-11-16,2,8,0,8
2012-11-16,3,5,0,5
2012-11-16,4,5,0,5
2012-11-16,5,34,2,36
2012-11-16,6,123,4,127
2012-11-16,7,358,5,363
2012-11-16,8,687,17,704
2012-11-16,9,324,21,345
2012-11-16,10,161,33,194
2012-11-16,11,183,33,216
2012-11-16,12,259,28,287
2012-11-16,13,223,52,275
2012-11-16,14,202,47,249
2012-11-16,15,233,30,263
2012-11-16,16,348,33,381
2012-11-16,17,535,41,576
2012-11-16,18,482,22,504
2012-11-16,19,303,26,329
2012-11-16,20,204,20,224
2012-11-16,21,156,21,177
2012-11-16,22,138,23,161
2012-11-16,23,113,14,127
2012-11-17,0,94,11,105
2012-11-17,1,73,13,86
2012-11-17,2,41,8,49
2012-11-17,3,19,2,21
2012-11-17,4,6,1,7
2012-11-17,5,10,1,11
2012-11-17,6,21,0,21
2012-11-17,7,69,8,77
2012-11-17,8,137,30,167
2012-11-17,9,197,48,245
2012-11-17,10,256,62,318
2012-11-17,11,338,80,418
2012-11-17,12,356,117,473
2012-11-17,13,344,179,523
2012-11-17,14,376,175,551
2012-11-17,15,370,175,545
2012-11-17,16,325,144,469
2012-11-17,17,297,101,398
2012-11-17,18,233,34,267
2012-11-17,19,206,45,251
2012-11-17,20,141,30,171
2012-11-17,21,121,15,136
2012-11-17,22,126,15,141
2012-11-17,23,113,19,132
2012-11-18,0,117,11,128
2012-11-18,1,81,14,95
2012-11-18,2,64,8,72
2012-11-18,3,37,9,46
2012-11-18,4,8,4,12
2012-11-18,5,7,5,12
2012-11-18,6,13,2,15
2012-11-18,7,39,3,42
2012-11-18,8,98,19,117
2012-11-18,9,154,49,203
2012-11-18,10,245,79,324
2012-11-18,11,263,92,355
2012-11-18,12,339,101,440
2012-11-18,13,332,113,445
2012-11-18,14,298,125,423
2012-11-18,15,314,89,403
2012-11-18,16,312,59,371
2012-11-18,17,232,48,280
2012-11-18,18,239,36,275
2012-11-18,19,193,16,209
2012-11-18,20,119,9,128
2012-11-18,21,92,17,109
2012-11-18,22,66,8,74
2012-11-18,23,53,6,59
2012-11-19,0,22,5,27
2012-11-19,1,19,0,19
2012-11-19,2,5,0,5
2012-11-19,3,2,0,2
2012-11-19,4,10,1,11
2012-11-19,5,38,1,39
2012-11-19,6,128,3,131
2012-11-19,7,381,5,386
2012-11-19,8,647,13,660
2012-11-19,9,259,18,277
2012-11-19,10,102,33,135
2012-11-19,11,159,33,192
2012-11-19,12,206,35,241
2012-11-19,13,202,46,248
2012-11-19,14,169,47,216
2012-11-19,15,213,44,257
2012-11-19,16,318,55,373
2012-11-19,17,581,33,614
2012-11-19,18,552,21,573
2012-11-19,19,377,25,402
2012-11-19,20,252,7,259
2012-11-19,21,186,15,201
2012-11-19,22,105,7,112
2012-11-19,23,71,2,73
2012-11-20,0,25,3,28
2012-11-20,1,10,3,13
2012-11-20,2,5,0,5
2012-11-20,3,2,0,2
2012-11-20,4,6,0,6
2012-11-20,5,32,2,34
2012-11-20,6,145,2,147
2012-11-20,7,409,7,416
2012-11-20,8,642,16,658
2012-11-20,9,292,28,320
2012-11-20,10,143,32,175
2012-11-20,11,157,45,202
2012-11-20,12,243,70,313
2012-11-20,13,216,49,265
2012-11-20,14,176,47,223
2012-11-20,15,225,61,286
2012-11-20,16,332,60,392
2012-11-20,17,547,37,584
2012-11-20,18,531,16,547
2012-11-20,19,354,23,377
2012-11-20,20,218,11,229
2012-11-20,21,142,14,156
2012-11-20,22,115,7,122
2012-11-20,23,82,1,83
2012-11-21,0,25,1,26
2012-11-21,1,12,1,13
2012-11-21,2,7,2,9
2012-11-21,3,2,0,2
2012-11-21,4,10,0,10
2012-11-21,5,28,1,29
2012-11-21,6,97,2,99
2012-11-21,7,256,11,267
2012-11-21,8,534,12,546
2012-11-21,9,315,45,360
2012-11-21,10,149,22,171
2012-11-21,11,197,43,240
2012-11-21,12,267,74,341
2012-11-21,13,293,70,363
2012-11-21,14,328,84,412
2012-11-21,15,375,68,443
2012-11-21,16,407,59,466
2012-11-21,17,331,41,372
2012-11-21,18,287,24,311
2012-11-21,19,216,23,239
2012-11-21,20,124,11,135
2012-11-21,21,96,8,104
2012-11-21,22,80,6,86
2012-11-21,23,50,7,57
2012-11-22,0,42,3,45
2012-11-22,1,37,5,42
2012-11-22,2,15,3,18
2012-11-22,3,5,0,5
2012-11-22,4,2,1,3
2012-11-22,5,6,2,8
2012-11-22,6,14,2,16
2012-11-22,7,49,7,56
2012-11-22,8,76,20,96
2012-11-22,9,93,25,118
2012-11-22,10,152,65,217
2012-11-22,11,140,89,229
2012-11-22,12,142,117,259
2012-11-22,13,142,124,266
2012-11-22,14,90,124,214
2012-11-22,15,94,133,227
2012-11-22,16,77,101,178
2012-11-22,17,43,66,109
2012-11-22,18,54,16,70
2012-11-22,19,30,13,43
2012-11-22,20,36,15,51
2012-11-22,21,37,7,44
2012-11-22,22,35,8,43
2012-11-22,23,28,8,36
2012-11-23,0,31,0,31
2012-11-23,1,11,2,13
2012-11-23,2,4,1,5
2012-11-23,3,0,1,1
2012-11-23,4,3,1,4
2012-11-23,5,10,0,10
2012-11-23,6,20,0,20
2012-11-23,7,71,5,76
2012-11-23,8,83,11,94
2012-11-23,9,80,32,112
2012-11-23,10,109,87,196
2012-11-23,11,122,121,243
2012-11-23,12,188,185,373
2012-11-23,13,197,225,422
2012-11-23,14,193,239,432
2012-11-23,15,213,233,446
2012-11-23,16,192,158,350
2012-11-23,17,182,117,299
2012-11-23,18,154,50,204
2012-11-23,19,120,33,153
2012-11-23,20,98,42,140
2012-11-23,21,73,23,96
2012-11-23,22,61,16,77
2012-11-23,23,47,20,67
2012-11-24,0,33,9,42
2012-11-24,1,19,1,20
2012-11-24,2,22,10,32
2012-11-24,3,5,6,11
2012-11-24,4,2,1,3
2012-11-24,5,2,1,3
2012-11-24,6,9,1,10
2012-11-24,7,21,4,25
2012-11-24,8,55,7,62
2012-11-24,9,93,26,119
2012-11-24,10,94,46,140
2012-11-24,11,130,55,185
2012-11-24,12,144,53,197
2012-11-24,13,161,64,225
2012-11-24,14,148,58,206
2012-11-24,15,137,59,196
2012-11-24,16,125,43,168
2012-11-24,17,95,29,124
2012-11-24,18,122,22,144
2012-11-24,19,74,9,83
2012-11-24,20,54,3,57
2012-11-24,21,65,9,74
2012-11-24,22,69,7,76
2012-11-24,23,48,9,57
2012-11-25,0,30,3,33
2012-11-25,1,31,4,35
2012-11-25,2,27,1,28
2012-11-25,3,8,0,8
2012-11-25,4,1,1,2
2012-11-25,5,3,0,3
2012-11-25,6,10,1,11
2012-11-25,7,19,2,21
2012-11-25,8,32,2,34
2012-11-25,9,83,13,96
2012-11-25,10,124,15,139
2012-11-25,11,152,49,201
2012-11-25,12,161,37,198
2012-11-25,13,158,37,195
2012-11-25,14,167,32,199
2012-11-25,15,206,37,243
2012-11-25,16,201,25,226
2012-11-25,17,167,11,178
2012-11-25,18,132,9,141
2012-11-25,19,114,13,127
2012-11-25,20,109,9,118
2012-11-25,21,60,4,64
2012-11-25,22,59,3,62
2012-11-25,23,39,1,40
2012-11-26,0,18,4,22
2012-11-26,1,8,1,9
2012-11-26,2,4,0,4
2012-11-26,3,4,1,5
2012-11-26,4,10,0,10
2012-11-26,5,40,0,40
2012-11-26,6,121,1,122
2012-11-26,7,361,2,363
2012-11-26,8,622,9,631
2012-11-26,9,274,10,284
2012-11-26,10,127,20,147
2012-11-26,11,109,18,127
2012-11-26,12,188,22,210
2012-11-26,13,192,20,212
2012-11-26,14,176,51,227
2012-11-26,15,178,49,227
2012-11-26,16,297,49,346
2012-11-26,17,538,13,551
2012-11-26,18,497,19,516
2012-11-26,19,352,16,368
2012-11-26,20,262,12,274
2012-11-26,21,168,9,177
2012-11-26,22,100,3,103
2012-11-26,23,57,8,65
2012-11-27,0,24,2,26
2012-11-27,1,6,0,6
2012-11-27,2,5,0,5
2012-11-27,3,3,1,4
2012-11-27,4,5,0,5
2012-11-27,5,31,0,31
2012-11-27,6,97,3,100
2012-11-27,7,288,4,292
2012-11-27,8,490,6,496
2012-11-27,9,254,11,265
2012-11-27,10,51,5,56
2012-11-27,11,57,6,63
2012-11-27,12,69,6,75
2012-11-27,13,72,4,76
2012-11-27,14,86,8,94
2012-11-27,15,145,9,154
2012-11-27,16,251,5,256
2012-11-27,17,512,13,525
2012-11-27,18,466,13,479
2012-11-27,19,333,12,345
2012-11-27,20,228,4,232
2012-11-27,21,177,6,183
2012-11-27,22,93,2,95
2012-11-27,23,64,3,67
2012-11-28,0,22,1,23
2012-11-28,1,12,0,12
2012-11-28,2,1,0,1
2012-11-28,3,3,0,3
2012-11-28,4,4,0,4
2012-11-28,5,39,0,39
2012-11-28,6,132,4,136
2012-11-28,7,402,6,408
2012-11-28,8,683,9,692
2012-11-28,9,307,13,320
2012-11-28,10,143,17,160
2012-11-28,11,127,19,146
2012-11-28,12,186,19,205
2012-11-28,13,193,21,214
2012-11-28,14,160,15,175
2012-11-28,15,171,7,178
2012-11-28,16,315,9,324
2012-11-28,17,545,17,562
2012-11-28,18,529,12,541
2012-11-28,19,377,9,386
2012-11-28,20,258,5,263
2012-11-28,21,218,4,222
2012-11-28,22,148,6,154
2012-11-28,23,72,5,77
2012-11-29,0,25,4,29
2012-11-29,1,15,1,16
2012-11-29,2,6,1,7
2012-11-29,4,7,0,7
2012-11-29,5,42,0,42
2012-11-29,6,120,1,121
2012-11-29,7,353,8,361
2012-11-29,8,655,15,670
2012-11-29,9,287,13,300
2012-11-29,10,150,25,175
2012-11-29,11,146,13,159
2012-11-29,12,223,11,234
2012-11-29,13,209,15,224
2012-11-29,14,172,13,185
2012-11-29,15,198,19,217
2012-11-29,16,345,24,369
2012-11-29,17,535,17,552
2012-11-29,18,517,17,534
2012-11-29,19,324,18,342
2012-11-29,20,239,11,250
2012-11-29,21,199,7,206
2012-11-29,22,146,4,150
2012-11-29,23,123,6,129
2012-11-30,0,48,4,52
2012-11-30,1,17,2,19
2012-11-30,2,10,2,12
2012-11-30,3,4,0,4
2012-11-30,4,3,0,3
2012-11-30,5,39,1,40
2012-11-30,6,104,2,106
2012-11-30,7,344,6,350
2012-11-30,8,705,20,725
2012-11-30,9,308,17,325
2012-11-30,10,159,10,169
2012-11-30,11,167,31,198
2012-11-30,12,240,25,265
2012-11-30,13,237,21,258
2012-11-30,14,222,26,248
2012-11-30,15,260,34,294
2012-11-30,16,365,37,402
2012-11-30,17,543,31,574
2012-11-30,18,484,20,504
2012-11-30,19,357,18,375
2012-11-30,20,231,12,243
2012-11-30,21,166,14,180
2012-11-30,22,143,18,161
2012-11-30,23,99,11,110
2012-12-01,0,99,9,108
2012-12-01,1,63,5,68
2012-12-01,2,46,3,49
2012-12-01,3,14,1,15
2012-12-01,4,4,0,4
2012-12-01,5,12,1,13
2012-12-01,6,20,7,27
2012-12-01,7,55,7,62
2012-12-01,8,132,11,143
2012-12-01,9,158,34,192
2012-12-01,10,212,45,257
2012-12-01,11,315,74,389
2012-12-01,12,325,119,444
2012-12-01,13,384,123,507
2012-12-01,14,364,108,472
2012-12-01,15,364,113,477
2012-12-01,16,347,89,436
2012-12-01,17,265,50,315
2012-12-01,18,255,42,297
2012-12-01,19,214,30,244
2012-12-01,20,166,28,194
2012-12-01,21,133,23,156
2012-12-01,22,126,17,143
2012-12-01,23,114,10,124
2012-12-02,0,107,9,116
2012-12-02,1,82,11,93
2012-12-02,2,72,2,74
2012-12-02,3,21,4,25
2012-12-02,4,6,1,7
2012-12-02,5,6,1,7
2012-12-02,6,15,1,16
2012-12-02,7,26,5,31
2012-12-02,8,81,12,93
2012-12-02,9,133,37,170
2012-12-02,10,228,63,291
2012-12-02,11,273,81,354
2012-12-02,12,402,111,513
2012-12-02,13,341,84,425
2012-12-02,14,326,140,466
2012-12-02,15,306,106,412
2012-12-02,16,353,85,438
2012-12-02,17,242,59,301
2012-12-02,18,176,25,201
2012-12-02,19,158,16,174
2012-12-02,20,139,12,151
2012-12-02,21,91,8,99
2012-12-02,22,82,11,93
2012-12-02,23,44,7,51
2012-12-03,0,18,3,21
2012-12-03,1,11,2,13
2012-12-03,2,9,1,10
2012-12-03,3,6,2,8
2012-12-03,4,3,1,4
2012-12-03,5,37,0,37
2012-12-03,6,136,2,138
2012-12-03,7,384,9,393
2012-12-03,8,707,19,726
2012-12-03,9,288,19,307
2012-12-03,10,105,31,136
2012-12-03,11,180,51,231
2012-12-03,12,225,40,265
2012-12-03,13,238,81,319
2012-12-03,14,207,51,258
2012-12-03,15,210,58,268
2012-12-03,16,391,45,436
2012-12-03,17,662,43,705
2012-12-03,18,655,26,681
2012-12-03,19,439,27,466
2012-12-03,20,282,16,298
2012-12-03,21,206,14,220
2012-12-03,22,138,5,143
2012-12-03,23,91,9,100
2012-12-04,0,49,6,55
2012-12-04,1,22,3,25
2012-12-04,2,5,3,8
2012-12-04,3,3,1,4
2012-12-04,4,7,0,7
2012-12-04,5,45,1,46
2012-12-04,6,148,3,151
2012-12-04,7,491,7,498
2012-12-04,8,696,21,717
2012-12-04,9,316,19,335
2012-12-04,10,130,26,156
2012-12-04,11,183,24,207
2012-12-04,12,272,39,311
2012-12-04,13,233,39,272
2012-12-04,14,230,39,269
2012-12-04,15,244,56,300
2012-12-04,16,389,44,433
2012-12-04,17,694,43,737
2012-12-04,18,687,38,725
2012-12-04,19,408,46,454
2012-12-04,20,266,34,300
2012-12-04,21,249,28,277
2012-12-04,22,153,26,179
2012-12-04,23,91,5,96
2012-12-05,0,31,6,37
2012-12-05,1,11,0,11
2012-12-05,2,7,2,9
2012-12-05,3,7,0,7
2012-12-05,4,9,1,10
2012-12-05,5,47,1,48
2012-12-05,6,118,5,123
2012-12-05,7,389,9,398
2012-12-05,8,736,22,758
2012-12-05,9,359,26,385
2012-12-05,10,127,14,141
2012-12-05,11,160,11,171
2012-12-05,12,207,24,231
2012-12-05,13,194,14,208
2012-12-05,14,176,39,215
2012-12-05,15,241,20,261
2012-12-05,16,351,23,374
2012-12-05,17,571,29,600
2012-12-05,18,574,29,603
2012-12-05,19,399,14,413
2012-12-05,20,272,19,291
2012-12-05,21,182,14,196
2012-12-05,22,101,4,105
2012-12-05,23,65,5,70
2012-12-06,0,43,1,44
2012-12-06,1,16,0,16
2012-12-06,2,9,0,9
2012-12-06,3,2,0,2
2012-12-06,4,8,1,9
2012-12-06,5,32,0,32
2012-12-06,6,122,2,124
2012-12-06,7,379,8,387
2012-12-06,8,645,13,658
2012-12-06,9,256,19,275
2012-12-06,10,121,23,144
2012-12-06,11,162,16,178
2012-12-06,12,205,29,234
2012-12-06,13,212,33,245
2012-12-06,14,173,37,210
2012-12-06,15,230,38,268
2012-12-06,16,288,39,327
2012-12-06,17,581,31,612
2012-12-06,18,541,23,564
2012-12-06,19,358,13,371
2012-12-06,20,221,5,226
2012-12-06,21,181,7,188
2012-12-06,22,130,2,132
2012-12-06,23,90,0,90
2012-12-07,0,45,3,48
2012-12-07,1,26,2,28
2012-12-07,2,11,0,11
2012-12-07,3,5,0,5
2012-12-07,4,10,0,10
2012-12-07,5,25,1,26
2012-12-07,6,83,0,83
2012-12-07,7,211,3,214
2012-12-07,8,424,11,435
2012-12-07,9,287,10,297
2012-12-07,10,151,16,167
2012-12-07,11,180,20,200
2012-12-07,12,201,36,237
2012-12-07,13,197,23,220
2012-12-07,14,172,40,212
2012-12-07,15,266,34,300
2012-12-07,16,333,39,372
2012-12-07,17,537,29,566
2012-12-07,18,467,25,492
2012-12-07,19,333,15,348
2012-12-07,20,224,12,236
2012-12-07,21,161,9,170
2012-12-07,22,149,15,164
2012-12-07,23,115,6,121
2012-12-08,0,98,5,103
2012-12-08,1,83,16,99
2012-12-08,2,67,3,70
2012-12-08,3,23,6,29
2012-12-08,4,9,3,12
2012-12-08,5,3,2,5
2012-12-08,6,19,1,20
2012-12-08,7,36,3,39
2012-12-08,8,105,5,110
2012-12-08,9,151,17,168
2012-12-08,10,242,43,285
2012-12-08,11,338,63,401
2012-12-08,12,359,122,481
2012-12-08,13,397,148,545
2012-12-08,14,378,164,542
2012-12-08,15,370,168,538
2012-12-08,16,366,139,505
2012-12-08,17,261,77,338
2012-12-08,18,257,40,297
2012-12-08,19,204,34,238
2012-12-08,20,159,20,179
2012-12-08,21,169,34,203
2012-12-08,22,136,23,159
2012-12-08,23,142,18,160
2012-12-09,0,100,15,115
2012-12-09,1,84,17,101
2012-12-09,2,70,8,78
2012-12-09,3,34,14,48
2012-12-09,4,11,1,12
2012-12-09,5,8,0,8
2012-12-09,6,6,0,6
2012-12-09,7,21,1,22
2012-12-09,8,68,1,69
2012-12-09,9,93,9,102
2012-12-09,10,179,39,218
2012-12-09,11,209,40,249
2012-12-09,12,253,60,313
2012-12-09,13,218,65,283
2012-12-09,14,186,42,228
2012-12-09,15,197,25,222
2012-12-09,16,218,33,251
2012-12-09,17,209,20,229
2012-12-09,18,178,17,195
2012-12-09,19,108,12,120
2012-12-09,20,99,6,105
2012-12-09,21,86,10,96
2012-12-09,22,74,3,77
2012-12-09,23,48,3,51
2012-12-10,0,20,0,20
2012-12-10,1,4,0,4
2012-12-10,2,3,2,5
2012-12-10,3,4,0,4
2012-12-10,4,9,3,12
2012-12-10,5,26,0,26
2012-12-10,6,120,2,122
2012-12-10,7,291,3,294
2012-12-10,8,570,9,579
2012-12-10,9,271,11,282
2012-12-10,10,118,12,130
2012-12-10,11,126,8,134
2012-12-10,12,148,23,171
2012-12-10,13,188,30,218
2012-12-10,14,179,31,210
2012-12-10,15,203,29,232
2012-12-10,16,304,37,341
2012-12-10,17,575,38,613
2012-12-10,18,539,20,559
2012-12-10,19,408,18,426
2012-12-10,20,284,13,297
2012-12-10,21,220,21,241
2012-12-10,22,112,11,123
2012-12-10,23,76,8,84
2012-12-11,0,29,2,31
2012-12-11,1,7,1,8
2012-12-11,2,1,0,1
2012-12-11,3,3,0,3
2012-12-11,4,8,0,8
2012-12-11,5,40,1,41
2012-12-11,6,118,0,118
2012-12-11,7,370,8,378
2012-12-11,8,700,16,716
2012-12-11,9,322,12,334
2012-12-11,10,141,12,153
2012-12-11,11,144,28,172
2012-12-11,12,211,13,224
2012-12-11,13,223,28,251
2012-12-11,14,180,19,199
2012-12-11,15,247,20,267
2012-12-11,16,333,24,357
2012-12-11,17,575,21,596
2012-12-11,18,518,23,541
2012-12-11,19,409,21,430
2012-12-11,20,245,9,254
2012-12-11,21,191,14,205
2012-12-11,22,100,6,106
2012-12-11,23,59,4,63
2012-12-12,0,33,1,34
2012-12-12,1,18,3,21
2012-12-12,2,4,5,9
2012-12-12,3,6,2,8
2012-12-12,4,4,0,4
2012-12-12,5,37,0,37
2012-12-12,6,125,2,127
2012-12-12,7,364,3,367
2012-12-12,8,659,18,677
2012-12-12,9,272,13,285
2012-12-12,10,115,20,135
2012-12-12,11,147,24,171
2012-12-12,12,215,14,229
2012-12-12,13,219,18,237
2012-12-12,14,190,34,224
2012-12-12,15,207,21,228
2012-12-12,16,309,19,328
2012-12-12,17,535,21,556
2012-12-12,18,513,25,538
2012-12-12,19,383,18,401
2012-12-12,20,241,25,266
2012-12-12,21,183,16,199
2012-12-12,22,116,4,120
2012-12-12,23,75,3,78
2012-12-13,0,31,1,32
2012-12-13,1,18,4,22
2012-12-13,2,5,3,8
2012-12-13,3,2,0,2
2012-12-13,4,8,0,8
2012-12-13,5,30,2,32
2012-12-13,6,112,2,114
2012-12-13,7,379,5,384
2012-12-13,8,649,24,673
2012-12-13,9,296,25,321
2012-12-13,10,137,28,165
2012-12-13,11,162,25,187
2012-12-13,12,247,30,277
2012-12-13,13,228,41,269
2012-12-13,14,205,31,236
2012-12-13,15,240,40,280
2012-12-13,16,354,50,404
2012-12-13,17,501,43,544
2012-12-13,18,443,20,463
2012-12-13,19,326,20,346
2012-12-13,20,234,6,240
2012-12-13,21,195,13,208
2012-12-13,22,141,7,148
2012-12-13,23,114,5,119
2012-12-14,0,42,4,46
2012-12-14,1,26,0,26
2012-12-14,2,6,3,9
2012-12-14,3,12,0,12
2012-12-14,4,8,1,9
2012-12-14,5,33,0,33
2012-12-14,6,111,1,112
2012-12-14,7,303,3,306
2012-12-14,8,618,13,631
2012-12-14,9,328,13,341
2012-12-14,10,159,28,187
2012-12-14,11,177,31,208
2012-12-14,12,242,29,271
2012-12-14,13,271,39,310
2012-12-14,14,251,48,299
2012-12-14,15,251,57,308
2012-12-14,16,369,45,414
2012-12-14,17,573,40,613
2012-12-14,18,429,23,452
2012-12-14,19,300,17,317
2012-12-14,20,207,12,219
2012-12-14,21,163,7,170
2012-12-14,22,131,4,135
2012-12-14,23,122,11,133
2012-12-15,0,88,4,92
2012-12-15,1,86,9,95
2012-12-15,2,61,6,67
2012-12-15,3,18,5,23
2012-12-15,4,5,1,6
2012-12-15,5,3,0,3
2012-12-15,6,11,0,11
2012-12-15,7,46,1,47
2012-12-15,8,107,8,115
2012-12-15,9,200,17,217
2012-12-15,10,247,23,270
2012-12-15,11,319,66,385
2012-12-15,12,359,89,448
2012-12-15,13,361,88,449
2012-12-15,14,332,92,424
2012-12-15,15,350,95,445
2012-12-15,16,323,85,408
2012-12-15,17,270,35,305
2012-12-15,18,230,40,270
2012-12-15,19,224,31,255
2012-12-15,20,172,24,196
2012-12-15,21,167,15,182
2012-12-15,22,131,21,152
2012-12-15,23,105,11,116
2012-12-16,0,101,8,109
2012-12-16,1,81,14,95
2012-12-16,2,76,8,84
2012-12-16,3,33,1,34
2012-12-16,4,10,1,11
2012-12-16,5,9,0,9
2012-12-16,6,6,0,6
2012-12-16,7,22,5,27
2012-12-16,8,74,12,86
2012-12-16,9,112,19,131
2012-12-16,10,215,42,257
2012-12-16,11,243,47,290
2012-12-16,12,344,67,411
2012-12-16,13,285,67,352
2012-12-16,14,256,50,306
2012-12-16,15,291,46,337
2012-12-16,16,331,66,397
2012-12-16,17,213,29,242
2012-12-16,18,99,8,107
2012-12-16,19,98,10,108
2012-12-16,20,104,14,118
2012-12-16,21,92,14,106
2012-12-16,22,81,6,87
2012-12-16,23,29,4,33
2012-12-17,0,26,2,28
2012-12-17,1,14,1,15
2012-12-17,2,4,1,5
2012-12-17,3,3,0,3
2012-12-17,4,3,2,5
2012-12-17,5,24,0,24
2012-12-17,6,107,1,108
2012-12-17,7,312,5,317
2012-12-17,8,579,9,588
2012-12-17,9,267,12,279
2012-12-17,10,119,15,134
2012-12-17,11,148,22,170
2012-12-17,12,209,21,230
2012-12-17,13,192,16,208
2012-12-17,14,169,12,181
2012-12-17,15,194,15,209
2012-12-17,16,283,15,298
2012-12-17,17,473,17,490
2012-12-17,18,489,14,503
2012-12-17,19,330,7,337
2012-12-17,20,192,8,200
2012-12-17,21,114,6,120
2012-12-17,22,47,5,52
2012-12-17,23,40,6,46
2012-12-18,0,18,0,18
2012-12-18,1,15,0,15
2012-12-18,2,5,2,7
2012-12-18,3,5,0,5
2012-12-18,4,5,3,8
2012-12-18,5,36,0,36
2012-12-18,6,116,1,117
2012-12-18,7,349,4,353
2012-12-18,8,648,10,658
2012-12-18,9,306,19,325
2012-12-18,10,161,22,183
2012-12-18,11,207,58,265
2012-12-18,12,258,49,307
2012-12-18,13,234,51,285
2012-12-18,14,187,56,243
2012-12-18,15,218,28,246
2012-12-18,16,321,40,361
2012-12-18,17,530,39,569
2012-12-18,18,511,13,524
2012-12-18,19,330,19,349
2012-12-18,20,262,4,266
2012-12-18,21,155,9,164
2012-12-18,22,125,5,130
2012-12-18,23,78,1,79
2012-12-19,0,35,6,41
2012-12-19,1,14,1,15
2012-12-19,2,2,1,3
2012-12-19,3,5,0,5
2012-12-19,4,6,1,7
2012-12-19,5,29,2,31
2012-12-19,6,109,3,112
2012-12-19,7,359,3,362
2012-12-19,8,656,13,669
2012-12-19,9,310,8,318
2012-12-19,10,146,17,163
2012-12-19,11,167,31,198
2012-12-19,12,203,33,236
2012-12-19,13,183,30,213
2012-12-19,14,185,33,218
2012-12-19,15,208,28,236
2012-12-19,16,295,37,332
2012-12-19,17,531,26,557
2012-12-19,18,541,23,564
2012-12-19,19,326,7,333
2012-12-19,20,230,10,240
2012-12-19,21,163,4,167
2012-12-19,22,115,12,127
2012-12-19,23,83,4,87
2012-12-20,0,40,2,42
2012-12-20,1,19,1,20
2012-12-20,2,6,2,8
2012-12-20,3,3,1,4
2012-12-20,4,6,0,6
2012-12-20,5,34,0,34
2012-12-20,6,113,4,117
2012-12-20,7,340,4,344
2012-12-20,8,583,14,597
2012-12-20,9,301,14,315
2012-12-20,10,137,23,160
2012-12-20,11,166,22,188
2012-12-20,12,179,31,210
2012-12-20,13,171,46,217
2012-12-20,14,170,43,213
2012-12-20,15,211,33,244
2012-12-20,16,281,21,302
2012-12-20,17,445,25,470
2012-12-20,18,356,22,378
2012-12-20,19,115,3,118
2012-12-20,20,49,1,50
2012-12-20,21,25,1,26
2012-12-20,22,20,1,21
2012-12-20,23,13,0,13
2012-12-21,0,17,0,17
2012-12-21,1,7,2,9
2012-12-21,2,3,0,3
2012-12-21,3,3,0,3
2012-12-21,4,5,1,6
2012-12-21,5,13,0,13
2012-12-21,6,75,4,79
2012-12-21,7,202,3,205
2012-12-21,8,458,8,466
2012-12-21,9,260,2,262
2012-12-21,10,144,8,152
2012-12-21,11,150,12,162
2012-12-21,12,197,25,222
2012-12-21,13,212,26,238
2012-12-21,14,196,20,216
2012-12-21,15,233,29,262
2012-12-21,16,248,28,276
2012-12-21,17,293,24,317
2012-12-21,18,231,7,238
2012-12-21,19,148,5,153
2012-12-21,20,104,8,112
2012-12-21,21,68,2,70
2012-12-21,22,57,6,63
2012-12-21,23,39,1,40
2012-12-22,0,30,1,31
2012-12-22,1,34,1,35
2012-12-22,2,23,0,23
2012-12-22,3,7,0,7
2012-12-22,4,2,3,5
2012-12-22,5,5,0,5
2012-12-22,6,13,0,13
2012-12-22,7,18,2,20
2012-12-22,8,29,0,29
2012-12-22,9,77,13,90
2012-12-22,10,104,13,117
2012-12-22,11,129,29,158
2012-12-22,12,127,18,145
2012-12-22,13,133,23,156
2012-12-22,14,140,20,160
2012-12-22,15,136,14,150
2012-12-22,16,123,23,146
2012-12-22,17,99,15,114
2012-12-22,18,75,7,82
2012-12-22,19,50,9,59
2012-12-22,20,53,6,59
2012-12-22,21,48,4,52
2012-12-22,22,37,1,38
2012-12-22,23,36,3,39
2012-12-23,0,25,3,28
2012-12-23,1,19,1,20
2012-12-23,2,17,1,18
2012-12-23,3,9,0,9
2012-12-23,4,3,1,4
2012-12-23,5,6,0,6
2012-12-23,6,5,4,9
2012-12-23,7,15,3,18
2012-12-23,8,43,5,48
2012-12-23,9,49,7,56
2012-12-23,10,67,26,93
2012-12-23,11,100,48,148
2012-12-23,12,141,52,193
2012-12-23,13,122,63,185
2012-12-23,14,116,57,173
2012-12-23,15,96,39,135
2012-12-23,16,137,53,190
2012-12-23,17,91,21,112
2012-12-23,18,84,8,92
2012-12-23,19,51,4,55
2012-12-23,20,50,0,50
2012-12-23,21,38,4,42
2012-12-23,22,53,5,58
2012-12-23,23,22,3,25
2012-12-24,0,12,0,12
2012-12-24,1,11,0,11
2012-12-24,2,5,0,5
2012-12-24,3,2,1,3
2012-12-24,5,9,0,9
2012-12-24,6,15,1,16
2012-12-24,7,27,3,30
2012-12-24,8,62,4,66
2012-12-24,9,68,17,85
2012-12-24,10,79,21,100
2012-12-24,11,102,20,122
2012-12-24,12,113,22,135
2012-12-24,13,54,16,70
2012-12-24,14,32,13,45
2012-12-24,15,26,6,32
2012-12-24,16,26,6,32
2012-12-24,17,19,7,26
2012-12-24,18,19,6,25
2012-12-24,19,13,4,17
2012-12-24,20,17,6,23
2012-12-24,21,9,13,22
2012-12-24,22,5,7,12
2012-12-24,23,10,1,11
2012-12-25,0,10,3,13
2012-12-25,1,13,0,13
2012-12-25,2,7,0,7
2012-12-25,4,1,0,1
2012-12-25,5,1,2,3
2012-12-25,6,6,1,7
2012-12-25,7,6,0,6
2012-12-25,8,10,1,11
2012-12-25,9,20,7,27
2012-12-25,10,21,11,32
2012-12-25,11,42,43,85
2012-12-25,12,51,62,113
2012-12-25,13,44,75,119
2012-12-25,14,67,58,125
2012-12-25,15,54,51,105
2012-12-25,16,37,48,85
2012-12-25,17,34,16,50
2012-12-25,18,23,20,43
2012-12-25,19,20,16,36
2012-12-25,20,29,11,40
2012-12-25,21,26,8,34
2012-12-25,22,16,3,19
2012-12-25,23,26,4,30
2012-12-26,0,7,1,8
2012-12-26,1,7,0,7
2012-12-26,2,1,0,1
2012-12-26,3,2,0,2
2012-12-26,4,2,0,2
2012-12-26,5,11,0,11
2012-12-26,6,36,0,36
2012-12-26,7,26,0,26
2012-12-26,8,30,0,30
2012-12-26,9,22,1,23
2012-12-26,10,8,0,8
2012-12-26,11,10,0,10
2012-12-26,12,9,0,9
2012-12-26,13,14,0,14
2012-12-26,14,20,0,20
2012-12-26,15,13,0,13
2012-12-26,16,13,0,13
2012-12-26,17,50,2,52
2012-12-26,18,42,1,43
2012-12-26,19,33,2,35
2012-12-26,20,32,0,32
2012-12-26,21,20,0,20
2012-12-26,22,11,0,11
2012-12-26,23,7,2,9
2012-12-27,0,3,0,3
2012-12-27,1,5,0,5
2012-12-27,2,2,0,2
2012-12-27,3,1,0,1
2012-12-27,4,3,0,3
2012-12-27,5,10,1,11
2012-12-27,6,44,0,44
2012-12-27,7,90,0,90
2012-12-27,8,202,2,204
2012-12-27,9,127,6,133
2012-12-27,10,66,8,74
2012-12-27,11,80,23,103
2012-12-27,12,85,22,107
2012-12-27,13,99,19,118
2012-12-27,14,94,25,119
2012-12-27,15,87,31,118
2012-12-27,16,150,23,173
2012-12-27,17,225,30,255
2012-12-27,18,187,9,196
2012-12-27,19,106,11,117
2012-12-27,20,76,12,88
2012-12-27,21,50,12,62
2012-12-27,22,33,11,44
2012-12-27,23,24,2,26
2012-12-28,0,22,3,25
2012-12-28,1,9,0,9
2012-12-28,2,5,0,5
2012-12-28,3,2,0,2
2012-12-28,4,4,0,4
2012-12-28,5,15,0,15
2012-12-28,6,49,2,51
2012-12-28,7,110,1,111
2012-12-28,8,238,1,239
2012-12-28,9,171,18,189
2012-12-28,10,84,77,161
2012-12-28,11,106,71,177
2012-12-28,12,149,72,221
2012-12-28,13,143,76,219
2012-12-28,14,172,84,256
2012-12-28,15,150,74,224
2012-12-28,16,205,42,247
2012-12-28,17,223,43,266
2012-12-28,18,196,16,212
2012-12-28,19,112,15,127
2012-12-28,20,83,14,97
2012-12-28,21,74,17,91
2012-12-28,22,48,13,61
2012-12-28,23,54,5,59
2012-12-29,0,24,1,25
2012-12-29,1,31,6,37
2012-12-29,2,18,1,19
2012-12-29,3,5,1,6
2012-12-29,4,3,0,3
2012-12-29,5,3,0,3
2012-12-29,6,7,0,7
2012-12-29,7,16,1,17
2012-12-29,8,35,9,44
2012-12-29,9,33,16,49
2012-12-29,10,33,6,39
2012-12-29,11,38,7,45
2012-12-29,12,43,5,48
2012-12-29,13,69,13,82
2012-12-29,14,88,10,98
2012-12-29,15,110,18,128
2012-12-29,16,125,22,147
2012-12-29,17,98,18,116
2012-12-29,18,102,8,110
2012-12-29,19,89,7,96
2012-12-29,20,64,2,66
2012-12-29,21,54,4,58
2012-12-29,22,51,3,54
2012-12-29,23,31,0,31
2012-12-30,0,41,0,41
2012-12-30,1,27,1,28
2012-12-30,2,19,0,19
2012-12-30,3,14,1,15
2012-12-30,4,7,0,7
2012-12-30,5,2,0,2
2012-12-30,6,7,1,8
2012-12-30,7,13,0,13
2012-12-30,8,32,1,33
2012-12-30,9,64,9,73
2012-12-30,10,90,31,121
2012-12-30,11,103,33,136
2012-12-30,12,96,47,143
2012-12-30,13,120,49,169
2012-12-30,14,120,39,159
2012-12-30,15,99,37,136
2012-12-30,16,102,31,133
2012-12-30,17,96,26,122
2012-12-30,18,107,12,119
2012-12-30,19,84,16,100
2012-12-30,20,63,9,72
2012-12-30,21,42,5,47
2012-12-30,22,29,6,35
2012-12-30,23,39,10,49
2012-12-31,0,30,4,34
2012-12-31,1,13,6,19
2012-12-31,2,8,3,11
2012-12-31,3,1,0,1
2012-12-31,4,3,0,3
2012-12-31,5,9,0,9
2012-12-31,6,39,0,39
2012-12-31,7,83,2,85
2012-12-31,8,184,9,193
2012-12-31,9,142,13,155
2012-12-31,10,88,33,121
2012-12-31,11,113,43,156
2012-12-31,12,169,52,221
2012-12-31,13,164,38,202
2012-12-31,14,185,62,247
2012-12-31,15,244,69,313
2012-12-31,16,184,30,214
2012-12-31,17,146,14,160
2012-12-31,18,110,10,120
2012-12-31,19,107,11,118
2012-12-31,20,81,8,89
2012-12-31,21,83,7,90
2012-12-31,22,48,13,61
2012-12-31,23,38,12,50
2013-01-01,0,33,9,42
2013-01-01,1,84,27,111
2013-01-01,2,102,27,129
2013-01-01,3,42,16,58
2013-01-01,4,15,4,19
2013-01-01,5,5,0,5
2013-01-01,6,9,4,13
2013-01-01,7,5,0,5
2013-01-01,8,12,3,15
2013-01-01,9,25,7,32
2013-01-01,10,48,5,53
2013-01-01,11,97,17,114
2013-01-01,12,110,42,152
2013-01-01,13,120,21,141
2013-01-01,14,112,61,173
2013-01-01,15,123,37,160
2013-01-01,16,120,45,165
2013-01-01,17,117,23,140
2013-01-01,18,105,12,117
2013-01-01,19,89,20,109
2013-01-01,20,63,7,70
2013-01-01,21,47,9,56
2013-01-01,22,33,19,52
2013-01-01,23,27,6,33
2013-01-02,0,9,0,9
2013-01-02,1,6,2,8
2013-01-02,2,2,0,2
2013-01-02,3,3,0,3
2013-01-02,4,4,0,4
2013-01-02,5,28,1,29
2013-01-02,6,91,2,93
2013-01-02,7,242,3,245
2013-01-02,8,485,6,491
2013-01-02,9,224,5,229
2013-01-02,10,92,35,127
2013-01-02,11,113,32,145
2013-01-02,12,143,25,168
2013-01-02,13,141,23,164
2013-01-02,14,117,14,131
2013-01-02,15,168,26,194
2013-01-02,16,237,30,267
2013-01-02,17,416,30,446
2013-01-02,18,345,19,364
2013-01-02,19,233,8,241
2013-01-02,20,117,5,122
2013-01-02,21,85,9,94
2013-01-02,22,51,5,56
2013-01-02,23,37,4,41
2013-01-03,0,15,1,16
2013-01-03,1,6,0,6
2013-01-03,2,2,0,2
2013-01-03,3,3,0,3
2013-01-03,4,2,0,2
2013-01-03,5,26,0,26
2013-01-03,6,96,3,99
2013-01-03,7,219,2,221
2013-01-03,8,512,10,522
2013-01-03,9,257,18,275
2013-01-03,10,118,16,134
2013-01-03,11,109,21,130
2013-01-03,12,142,30,172
2013-01-03,13,126,37,163
2013-01-03,14,131,25,156
2013-01-03,15,134,35,169
2013-01-03,16,231,31,262
2013-01-03,17,453,34,487
2013-01-03,18,381,15,396
2013-01-03,19,235,5,240
2013-01-03,20,128,5,133
2013-01-03,21,96,2,98
2013-01-03,22,78,1,79
2013-01-03,23,47,6,53
2013-01-04,0,17,6,23
2013-01-04,1,8,0,8
2013-01-04,2,3,1,4
2013-01-04,3,2,0,2
2013-01-04,4,7,0,7
2013-01-04,5,24,1,25
2013-01-04,6,81,4,85
2013-01-04,7,224,3,227
2013-01-04,8,523,7,530
2013-01-04,9,273,17,290
2013-01-04,10,117,12,129
2013-01-04,11,106,16,122
2013-01-04,12,171,26,197
2013-01-04,13,172,29,201
2013-01-04,14,149,50,199
2013-01-04,15,174,27,201
2013-01-04,16,254,23,277
2013-01-04,17,464,23,487
2013-01-04,18,371,14,385
2013-01-04,19,231,13,244
2013-01-04,20,151,13,164
2013-01-04,21,101,6,107
2013-01-04,22,88,5,93
2013-01-04,23,70,1,71
2013-01-05,0,49,3,52
2013-01-05,1,31,3,34
2013-01-05,2,27,5,32
2013-01-05,3,8,0,8
2013-01-05,4,7,0,7
2013-01-05,5,1,0,1
2013-01-05,6,10,2,12
2013-01-05,7,26,1,27
2013-01-05,8,64,6,70
2013-01-05,9,106,10,116
2013-01-05,10,167,24,191
2013-01-05,11,218,35,253
2013-01-05,12,265,51,316
2013-01-05,13,310,58,368
2013-01-05,14,278,60,338
2013-01-05,15,246,70,316
2013-01-05,16,246,64,310
2013-01-05,17,195,36,231
2013-01-05,18,202,17,219
2013-01-05,19,179,14,193
2013-01-05,20,136,25,161
2013-01-05,21,89,14,103
2013-01-05,22,92,5,97
2013-01-05,23,55,7,62
2013-01-06,0,68,7,75
2013-01-06,1,52,4,56
2013-01-06,2,45,1,46
2013-01-06,3,12,5,17
2013-01-06,4,5,0,5
2013-01-06,5,6,0,6
2013-01-06,6,10,1,11
2013-01-06,7,21,0,21
2013-01-06,8,59,2,61
2013-01-06,9,89,5,94
2013-01-06,10,222,27,249
2013-01-06,11,233,49,282
2013-01-06,12,315,52,367
2013-01-06,13,324,78,402
2013-01-06,14,282,97,379
2013-01-06,15,312,97,409
2013-01-06,16,299,59,358
2013-01-06,17,201,37,238
2013-01-06,18,167,10,177
2013-01-06,19,168,8,176
2013-01-06,20,119,8,127
2013-01-06,21,70,12,82
2013-01-06,22,57,17,74
2013-01-06,23,30,9,39
2013-01-07,0,15,2,17
2013-01-07,1,9,2,11
2013-01-07,2,4,0,4
2013-01-07,3,3,0,3
2013-01-07,4,7,0,7
2013-01-07,5,30,3,33
2013-01-07,6,124,2,126
2013-01-07,7,324,6,330
2013-01-07,8,609,11,620
2013-01-07,9,258,11,269
2013-01-07,10,89,8,97
2013-01-07,11,93,17,110
2013-01-07,12,176,25,201
2013-01-07,13,151,38,189
2013-01-07,14,133,40,173
2013-01-07,15,179,29,208
2013-01-07,16,310,34,344
2013-01-07,17,552,44,596
2013-01-07,18,515,23,538
2013-01-07,19,334,13,347
2013-01-07,20,211,9,220
2013-01-07,21,135,11,146
2013-01-07,22,91,3,94
2013-01-07,23,57,1,58
2013-01-08,0,21,0,21
2013-01-08,1,14,0,14
2013-01-08,2,1,3,4
2013-01-08,3,4,0,4
2013-01-08,4,4,0,4
2013-01-08,5,32,2,34
2013-01-08,6,99,1,100
2013-01-08,7,316,2,318
2013-01-08,8,658,14,672
2013-01-08,9,268,16,284
2013-01-08,10,113,32,145
2013-01-08,11,158,17,175
2013-01-08,12,185,46,231
2013-01-08,13,205,38,243
2013-01-08,14,163,38,201
2013-01-08,15,200,46,246
2013-01-08,16,311,50,361
2013-01-08,17,577,39,616
2013-01-08,18,568,37,605
2013-01-08,19,395,21,416
2013-01-08,20,220,23,243
2013-01-08,21,150,4,154
2013-01-08,22,93,9,102
2013-01-08,23,77,4,81
2013-01-09,0,27,0,27
2013-01-09,1,10,0,10
2013-01-09,2,5,0,5
2013-01-09,3,4,0,4
2013-01-09,4,8,0,8
2013-01-09,5,42,1,43
2013-01-09,6,127,3,130
2013-01-09,7,343,6,349
2013-01-09,8,675,19,694
2013-01-09,9,306,7,313
2013-01-09,10,119,14,133
2013-01-09,11,149,31,180
2013-01-09,12,180,45,225
2013-01-09,13,166,18,184
2013-01-09,14,133,32,165
2013-01-09,15,140,21,161
2013-01-09,16,257,32,289
2013-01-09,17,584,33,617
2013-01-09,18,546,18,564
2013-01-09,19,358,22,380
2013-01-09,20,240,13,253
2013-01-09,21,154,11,165
2013-01-09,22,107,17,124
2013-01-09,23,74,13,87
2013-01-10,0,30,1,31
2013-01-10,1,14,2,16
2013-01-10,2,7,1,8
2013-01-10,3,1,0,1
2013-01-10,4,4,1,5
2013-01-10,5,27,1,28
2013-01-10,6,101,2,103
2013-01-10,7,340,3,343
2013-01-10,8,673,17,690
2013-01-10,9,290,19,309
2013-01-10,10,136,17,153
2013-01-10,11,158,23,181
2013-01-10,12,213,24,237
2013-01-10,13,215,28,243
2013-01-10,14,167,27,194
2013-01-10,15,208,32,240
2013-01-10,16,329,34,363
2013-01-10,17,629,43,672
2013-01-10,18,515,24,539
2013-01-10,19,342,27,369
2013-01-10,20,264,15,279
2013-01-10,21,188,7,195
2013-01-10,22,114,8,122
2013-01-10,23,58,3,61
2013-01-11,0,36,3,39
2013-01-11,1,19,0,19
2013-01-11,2,7,0,7
2013-01-11,3,8,0,8
2013-01-11,4,5,0,5
2013-01-11,5,44,0,44
2013-01-11,6,100,1,101
2013-01-11,7,295,8,303
2013-01-11,8,649,21,670
2013-01-11,9,311,20,331
2013-01-11,10,135,23,158
2013-01-11,11,140,28,168
2013-01-11,12,164,15,179
2013-01-11,13,141,14,155
2013-01-11,14,189,21,210
2013-01-11,15,159,17,176
2013-01-11,16,163,10,173
2013-01-11,17,256,12,268
2013-01-11,18,326,13,339
2013-01-11,19,225,9,234
2013-01-11,20,165,9,174
2013-01-11,21,117,15,132
2013-01-11,22,103,9,112
2013-01-11,23,83,6,89
2013-01-12,0,74,3,77
2013-01-12,1,58,2,60
2013-01-12,2,45,3,48
2013-01-12,3,17,5,22
2013-01-12,4,3,0,3
2013-01-12,5,10,1,11
2013-01-12,6,17,4,21
2013-01-12,7,42,6,48
2013-01-12,8,106,13,119
2013-01-12,9,177,27,204
2013-01-12,10,250,36,286
2013-01-12,11,324,92,416
2013-01-12,12,362,122,484
2013-01-12,13,378,157,535
2013-01-12,14,426,222,648
2013-01-12,15,404,178,582
2013-01-12,16,377,132,509
2013-01-12,17,284,93,377
2013-01-12,18,233,53,286
2013-01-12,19,180,19,199
2013-01-12,20,183,19,202
2013-01-12,21,148,30,178
2013-01-12,22,120,13,133
2013-01-12,23,116,9,125
2013-01-13,0,91,4,95
2013-01-13,1,99,5,104
2013-01-13,2,63,7,70
2013-01-13,3,11,2,13
2013-01-13,4,5,1,6
2013-01-13,5,6,1,7
2013-01-13,6,12,2,14
2013-01-13,7,25,3,28
2013-01-13,8,69,15,84
2013-01-13,9,145,30,175
2013-01-13,10,239,52,291
2013-01-13,11,285,81,366
2013-01-13,12,302,126,428
2013-01-13,13,297,101,398
2013-01-13,14,287,87,374
2013-01-13,15,242,77,319
2013-01-13,16,283,83,366
2013-01-13,17,182,62,244
2013-01-13,18,148,15,163
2013-01-13,19,168,13,181
2013-01-13,20,133,27,160
2013-01-13,21,76,21,97
2013-01-13,22,64,12,76
2013-01-13,23,48,7,55
2013-01-14,0,11,2,13
2013-01-14,1,6,2,8
2013-01-14,2,4,2,6
2013-01-14,3,2,1,3
2013-01-14,4,6,0,6
2013-01-14,5,39,0,39
2013-01-14,6,135,0,135
2013-01-14,7,301,20,321
2013-01-14,8,596,18,614
2013-01-14,9,302,26,328
2013-01-14,10,149,40,189
2013-01-14,11,130,31,161
2013-01-14,12,181,44,225
2013-01-14,13,176,35,211
2013-01-14,14,163,35,198
2013-01-14,15,188,37,225
2013-01-14,16,279,30,309
2013-01-14,17,591,39,630
2013-01-14,18,557,28,585
2013-01-14,19,373,21,394
2013-01-14,20,211,15,226
2013-01-14,21,99,6,105
2013-01-14,22,47,10,57
2013-01-14,23,33,2,35
2013-01-15,0,15,0,15
2013-01-15,1,2,1,3
2013-01-15,3,2,1,3
2013-01-15,4,9,0,9
2013-01-15,5,20,2,22
2013-01-15,6,80,1,81
2013-01-15,7,148,7,155
2013-01-15,8,281,8,289
2013-01-15,9,163,10,173
2013-01-15,10,60,11,71
2013-01-15,11,56,14,70
2013-01-15,12,92,18,110
2013-01-15,13,143,25,168
2013-01-15,14,88,14,102
2013-01-15,15,145,24,169
2013-01-15,16,212,26,238
2013-01-15,17,400,21,421
2013-01-15,18,423,14,437
2013-01-15,19,153,12,165
2013-01-15,20,88,3,91
2013-01-15,21,42,6,48
2013-01-15,22,36,5,41
2013-01-15,23,15,1,16
2013-01-16,0,7,0,7
2013-01-16,1,3,1,4
2013-01-16,2,2,1,3
2013-01-16,3,1,0,1
2013-01-16,4,6,0,6
2013-01-16,5,22,0,22
2013-01-16,6,72,0,72
2013-01-16,7,257,7,264
2013-01-16,8,401,21,422
2013-01-16,9,166,5,171
2013-01-16,10,75,5,80
2013-01-16,11,75,13,88
2013-01-16,12,122,18,140
2013-01-16,13,121,19,140
2013-01-16,14,85,18,103
2013-01-16,15,99,6,105
2013-01-16,16,164,12,176
2013-01-16,17,401,12,413
2013-01-16,18,417,14,431
2013-01-16,19,283,13,296
2013-01-16,20,202,8,210
2013-01-16,21,169,12,181
2013-01-16,22,89,8,97
2013-01-16,23,41,4,45
2013-01-17,0,31,8,39
2013-01-17,1,10,6,16
2013-01-17,2,1,1,2
2013-01-17,3,3,0,3
2013-01-17,4,5,0,5
2013-01-17,5,29,2,31
2013-01-17,6,109,3,112
2013-01-17,7,313,9,322
2013-01-17,8,569,17,586
2013-01-17,9,317,24,341
2013-01-17,10,122,29,151
2013-01-17,11,159,17,176
2013-01-17,12,175,41,216
2013-01-17,13,147,33,180
2013-01-17,14,158,35,193
2013-01-17,15,166,26,192
2013-01-17,16,258,23,281
2013-01-17,17,512,37,549
2013-01-17,18,461,16,477
2013-01-17,19,296,11,307
2013-01-17,20,204,6,210
2013-01-17,21,176,4,180
2013-01-17,22,107,3,110
2013-01-17,23,80,10,90
2013-01-18,0,35,4,39
2013-01-18,1,16,0,16
2013-01-18,2,9,6,15
2013-01-18,3,4,1,5
2013-01-18,4,5,0,5
2013-01-18,5,26,0,26
2013-01-18,6,81,0,81
2013-01-18,7,257,5,262
2013-01-18,8,521,16,537
2013-01-18,9,309,15,324
2013-01-18,10,136,23,159
2013-01-18,11,139,22,161
2013-01-18,12,174,25,199
2013-01-18,13,193,28,221
2013-01-18,14,171,46,217
2013-01-18,15,186,39,225
2013-01-18,16,306,37,343
2013-01-18,17,441,18,459
2013-01-18,18,402,17,419
2013-01-18,19,249,9,258
2013-01-18,20,176,10,186
2013-01-18,21,110,9,119
2013-01-18,22,111,4,115
2013-01-18,23,75,6,81
2013-01-19,0,59,1,60
2013-01-19,1,47,3,50
2013-01-19,2,33,3,36
2013-01-19,3,12,2,14
2013-01-19,4,8,2,10
2013-01-19,5,9,1,10
2013-01-19,6,15,0,15
2013-01-19,7,43,5,48
2013-01-19,8,79,7,86
2013-01-19,9,158,21,179
2013-01-19,10,212,38,250
2013-01-19,11,259,79,338
2013-01-19,12,288,124,412
2013-01-19,13,323,136,459
2013-01-19,14,391,189,580
2013-01-19,15,350,152,502
2013-01-19,16,325,181,506
2013-01-19,17,264,110,374
2013-01-19,18,220,55,275
2013-01-19,19,186,28,214
2013-01-19,20,125,21,146
2013-01-19,21,114,14,128
2013-01-19,22,104,9,113
2013-01-19,23,95,18,113
2013-01-20,0,77,9,86
2013-01-20,1,85,6,91
2013-01-20,2,65,7,72
2013-01-20,3,34,7,41
2013-01-20,4,10,3,13
2013-01-20,5,11,0,11
2013-01-20,6,8,3,11
2013-01-20,7,30,1,31
2013-01-20,8,67,10,77
2013-01-20,9,121,28,149
2013-01-20,10,234,54,288
2013-01-20,11,302,122,424
2013-01-20,12,356,186,542
2013-01-20,13,331,207,538
2013-01-20,14,382,254,636
2013-01-20,15,411,254,665
2013-01-20,16,330,182,512
2013-01-20,17,266,134,400
2013-01-20,18,269,67,336
2013-01-20,19,183,38,221
2013-01-20,20,134,28,162
2013-01-20,21,112,22,134
2013-01-20,22,130,14,144
2013-01-20,23,95,20,115
2013-01-21,0,74,16,90
2013-01-21,1,46,7,53
2013-01-21,2,28,13,41
2013-01-21,3,10,6,16
2013-01-21,4,22,5,27
2013-01-21,5,27,5,32
2013-01-21,6,58,28,86
2013-01-21,7,129,56,185
2013-01-21,8,188,77,265
2013-01-21,9,222,81,303
2013-01-21,10,239,89,328
2013-01-21,11,200,46,246
2013-01-21,12,313,124,437
2013-01-21,13,343,120,463
2013-01-21,14,252,89,341
2013-01-21,15,228,60,288
2013-01-21,16,274,97,371
2013-01-21,17,242,42,284
2013-01-21,18,180,18,198
2013-01-21,19,140,13,153
2013-01-21,20,105,11,116
2013-01-21,21,90,9,99
2013-01-21,22,52,11,63
2013-01-21,23,38,4,42
2013-01-22,0,37,7,44
2013-01-22,1,7,2,9
2013-01-22,2,3,0,3
2013-01-22,3,6,2,8
2013-01-22,4,7,1,8
2013-01-22,5,28,0,28
2013-01-22,6,78,2,80
2013-01-22,7,232,6,238
2013-01-22,8,446,5,451
2013-01-22,9,203,9,212
2013-01-22,10,78,4,82
2013-01-22,11,63,7,70
2013-01-22,12,101,4,105
2013-01-22,13,85,5,90
2013-01-22,14,71,7,78
2013-01-22,15,106,6,112
2013-01-22,16,183,3,186
2013-01-22,17,322,5,327
2013-01-22,18,285,8,293
2013-01-22,19,207,3,210
2013-01-22,20,121,2,123
2013-01-22,21,94,0,94
2013-01-22,22,56,1,57
2013-01-22,23,23,0,23
2013-01-23,0,15,0,15
2013-01-23,1,7,0,7
2013-01-23,2,3,2,5
2013-01-23,3,2,0,2
2013-01-23,4,2,0,2
2013-01-23,5,18,0,18
2013-01-23,6,88,0,88
2013-01-23,7,226,2,228
2013-01-23,8,408,10,418
2013-01-23,9,199,3,202
2013-01-23,10,77,4,81
2013-01-23,11,93,6,99
2013-01-23,12,115,5,120
2013-01-23,13,130,5,135
2013-01-23,14,93,7,100
2013-01-23,15,110,5,115
2013-01-23,16,197,0,197
2013-01-23,17,370,5,375
2013-01-23,18,327,3,330
2013-01-23,19,260,3,263
2013-01-23,20,165,4,169
2013-01-23,21,115,2,117
2013-01-23,22,65,2,67
2013-01-23,23,30,1,31
2013-01-24,0,13,1,14
2013-01-24,1,6,0,6
2013-01-24,2,1,0,1
2013-01-24,3,1,0,1
2013-01-24,4,3,0,3
2013-01-24,5,19,0,19
2013-01-24,6,43,0,43
2013-01-24,7,90,0,90
2013-01-24,8,217,3,220
2013-01-24,9,154,4,158
2013-01-24,10,65,2,67
2013-01-24,11,81,1,82
2013-01-24,12,104,0,104
2013-01-24,13,91,1,92
2013-01-24,14,80,0,80
2013-01-24,15,108,1,109
2013-01-24,16,144,0,144
2013-01-24,17,320,1,321
2013-01-24,18,283,4,287
2013-01-24,19,199,1,200
2013-01-24,20,127,1,128
2013-01-24,21,125,0,125
2013-01-24,22,89,0,89
2013-01-24,23,42,0,42
2013-01-25,0,10,0,10
2013-01-25,1,6,1,7
2013-01-25,2,2,0,2
2013-01-25,3,2,0,2
2013-01-25,4,6,0,6
2013-01-25,5,26,0,26
2013-01-25,6,72,0,72
2013-01-25,7,170,3,173
2013-01-25,8,377,2,379
2013-01-25,9,247,3,250
2013-01-25,10,94,8,102
2013-01-25,11,115,1,116
2013-01-25,12,115,6,121
2013-01-25,13,118,5,123
2013-01-25,14,81,4,85
2013-01-25,15,83,1,84
2013-01-25,16,113,1,114
2013-01-25,17,170,3,173
2013-01-25,18,134,0,134
2013-01-25,19,116,1,117
2013-01-25,20,70,2,72
2013-01-25,21,77,1,78
2013-01-25,22,58,1,59
2013-01-25,23,48,1,49
2013-01-26,0,32,0,32
2013-01-26,1,27,2,29
2013-01-26,2,19,0,19
2013-01-26,3,9,1,10
2013-01-26,4,4,0,4
2013-01-26,5,2,0,2
2013-01-26,6,5,2,7
2013-01-26,7,13,1,14
2013-01-26,8,46,1,47
2013-01-26,9,119,5,124
2013-01-26,10,138,7,145
2013-01-26,11,173,10,183
2013-01-26,12,221,15,236
2013-01-26,13,213,16,229
2013-01-26,14,209,21,230
2013-01-26,15,208,11,219
2013-01-26,16,224,15,239
2013-01-26,17,195,18,213
2013-01-26,18,203,11,214
2013-01-26,19,165,7,172
2013-01-26,20,110,11,121
2013-01-26,21,87,6,93
2013-01-26,22,70,6,76
2013-01-26,23,68,13,81
2013-01-27,0,58,3,61
2013-01-27,1,66,3,69
2013-01-27,2,47,0,47
2013-01-27,3,27,3,30
2013-01-27,4,5,1,6
2013-01-27,5,5,1,6
2013-01-27,6,11,0,11
2013-01-27,7,19,0,19
2013-01-27,8,45,1,46
2013-01-27,9,87,7,94
2013-01-27,10,173,9,182
2013-01-27,11,178,21,199
2013-01-27,12,253,32,285
2013-01-27,13,224,35,259
2013-01-27,14,230,49,279
2013-01-27,15,273,38,311
2013-01-27,16,242,28,270
2013-01-27,17,227,13,240
2013-01-27,18,197,8,205
2013-01-27,19,116,6,122
2013-01-27,20,96,1,97
2013-01-27,21,57,2,59
2013-01-27,22,63,2,65
2013-01-27,23,27,0,27
2013-01-28,0,20,2,22
2013-01-28,1,7,0,7
2013-01-28,2,4,0,4
2013-01-28,3,2,0,2
2013-01-28,4,5,0,5
2013-01-28,5,14,0,14
2013-01-28,6,29,0,29
2013-01-28,7,69,1,70
2013-01-28,8,118,2,120
2013-01-28,9,75,0,75
2013-01-28,10,50,1,51
2013-01-28,11,101,2,103
2013-01-28,12,78,1,79
2013-01-28,13,84,3,87
2013-01-28,14,90,4,94
2013-01-28,15,126,8,134
2013-01-28,16,173,5,178
2013-01-28,17,404,6,410
2013-01-28,18,390,8,398
2013-01-28,19,290,5,295
2013-01-28,20,207,3,210
2013-01-28,21,168,3,171
2013-01-28,22,85,8,93
2013-01-28,23,58,3,61
2013-01-29,0,17,0,17
2013-01-29,1,12,4,16
2013-01-29,2,2,0,2
2013-01-29,3,2,0,2
2013-01-29,4,4,0,4
2013-01-29,5,31,0,31
2013-01-29,6,121,0,121
2013-01-29,7,334,3,337
2013-01-29,8,704,9,713
2013-01-29,9,328,9,337
2013-01-29,10,139,20,159
2013-01-29,11,157,24,181
2013-01-29,12,210,30,240
2013-01-29,13,217,36,253
2013-01-29,14,170,31,201
2013-01-29,15,234,46,280
2013-01-29,16,321,20,341
2013-01-29,17,680,39,719
2013-01-29,18,618,21,639
2013-01-29,19,400,11,411
2013-01-29,20,309,4,313
2013-01-29,21,240,8,248
2013-01-29,22,143,4,147
2013-01-29,23,77,2,79
2013-01-30,0,32,0,32
2013-01-30,1,16,1,17
2013-01-30,2,7,3,10
2013-01-30,3,2,1,3
2013-01-30,4,6,0,6
2013-01-30,5,26,0,26
2013-01-30,6,135,0,135
2013-01-30,7,401,6,407
2013-01-30,8,731,5,736
2013-01-30,9,313,9,322
2013-01-30,10,143,13,156
2013-01-30,11,133,14,147
2013-01-30,12,209,13,222
2013-01-30,13,168,23,191
2013-01-30,14,170,24,194
2013-01-30,15,185,15,200
2013-01-30,16,232,5,237
2013-01-30,17,528,16,544
2013-01-30,18,507,21,528
2013-01-30,19,348,10,358
2013-01-30,20,79,0,79
2013-01-30,21,46,1,47
2013-01-30,22,21,1,22
2013-01-30,23,22,1,23
2013-01-31,0,9,0,9
2013-01-31,1,6,0,6
2013-01-31,2,5,0,5
2013-01-31,3,3,0,3
2013-01-31,4,10,0,10
2013-01-31,5,27,0,27
2013-01-31,6,107,3,110
2013-01-31,7,302,7,309
2013-01-31,8,594,9,603
2013-01-31,9,315,6,321
2013-01-31,10,106,4,110
2013-01-31,11,153,12,165
2013-01-31,12,172,8,180
2013-01-31,13,142,9,151
2013-01-31,14,115,15,130
2013-01-31,15,140,9,149
2013-01-31,16,233,3,236
2013-01-31,17,532,12,544
2013-01-31,18,433,5,438
2013-01-31,19,278,5,283
2013-01-31,20,231,4,235
2013-01-31,21,157,3,160
2013-01-31,22,78,3,81
2013-01-31,23,57,3,60
2013-02-01,0,32,1,33
2013-02-01,1,17,1,18
2013-02-01,2,10,0,10
2013-02-01,3,2,0,2
2013-02-01,4,5,1,6
2013-02-01,5,30,1,31
2013-02-01,6,63,2,65
2013-02-01,7,151,2,153
2013-02-01,8,395,5,400
2013-02-01,9,261,5,266
2013-02-01,10,94,6,100
2013-02-01,11,115,6,121
2013-02-01,12,136,6,142
2013-02-01,13,119,11,130
2013-02-01,14,110,7,117
2013-02-01,15,118,8,126
2013-02-01,16,216,6,222
2013-02-01,17,382,7,389
2013-02-01,18,298,6,304
2013-02-01,19,182,1,183
2013-02-01,20,126,1,127
2013-02-01,21,89,0,89
2013-02-01,22,74,0,74
2013-02-01,23,52,1,53
2013-02-02,0,37,0,37
2013-02-02,1,31,0,31
2013-02-02,2,22,1,23
2013-02-02,3,8,1,9
2013-02-02,4,6,0,6
2013-02-02,5,2,0,2
2013-02-02,6,11,1,12
2013-02-02,7,35,2,37
2013-02-02,8,95,6,101
2013-02-02,9,120,14,134
2013-02-02,10,176,12,188
2013-02-02,11,180,18,198
2013-02-02,12,203,29,232
2013-02-02,13,193,29,222
2013-02-02,14,189,28,217
2013-02-02,15,233,27,260
2013-02-02,16,179,21,200
2013-02-02,17,120,17,137
2013-02-02,18,83,9,92
2013-02-02,19,67,4,71
2013-02-02,20,72,3,75
2013-02-02,21,54,4,58
2013-02-02,22,52,1,53
2013-02-02,23,49,6,55
2013-02-03,0,42,2,44
2013-02-03,1,40,3,43
2013-02-03,2,46,2,48
2013-02-03,3,17,1,18
2013-02-03,4,5,1,6
2013-02-03,5,3,0,3
2013-02-03,6,10,0,10
2013-02-03,7,16,0,16
2013-02-03,8,44,1,45
2013-02-03,9,71,6,77
2013-02-03,10,138,11,149
2013-02-03,11,187,21,208
2013-02-03,12,211,29,240
2013-02-03,13,191,19,210
2013-02-03,14,177,12,189
2013-02-03,15,176,11,187
2013-02-03,16,177,23,200
2013-02-03,17,239,22,261
2013-02-03,18,170,9,179
2013-02-03,19,68,4,72
2013-02-03,20,59,1,60
2013-02-03,21,63,0,63
2013-02-03,22,88,3,91
2013-02-03,23,132,4,136
2013-02-04,0,17,0,17
2013-02-04,1,5,0,5
2013-02-04,2,1,0,1
2013-02-04,3,4,0,4
2013-02-04,4,4,0,4
2013-02-04,5,20,0,20
2013-02-04,6,87,0,87
2013-02-04,7,278,1,279
2013-02-04,8,509,6,515
2013-02-04,9,279,8,287
2013-02-04,10,93,2,95
2013-02-04,11,96,15,111
2013-02-04,12,121,9,130
2013-02-04,13,124,12,136
2013-02-04,14,114,13,127
2013-02-04,15,135,11,146
2013-02-04,16,229,7,236
2013-02-04,17,482,12,494
2013-02-04,18,445,6,451
2013-02-04,19,300,8,308
2013-02-04,20,194,5,199
2013-02-04,21,142,4,146
2013-02-04,22,71,0,71
2013-02-04,23,47,3,50
2013-02-05,0,20,0,20
2013-02-05,1,7,0,7
2013-02-05,2,1,1,2
2013-02-05,3,3,0,3
2013-02-05,4,4,0,4
2013-02-05,5,21,2,23
2013-02-05,6,113,1,114
2013-02-05,7,307,3,310
2013-02-05,8,589,6,595
2013-02-05,9,279,8,287
2013-02-05,10,102,13,115
2013-02-05,11,142,13,155
2013-02-05,12,164,14,178
2013-02-05,13,172,10,182
2013-02-05,14,125,17,142
2013-02-05,15,149,12,161
2013-02-05,16,303,8,311
2013-02-05,17,526,9,535
2013-02-05,18,511,14,525
2013-02-05,19,335,5,340
2013-02-05,20,240,6,246
2013-02-05,21,153,3,156
2013-02-05,22,104,3,107
2013-02-05,23,57,3,60
2013-02-06,0,21,0,21
2013-02-06,1,6,2,8
2013-02-06,2,3,0,3
2013-02-06,3,1,0,1
2013-02-06,4,5,0,5
2013-02-06,5,37,2,39
2013-02-06,6,135,0,135
2013-02-06,7,352,4,356
2013-02-06,8,664,14,678
2013-02-06,9,288,16,304
2013-02-06,10,113,15,128
2013-02-06,11,114,8,122
2013-02-06,12,174,15,189
2013-02-06,13,172,14,186
2013-02-06,14,136,9,145
2013-02-06,15,187,11,198
2013-02-06,16,282,23,305
2013-02-06,17,550,11,561
2013-02-06,18,523,10,533
2013-02-06,19,348,6,354
2013-02-06,20,236,6,242
2013-02-06,21,182,4,186
2013-02-06,22,105,9,114
2013-02-06,23,58,0,58
2013-02-07,0,16,0,16
2013-02-07,1,4,0,4
2013-02-07,2,3,1,4
2013-02-07,3,4,0,4
2013-02-07,4,5,0,5
2013-02-07,5,25,2,27
2013-02-07,6,111,1,112
2013-02-07,7,315,3,318
2013-02-07,8,612,14,626
2013-02-07,9,251,11,262
2013-02-07,10,130,13,143
2013-02-07,11,122,22,144
2013-02-07,12,159,18,177
2013-02-07,13,167,17,184
2013-02-07,14,127,6,133
2013-02-07,15,150,14,164
2013-02-07,16,234,10,244
2013-02-07,17,524,16,540
2013-02-07,18,464,10,474
2013-02-07,19,309,3,312
2013-02-07,20,237,5,242
2013-02-07,21,142,6,148
2013-02-07,22,89,0,89
2013-02-07,23,63,3,66
2013-02-08,0,33,0,33
2013-02-08,1,18,0,18
2013-02-08,2,7,0,7
2013-02-08,3,2,0,2
2013-02-08,4,5,0,5
2013-02-08,5,19,2,21
2013-02-08,6,48,1,49
2013-02-08,7,89,2,91
2013-02-08,8,242,3,245
2013-02-08,9,204,5,209
2013-02-08,10,120,8,128
2013-02-08,11,113,11,124
2013-02-08,12,144,12,156
2013-02-08,13,143,7,150
2013-02-08,14,158,16,174
2013-02-08,15,154,11,165
2013-02-08,16,206,9,215
2013-02-08,17,453,16,469
2013-02-08,18,351,9,360
2013-02-08,19,246,10,256
2013-02-08,20,177,8,185
2013-02-08,21,129,5,134
2013-02-08,22,75,5,80
2013-02-08,23,69,6,75
2013-02-09,0,57,1,58
2013-02-09,1,47,1,48
2013-02-09,2,40,0,40
2013-02-09,3,8,2,10
2013-02-09,4,4,0,4
2013-02-09,6,8,0,8
2013-02-09,7,35,1,36
2013-02-09,8,68,3,71
2013-02-09,9,139,11,150
2013-02-09,10,167,24,191
2013-02-09,11,254,27,281
2013-02-09,12,235,42,277
2013-02-09,13,256,56,312
2013-02-09,14,228,56,284
2013-02-09,15,233,51,284
2013-02-09,16,255,49,304
2013-02-09,17,229,44,273
2013-02-09,18,221,20,241
2013-02-09,19,140,8,148
2013-02-09,20,123,10,133
2013-02-09,21,96,10,106
2013-02-09,22,73,3,76
2013-02-09,23,88,5,93
2013-02-10,0,65,8,73
2013-02-10,1,50,5,55
2013-02-10,2,45,2,47
2013-02-10,3,25,1,26
2013-02-10,4,6,0,6
2013-02-10,5,2,1,3
2013-02-10,6,12,3,15
2013-02-10,7,22,1,23
2013-02-10,8,62,2,64
2013-02-10,9,106,17,123
2013-02-10,10,208,20,228
2013-02-10,11,245,35,280
2013-02-10,12,270,47,317
2013-02-10,13,266,60,326
2013-02-10,14,285,75,360
2013-02-10,15,277,74,351
2013-02-10,16,266,61,327
2013-02-10,17,238,43,281
2013-02-10,18,200,14,214
2013-02-10,19,142,15,157
2013-02-10,20,93,5,98
2013-02-10,21,99,10,109
2013-02-10,22,54,0,54
2013-02-10,23,37,2,39
2013-02-11,0,13,0,13
2013-02-11,1,9,0,9
2013-02-11,2,5,1,6
2013-02-11,3,2,0,2
2013-02-11,4,1,0,1
2013-02-11,5,14,0,14
2013-02-11,6,40,1,41
2013-02-11,7,191,3,194
2013-02-11,8,451,5,456
2013-02-11,9,251,9,260
2013-02-11,10,113,3,116
2013-02-11,11,96,10,106
2013-02-11,12,137,12,149
2013-02-11,13,135,11,146
2013-02-11,14,151,7,158
2013-02-11,15,148,22,170
2013-02-11,16,297,20,317
2013-02-11,17,532,11,543
2013-02-11,18,520,18,538
2013-02-11,19,377,4,381
2013-02-11,20,229,5,234
2013-02-11,21,191,9,200
2013-02-11,22,117,0,117
2013-02-11,23,51,0,51
2013-02-12,0,21,0,21
2013-02-12,1,5,0,5
2013-02-12,2,3,1,4
2013-02-12,3,0,2,2
2013-02-12,4,5,1,6
2013-02-12,5,37,0,37
2013-02-12,6,143,0,143
2013-02-12,7,405,4,409
2013-02-12,8,658,13,671
2013-02-12,9,275,11,286
2013-02-12,10,132,12,144
2013-02-12,11,154,15,169
2013-02-12,12,226,14,240
2013-02-12,13,215,13,228
2013-02-12,14,163,22,185
2013-02-12,15,224,31,255
2013-02-12,16,343,37,380
2013-02-12,17,645,37,682
2013-02-12,18,610,19,629
2013-02-12,19,377,19,396
2013-02-12,20,298,10,308
2013-02-12,21,172,5,177
2013-02-12,22,128,6,134
2013-02-12,23,103,9,112
2013-02-13,0,24,1,25
2013-02-13,1,17,1,18
2013-02-13,2,5,0,5
2013-02-13,3,4,0,4
2013-02-13,4,7,1,8
2013-02-13,5,38,1,39
2013-02-13,6,120,0,120
2013-02-13,7,355,5,360
2013-02-13,8,738,15,753
2013-02-13,9,327,11,338
2013-02-13,10,132,15,147
2013-02-13,11,148,3,151
2013-02-13,12,198,30,228
2013-02-13,13,169,31,200
2013-02-13,14,149,16,165
2013-02-13,15,139,14,153
2013-02-13,16,145,9,154
2013-02-13,17,165,6,171
2013-02-13,18,153,5,158
2013-02-13,19,108,2,110
2013-02-13,20,74,0,74
2013-02-13,21,59,3,62
2013-02-13,22,53,1,54
2013-02-13,23,35,1,36
2013-02-14,0,15,0,15
2013-02-14,1,14,1,15
2013-02-14,2,4,0,4
2013-02-14,3,2,0,2
2013-02-14,4,3,0,3
2013-02-14,5,30,2,32
2013-02-14,6,102,1,103
2013-02-14,7,340,4,344
2013-02-14,8,584,8,592
2013-02-14,9,266,22,288
2013-02-14,10,135,21,156
2013-02-14,11,145,20,165
2013-02-14,12,212,36,248
2013-02-14,13,223,58,281
2013-02-14,14,208,30,238
2013-02-14,15,232,18,250
2013-02-14,16,351,32,383
2013-02-14,17,607,44,651
2013-02-14,18,506,30,536
2013-02-14,19,330,10,340
2013-02-14,20,179,3,182
2013-02-14,21,116,4,120
2013-02-14,22,100,9,109
2013-02-14,23,58,2,60
2013-02-15,0,41,5,46
2013-02-15,1,13,0,13
2013-02-15,2,9,2,11
2013-02-15,3,3,1,4
2013-02-15,4,6,0,6
2013-02-15,5,27,1,28
2013-02-15,6,105,1,106
2013-02-15,7,302,3,305
2013-02-15,8,658,18,676
2013-02-15,9,304,38,342
2013-02-15,10,159,47,206
2013-02-15,11,178,72,250
2013-02-15,12,244,74,318
2013-02-15,13,262,90,352
2013-02-15,14,234,67,301
2013-02-15,15,240,104,344
2013-02-15,16,365,62,427
2013-02-15,17,556,38,594
2013-02-15,18,392,27,419
2013-02-15,19,256,13,269
2013-02-15,20,154,9,163
2013-02-15,21,47,5,52
2013-02-15,22,40,5,45
2013-02-15,23,37,1,38
2013-02-16,0,33,1,34
2013-02-16,1,22,2,24
2013-02-16,2,26,3,29
2013-02-16,3,11,0,11
2013-02-16,4,4,0,4
2013-02-16,5,6,0,6
2013-02-16,6,19,1,20
2013-02-16,7,30,0,30
2013-02-16,8,77,4,81
2013-02-16,9,121,24,145
2013-02-16,10,185,46,231
2013-02-16,11,189,62,251
2013-02-16,12,218,72,290
2013-02-16,13,210,85,295
2013-02-16,14,191,79,270
2013-02-16,15,205,82,287
2013-02-16,16,183,61,244
2013-02-16,17,182,60,242
2013-02-16,18,177,27,204
2013-02-16,19,136,20,156
2013-02-16,20,92,19,111
2013-02-16,21,86,13,99
2013-02-16,22,71,11,82
2013-02-16,23,52,7,59
2013-02-17,0,42,6,48
2013-02-17,1,60,1,61
2013-02-17,2,39,5,44
2013-02-17,3,17,3,20
2013-02-17,4,5,0,5
2013-02-17,5,6,0,6
2013-02-17,6,6,4,10
2013-02-17,7,24,8,32
2013-02-17,8,50,10,60
2013-02-17,9,96,22,118
2013-02-17,10,142,54,196
2013-02-17,11,178,65,243
2013-02-17,12,162,68,230
2013-02-17,13,169,43,212
2013-02-17,14,179,36,215
2013-02-17,15,174,30,204
2013-02-17,16,145,51,196
2013-02-17,17,118,27,145
2013-02-17,18,100,21,121
2013-02-17,19,105,14,119
2013-02-17,20,62,0,62
2013-02-17,21,51,4,55
2013-02-17,22,32,10,42
2013-02-17,23,42,1,43
2013-02-18,0,28,0,28
2013-02-18,1,13,1,14
2013-02-18,2,10,4,14
2013-02-18,3,2,0,2
2013-02-18,4,2,0,2
2013-02-18,5,7,0,7
2013-02-18,6,23,0,23
2013-02-18,7,64,3,67
2013-02-18,8,120,4,124
2013-02-18,9,126,25,151
2013-02-18,10,122,20,142
2013-02-18,11,153,34,187
2013-02-18,12,170,56,226
2013-02-18,13,207,57,264
2013-02-18,14,234,70,304
2013-02-18,15,218,65,283
2013-02-18,16,238,62,300
2013-02-18,17,298,79,377
2013-02-18,18,234,27,261
2013-02-18,19,175,11,186
2013-02-18,20,136,10,146
2013-02-18,21,101,2,103
2013-02-18,22,69,0,69
2013-02-18,23,36,4,40
2013-02-19,0,15,2,17
2013-02-19,1,10,1,11
2013-02-19,2,4,1,5
2013-02-19,3,4,1,5
2013-02-19,4,8,0,8
2013-02-19,5,33,1,34
2013-02-19,6,122,0,122
2013-02-19,7,346,5,351
2013-02-19,8,590,15,605
2013-02-19,9,191,8,199
2013-02-19,10,62,7,69
2013-02-19,11,31,2,33
2013-02-19,12,58,3,61
2013-02-19,13,77,16,93
2013-02-19,14,92,11,103
2013-02-19,15,117,21,138
2013-02-19,16,218,13,231
2013-02-19,17,471,15,486
2013-02-19,18,498,11,509
2013-02-19,19,333,9,342
2013-02-19,20,201,5,206
2013-02-19,21,150,8,158
2013-02-19,22,79,2,81
2013-02-19,23,59,6,65
2013-02-20,0,25,3,28
2013-02-20,1,8,0,8
2013-02-20,2,4,0,4
2013-02-20,3,3,0,3
2013-02-20,4,6,0,6
2013-02-20,5,28,0,28
2013-02-20,6,136,1,137
2013-02-20,7,307,2,309
2013-02-20,8,642,11,653
2013-02-20,9,256,20,276
2013-02-20,10,98,6,104
2013-02-20,11,125,15,140
2013-02-20,12,168,15,183
2013-02-20,13,152,24,176
2013-02-20,14,119,25,144
2013-02-20,15,155,18,173
2013-02-20,16,226,10,236
2013-02-20,17,480,14,494
2013-02-20,18,450,4,454
2013-02-20,19,283,2,285
2013-02-20,20,201,10,211
2013-02-20,21,154,4,158
2013-02-20,22,92,5,97
2013-02-20,23,44,1,45
2013-02-21,0,14,0,14
2013-02-21,1,8,1,9
2013-02-21,2,3,0,3
2013-02-21,3,4,0,4
2013-02-21,4,4,0,4
2013-02-21,5,26,1,27
2013-02-21,6,101,3,104
2013-02-21,7,301,5,306
2013-02-21,8,541,15,556
2013-02-21,9,223,17,240
2013-02-21,10,100,8,108
2013-02-21,11,96,17,113
2013-02-21,12,139,13,152
2013-02-21,13,156,16,172
2013-02-21,14,105,13,118
2013-02-21,15,140,15,155
2013-02-21,16,275,16,291
2013-02-21,17,461,17,478
2013-02-21,18,447,13,460
2013-02-21,19,249,0,249
2013-02-21,20,209,8,217
2013-02-21,21,165,5,170
2013-02-21,22,99,2,101
2013-02-21,23,56,2,58
2013-02-22,0,30,4,34
2013-02-22,1,19,0,19
2013-02-22,2,10,1,11
2013-02-22,3,7,0,7
2013-02-22,4,7,0,7
2013-02-22,5,28,0,28
2013-02-22,6,106,0,106
2013-02-22,7,278,5,283
2013-02-22,8,568,11,579
2013-02-22,9,304,6,310
2013-02-22,10,124,9,133
2013-02-22,11,135,11,146
2013-02-22,12,130,6,136
2013-02-22,13,76,8,84
2013-02-22,14,97,4,101
2013-02-22,15,120,13,133
2013-02-22,16,190,11,201
2013-02-22,17,329,11,340
2013-02-22,18,258,7,265
2013-02-22,19,186,3,189
2013-02-22,20,132,5,137
2013-02-22,21,111,4,115
2013-02-22,22,95,4,99
2013-02-22,23,63,0,63
2013-02-23,0,42,5,47
2013-02-23,1,42,2,44
2013-02-23,2,29,2,31
2013-02-23,3,10,2,12
2013-02-23,4,6,0,6
2013-02-23,5,1,0,1
2013-02-23,6,6,1,7
2013-02-23,7,32,3,35
2013-02-23,8,62,3,65
2013-02-23,9,88,5,93
2013-02-23,10,106,7,113
2013-02-23,11,99,12,111
2013-02-23,12,113,13,126
2013-02-23,13,136,14,150
2013-02-23,14,159,10,169
2013-02-23,15,210,37,247
2013-02-23,16,212,31,243
2013-02-23,17,227,13,240
2013-02-23,18,179,13,192
2013-02-23,19,168,6,174
2013-02-23,20,118,14,132
2013-02-23,21,104,10,114
2013-02-23,22,108,4,112
2013-02-23,23,79,4,83
2013-02-24,0,77,7,84
2013-02-24,1,79,0,79
2013-02-24,2,59,7,66
2013-02-24,3,22,7,29
2013-02-24,4,6,2,8
2013-02-24,5,6,1,7
2013-02-24,6,11,0,11
2013-02-24,7,36,1,37
2013-02-24,8,75,5,80
2013-02-24,9,130,22,152
2013-02-24,10,212,58,270
2013-02-24,11,242,52,294
2013-02-24,12,329,88,417
2013-02-24,13,332,133,465
2013-02-24,14,365,127,492
2013-02-24,15,357,137,494
2013-02-24,16,316,89,405
2013-02-24,17,274,56,330
2013-02-24,18,171,27,198
2013-02-24,19,138,16,154
2013-02-24,20,95,5,100
2013-02-24,21,55,1,56
2013-02-24,22,68,1,69
2013-02-24,23,24,4,28
2013-02-25,0,53,3,56
2013-02-25,1,8,0,8
2013-02-25,2,2,0,2
2013-02-25,4,5,0,5
2013-02-25,5,26,1,27
2013-02-25,6,107,0,107
2013-02-25,7,306,5,311
2013-02-25,8,604,9,613
2013-02-25,9,293,15,308
2013-02-25,10,110,21,131
2013-02-25,11,106,18,124
2013-02-25,12,162,26,188
2013-02-25,13,152,44,196
2013-02-25,14,174,28,202
2013-02-25,15,206,32,238
2013-02-25,16,305,26,331
2013-02-25,17,597,36,633
2013-02-25,18,515,15,530
2013-02-25,19,355,22,377
2013-02-25,20,242,7,249
2013-02-25,21,156,11,167
2013-02-25,22,91,7,98
2013-02-25,23,42,5,47
2013-02-26,0,16,1,17
2013-02-26,1,10,0,10
2013-02-26,2,2,1,3
2013-02-26,3,8,0,8
2013-02-26,4,4,0,4
2013-02-26,5,31,2,33
2013-02-26,6,128,3,131
2013-02-26,7,397,3,400
2013-02-26,8,616,23,639
2013-02-26,9,284,22,306
2013-02-26,10,119,9,128
2013-02-26,11,82,18,100
2013-02-26,12,63,8,71
2013-02-26,13,56,7,63
2013-02-26,14,37,6,43
2013-02-26,15,30,11,41
2013-02-26,16,72,9,81
2013-02-26,17,255,10,265
2013-02-26,18,134,8,142
2013-02-26,19,111,0,111
2013-02-26,20,46,2,48
2013-02-26,21,45,4,49
2013-02-26,22,27,0,27
2013-02-26,23,20,2,22
2013-02-27,0,11,0,11
2013-02-27,1,7,0,7
2013-02-27,2,3,0,3
2013-02-27,3,2,0,2
2013-02-27,4,4,0,4
2013-02-27,5,36,0,36
2013-02-27,6,112,2,114
2013-02-27,7,329,5,334
2013-02-27,8,622,12,634
2013-02-27,9,295,21,316
2013-02-27,10,144,26,170
2013-02-27,11,150,14,164
2013-02-27,12,208,30,238
2013-02-27,13,190,31,221
2013-02-27,14,166,40,206
2013-02-27,15,183,29,212
2013-02-27,16,332,22,354
2013-02-27,17,608,48,656
2013-02-27,18,564,25,589
2013-02-27,19,362,12,374
2013-02-27,20,281,18,299
2013-02-27,21,222,13,235
2013-02-27,22,134,7,141
2013-02-27,23,60,8,68
2013-02-28,0,31,0,31
2013-02-28,1,21,2,23
2013-02-28,2,9,0,9
2013-02-28,4,3,0,3
2013-02-28,5,29,1,30
2013-02-28,6,127,2,129
2013-02-28,7,348,8,356
2013-02-28,8,689,16,705
2013-02-28,9,297,19,316
2013-02-28,10,143,25,168
2013-02-28,11,170,28,198
2013-02-28,12,204,27,231
2013-02-28,13,179,19,198
2013-02-28,14,148,22,170
2013-02-28,15,177,18,195
2013-02-28,16,255,21,276
2013-02-28,17,511,26,537
2013-02-28,18,524,26,550
2013-02-28,19,318,13,331
2013-02-28,20,225,13,238
2013-02-28,21,180,5,185
2013-02-28,22,131,2,133
2013-02-28,23,69,3,72
2013-03-01,0,27,0,27
2013-03-01,1,22,1,23
2013-03-01,2,10,2,12
2013-03-01,3,7,0,7
2013-03-01,4,9,2,11
2013-03-01,5,30,1,31
2013-03-01,6,125,1,126
2013-03-01,7,335,4,339
2013-03-01,8,663,21,684
2013-03-01,9,299,19,318
2013-03-01,10,157,21,178
2013-03-01,11,176,30,206
2013-03-01,12,195,27,222
2013-03-01,13,178,23,201
2013-03-01,14,157,26,183
2013-03-01,15,197,30,227
2013-03-01,16,306,24,330
2013-03-01,17,505,38,543
2013-03-01,18,406,24,430
2013-03-01,19,276,10,286
2013-03-01,20,172,5,177
2013-03-01,21,119,14,133
2013-03-01,22,112,3,115
2013-03-01,23,74,3,77
2013-03-02,0,59,6,65
2013-03-02,1,53,7,60
2013-03-02,2,45,2,47
2013-03-02,3,19,3,22
2013-03-02,4,7,2,9
2013-03-02,5,3,0,3
2013-03-02,6,13,1,14
2013-03-02,7,49,5,54
2013-03-02,8,110,10,120
2013-03-02,9,158,17,175
2013-03-02,10,203,30,233
2013-03-02,11,203,61,264
2013-03-02,12,293,50,343
2013-03-02,13,258,47,305
2013-03-02,14,203,84,287
2013-03-02,15,238,71,309
2013-03-02,16,178,73,251
2013-03-02,17,205,62,267
2013-03-02,18,190,63,253
2013-03-02,19,149,26,175
2013-03-02,20,120,16,136
2013-03-02,21,108,17,125
2013-03-02,22,83,18,101
2013-03-02,23,86,3,89
2013-03-03,0,54,1,55
2013-03-03,1,51,4,55
2013-03-03,2,34,4,38
2013-03-03,3,22,2,24
2013-03-03,4,8,2,10
2013-03-03,5,3,1,4
2013-03-03,6,11,0,11
2013-03-03,7,26,3,29
2013-03-03,8,62,7,69
2013-03-03,9,102,18,120
2013-03-03,10,152,39,191
2013-03-03,11,208,38,246
2013-03-03,12,214,54,268
2013-03-03,13,202,52,254
2013-03-03,14,216,37,253
2013-03-03,15,227,50,277
2013-03-03,16,225,45,270
2013-03-03,17,205,38,243
2013-03-03,18,190,35,225
2013-03-03,19,120,12,132
2013-03-03,20,89,9,98
2013-03-03,21,78,14,92
2013-03-03,22,52,4,56
2013-03-03,23,22,6,28
2013-03-04,0,7,2,9
2013-03-04,1,6,0,6
2013-03-04,2,4,0,4
2013-03-04,3,1,0,1
2013-03-04,4,5,0,5
2013-03-04,5,31,0,31
2013-03-04,6,97,1,98
2013-03-04,7,299,7,306
2013-03-04,8,548,18,566
2013-03-04,9,229,19,248
2013-03-04,10,113,17,130
2013-03-04,11,108,37,145
2013-03-04,12,150,27,177
2013-03-04,13,131,25,156
2013-03-04,14,117,21,138
2013-03-04,15,145,31,176
2013-03-04,16,291,25,316
2013-03-04,17,518,26,544
2013-03-04,18,465,8,473
2013-03-04,19,341,7,348
2013-03-04,20,219,7,226
2013-03-04,21,134,11,145
2013-03-04,22,94,19,113
2013-03-04,23,48,3,51
2013-03-05,0,31,4,35
2013-03-05,1,10,1,11
2013-03-05,2,9,0,9
2013-03-05,3,1,0,1
2013-03-05,4,4,0,4
2013-03-05,5,39,1,40
2013-03-05,6,118,3,121
2013-03-05,7,364,31,395
2013-03-05,8,684,30,714
2013-03-05,9,274,21,295
2013-03-05,10,134,22,156
2013-03-05,11,129,18,147
2013-03-05,12,193,16,209
2013-03-05,13,180,36,216
2013-03-05,14,149,42,191
2013-03-05,15,166,48,214
2013-03-05,16,294,43,337
2013-03-05,17,563,38,601
2013-03-05,18,538,18,556
2013-03-05,19,322,23,345
2013-03-05,20,215,11,226
2013-03-05,21,168,16,184
2013-03-05,22,102,19,121
2013-03-05,23,50,3,53
2013-03-06,0,17,1,18
2013-03-06,1,7,3,10
2013-03-06,2,4,1,5
2013-03-06,3,1,0,1
2013-03-06,4,3,0,3
2013-03-06,5,5,0,5
2013-03-06,6,10,0,10
2013-03-06,7,33,5,38
2013-03-06,8,56,4,60
2013-03-06,9,47,0,47
2013-03-06,10,32,1,33
2013-03-06,11,39,2,41
2013-03-06,12,29,1,30
2013-03-06,13,40,6,46
2013-03-06,14,45,1,46
2013-03-06,15,26,1,27
2013-03-06,16,48,3,51
2013-03-06,17,87,4,91
2013-03-06,18,109,4,113
2013-03-06,19,114,14,128
2013-03-06,20,88,15,103
2013-03-06,21,95,4,99
2013-03-06,22,66,5,71
2013-03-06,23,45,4,49
2013-03-07,0,16,2,18
2013-03-07,1,8,3,11
2013-03-07,2,0,2,2
2013-03-07,3,2,0,2
2013-03-07,4,6,0,6
2013-03-07,5,34,0,34
2013-03-07,6,110,0,110
2013-03-07,7,327,13,340
2013-03-07,8,661,21,682
2013-03-07,9,266,16,282
2013-03-07,10,142,20,162
2013-03-07,11,128,23,151
2013-03-07,12,191,29,220
2013-03-07,13,168,21,189
2013-03-07,14,160,27,187
2013-03-07,15,180,28,208
2013-03-07,16,282,22,304
2013-03-07,17,566,20,586
2013-03-07,18,531,19,550
2013-03-07,19,327,14,341
2013-03-07,20,223,15,238
2013-03-07,21,189,8,197
2013-03-07,22,122,6,128
2013-03-07,23,52,6,58
2013-03-08,0,38,7,45
2013-03-08,1,20,5,25
2013-03-08,2,4,4,8
2013-03-08,3,2,0,2
2013-03-08,4,6,1,7
2013-03-08,5,36,1,37
2013-03-08,6,109,0,109
2013-03-08,7,333,7,340
2013-03-08,8,602,9,611
2013-03-08,9,269,17,286
2013-03-08,10,120,21,141
2013-03-08,11,145,26,171
2013-03-08,12,189,30,219
2013-03-08,13,170,44,214
2013-03-08,14,165,41,206
2013-03-08,15,205,27,232
2013-03-08,16,303,46,349
2013-03-08,17,525,35,560
2013-03-08,18,417,21,438
2013-03-08,19,279,22,301
2013-03-08,20,183,5,188
2013-03-08,21,143,13,156
2013-03-08,22,88,15,103
2013-03-08,23,74,13,87
2013-03-09,0,72,5,77
2013-03-09,1,62,5,67
2013-03-09,2,35,4,39
2013-03-09,3,9,1,10
2013-03-09,4,4,2,6
2013-03-09,5,4,1,5
2013-03-09,6,15,1,16
2013-03-09,7,49,5,54
2013-03-09,8,103,15,118
2013-03-09,9,194,40,234
2013-03-09,10,283,80,363
2013-03-09,11,316,151,467
2013-03-09,12,366,164,530
2013-03-09,13,367,254,621
2013-03-09,14,440,300,740
2013-03-09,15,429,274,703
2013-03-09,16,434,296,730
2013-03-09,17,357,247,604
2013-03-09,18,279,120,399
2013-03-09,19,214,83,297
2013-03-09,20,184,42,226
2013-03-09,21,134,36,170
2013-03-09,22,133,26,159
2013-03-09,23,117,16,133
2013-03-10,0,91,2,93
2013-03-10,1,74,10,84
2013-03-10,3,55,11,66
2013-03-10,4,27,3,30
2013-03-10,5,4,1,5
2013-03-10,6,6,1,7
2013-03-10,7,35,4,39
2013-03-10,8,87,11,98
2013-03-10,9,119,36,155
2013-03-10,10,246,86,332
2013-03-10,11,304,133,437
2013-03-10,12,386,193,579
2013-03-10,13,421,264,685
2013-03-10,14,429,298,727
2013-03-10,15,418,314,732
2013-03-10,16,437,295,732
2013-03-10,17,401,276,677
2013-03-10,18,317,161,478
2013-03-10,19,220,92,312
2013-03-10,20,142,66,208
2013-03-10,21,114,44,158
2013-03-10,22,63,16,79
2013-03-10,23,40,11,51
2013-03-11,0,23,4,27
2013-03-11,1,6,2,8
2013-03-11,2,6,2,8
2013-03-11,3,3,0,3
2013-03-11,4,6,0,6
2013-03-11,5,32,4,36
2013-03-11,6,108,4,112
2013-03-11,7,328,11,339
2013-03-11,8,604,22,626
2013-03-11,9,285,39,324
2013-03-11,10,111,41,152
2013-03-11,11,115,84,199
2013-03-11,12,161,95,256
2013-03-11,13,173,79,252
2013-03-11,14,146,82,228
2013-03-11,15,177,120,297
2013-03-11,16,290,122,412
2013-03-11,17,681,131,812
2013-03-11,18,649,64,713
2013-03-11,19,425,44,469
2013-03-11,20,288,30,318
2013-03-11,21,202,26,228
2013-03-11,22,123,12,135
2013-03-11,23,71,8,79
2013-03-12,0,21,2,23
2013-03-12,1,11,2,13
2013-03-12,2,6,4,10
2013-03-12,3,5,0,5
2013-03-12,4,5,0,5
2013-03-12,5,15,0,15
2013-03-12,6,61,0,61
2013-03-12,7,58,1,59
2013-03-12,8,257,10,267
2013-03-12,9,234,20,254
2013-03-12,10,26,7,33
2013-03-12,11,22,1,23
2013-03-12,12,50,11,61
2013-03-12,13,125,17,142
2013-03-12,14,140,40,180
2013-03-12,15,210,62,272
2013-03-12,16,311,40,351
2013-03-12,17,641,61,702
2013-03-12,18,595,39,634
2013-03-12,19,380,43,423
2013-03-12,20,252,30,282
2013-03-12,21,208,30,238
2013-03-12,22,101,23,124
2013-03-12,23,62,6,68
2013-03-13,0,22,3,25
2013-03-13,1,11,0,11
2013-03-13,2,4,0,4
2013-03-13,3,3,0,3
2013-03-13,4,8,0,8
2013-03-13,5,31,2,33
2013-03-13,6,109,0,109
2013-03-13,7,357,10,367
2013-03-13,8,698,14,712
2013-03-13,9,327,19,346
2013-03-13,10,134,40,174
2013-03-13,11,146,86,232
2013-03-13,12,214,51,265
2013-03-13,13,185,49,234
2013-03-13,14,174,71,245
2013-03-13,15,173,61,234
2013-03-13,16,289,46,335
2013-03-13,17,605,58,663
2013-03-13,18,579,40,619
2013-03-13,19,402,28,430
2013-03-13,20,239,24,263
2013-03-13,21,201,6,207
2013-03-13,22,98,14,112
2013-03-13,23,59,3,62
2013-03-14,0,24,3,27
2013-03-14,1,12,0,12
2013-03-14,2,6,1,7
2013-03-14,3,3,0,3
2013-03-14,4,5,0,5
2013-03-14,5,36,1,37
2013-03-14,6,94,2,96
2013-03-14,7,305,9,314
2013-03-14,8,597,19,616
2013-03-14,9,299,7,306
2013-03-14,10,115,25,140
2013-03-14,11,140,21,161
2013-03-14,12,173,43,216
2013-03-14,13,186,43,229
2013-03-14,14,161,46,207
2013-03-14,15,150,47,197
2013-03-14,16,249,50,299
2013-03-14,17,488,31,519
2013-03-14,18,481,34,515
2013-03-14,19,307,19,326
2013-03-14,20,230,17,247
2013-03-14,21,161,10,171
2013-03-14,22,93,7,100
2013-03-14,23,71,5,76
2013-03-15,0,36,5,41
2013-03-15,1,16,1,17
2013-03-15,2,8,1,9
2013-03-15,3,8,0,8
2013-03-15,4,9,0,9
2013-03-15,5,35,0,35
2013-03-15,6,94,1,95
2013-03-15,7,275,2,277
2013-03-15,8,596,15,611
2013-03-15,9,330,18,348
2013-03-15,10,148,38,186
2013-03-15,11,159,68,227
2013-03-15,12,238,64,302
2013-03-15,13,222,105,327
2013-03-15,14,199,152,351
2013-03-15,15,273,165,438
2013-03-15,16,346,158,504
2013-03-15,17,598,145,743
2013-03-15,18,560,108,668
2013-03-15,19,339,48,387
2013-03-15,20,234,33,267
2013-03-15,21,167,34,201
2013-03-15,22,138,31,169
2013-03-15,23,101,9,110
2013-03-16,0,85,19,104
2013-03-16,1,57,2,59
2013-03-16,2,60,4,64
2013-03-16,3,28,5,33
2013-03-16,4,4,1,5
2013-03-16,5,23,2,25
2013-03-16,6,92,16,108
2013-03-16,7,93,36,129
2013-03-16,8,169,45,214
2013-03-16,9,244,75,319
2013-03-16,10,315,120,435
2013-03-16,11,355,161,516
2013-03-16,12,369,182,551
2013-03-16,13,360,194,554
2013-03-16,14,330,183,513
2013-03-16,15,354,217,571
2013-03-16,16,249,173,422
2013-03-16,17,185,121,306
2013-03-16,18,220,84,304
2013-03-16,19,213,71,284
2013-03-16,20,163,32,195
2013-03-16,21,143,23,166
2013-03-16,22,139,26,165
2013-03-16,23,107,19,126
2013-03-17,0,79,12,91
2013-03-17,1,74,7,81
2013-03-17,2,64,6,70
2013-03-17,3,24,1,25
2013-03-17,4,5,0,5
2013-03-17,5,5,1,6
2013-03-17,6,7,5,12
2013-03-17,7,24,8,32
2013-03-17,8,65,18,83
2013-03-17,9,108,51,159
2013-03-17,10,201,70,271
2013-03-17,11,279,110,389
2013-03-17,12,273,111,384
2013-03-17,13,243,91,334
2013-03-17,14,220,89,309
2013-03-17,15,227,104,331
2013-03-17,16,253,74,327
2013-03-17,17,213,85,298
2013-03-17,18,167,42,209
2013-03-17,19,140,29,169
2013-03-17,20,99,39,138
2013-03-17,21,84,17,101
2013-03-17,22,74,9,83
2013-03-17,23,32,3,35
2013-03-18,0,20,6,26
2013-03-18,1,7,2,9
2013-03-18,2,6,0,6
2013-03-18,3,4,0,4
2013-03-18,4,7,0,7
2013-03-18,5,31,2,33
2013-03-18,6,93,1,94
2013-03-18,7,259,6,265
2013-03-18,8,508,9,517
2013-03-18,9,217,19,236
2013-03-18,10,93,22,115
2013-03-18,11,97,16,113
2013-03-18,12,154,22,176
2013-03-18,13,102,35,137
2013-03-18,14,87,22,109
2013-03-18,15,90,21,111
2013-03-18,16,98,18,116
2013-03-18,17,164,13,177
2013-03-18,18,122,7,129
2013-03-18,19,114,6,120
2013-03-18,20,82,7,89
2013-03-18,21,71,11,82
2013-03-18,22,44,2,46
2013-03-18,23,29,1,30
2013-03-19,0,19,3,22
2013-03-19,1,7,0,7
2013-03-19,2,5,1,6
2013-03-19,3,2,0,2
2013-03-19,4,8,0,8
2013-03-19,5,33,0,33
2013-03-19,6,102,0,102
2013-03-19,7,332,4,336
2013-03-19,8,629,11,640
2013-03-19,9,310,9,319
2013-03-19,10,135,22,157
2013-03-19,11,162,42,204
2013-03-19,12,206,50,256
2013-03-19,13,220,49,269
2013-03-19,14,189,83,272
2013-03-19,15,189,86,275
2013-03-19,16,326,88,414
2013-03-19,17,664,78,742
2013-03-19,18,687,53,740
2013-03-19,19,414,28,442
2013-03-19,20,258,24,282
2013-03-19,21,204,16,220
2013-03-19,22,113,14,127
2013-03-19,23,54,13,67
2013-03-20,0,16,0,16
2013-03-20,1,6,0,6
2013-03-20,2,5,0,5
2013-03-20,3,3,0,3
2013-03-20,4,4,0,4
2013-03-20,5,34,1,35
2013-03-20,6,133,5,138
2013-03-20,7,368,9,377
2013-03-20,8,718,19,737
2013-03-20,9,323,20,343
2013-03-20,10,146,39,185
2013-03-20,11,156,35,191
2013-03-20,12,217,41,258
2013-03-20,13,187,54,241
2013-03-20,14,174,49,223
2013-03-20,15,174,43,217
2013-03-20,16,296,73,369
2013-03-20,17,633,52,685
2013-03-20,18,571,40,611
2013-03-20,19,397,22,419
2013-03-20,20,270,21,291
2013-03-20,21,226,23,249
2013-03-20,22,126,8,134
2013-03-20,23,67,2,69
2013-03-21,0,31,0,31
2013-03-21,1,12,1,13
2013-03-21,2,6,1,7
2013-03-21,3,2,0,2
2013-03-21,4,8,0,8
2013-03-21,5,23,0,23
2013-03-21,6,88,1,89
2013-03-21,7,298,8,306
2013-03-21,8,614,15,629
2013-03-21,9,304,19,323
2013-03-21,10,143,20,163
2013-03-21,11,141,36,177
2013-03-21,12,136,21,157
2013-03-21,13,183,36,219
2013-03-21,14,114,13,127
2013-03-21,15,153,29,182
2013-03-21,16,231,25,256
2013-03-21,17,480,29,509
2013-03-21,18,432,18,450
2013-03-21,19,285,19,304
2013-03-21,20,200,12,212
2013-03-21,21,158,2,160
2013-03-21,22,111,2,113
2013-03-21,23,47,1,48
2013-03-22,0,32,4,36
2013-03-22,1,13,0,13
2013-03-22,2,7,3,10
2013-03-22,3,3,0,3
2013-03-22,4,8,0,8
2013-03-22,5,26,0,26
2013-03-22,6,96,2,98
2013-03-22,7,243,4,247
2013-03-22,8,601,26,627
2013-03-22,9,311,11,322
2013-03-22,10,142,30,172
2013-03-22,11,147,49,196
2013-03-22,12,209,52,261
2013-03-22,13,192,54,246
2013-03-22,14,187,62,249
2013-03-22,15,212,87,299
2013-03-22,16,326,65,391
2013-03-22,17,608,74,682
2013-03-22,18,471,58,529
2013-03-22,19,339,47,386
2013-03-22,20,210,20,230
2013-03-22,21,158,15,173
2013-03-22,22,108,11,119
2013-03-22,23,76,8,84
2013-03-23,0,69,4,73
2013-03-23,1,56,4,60
2013-03-23,2,39,7,46
2013-03-23,3,9,0,9
2013-03-23,4,7,1,8
2013-03-23,5,8,0,8
2013-03-23,6,18,3,21
2013-03-23,7,58,7,65
2013-03-23,8,106,14,120
2013-03-23,9,171,45,216
2013-03-23,10,240,67,307
2013-03-23,11,275,160,435
2013-03-23,12,331,198,529
2013-03-23,13,328,287,615
2013-03-23,14,315,308,623
2013-03-23,15,357,364,721
2013-03-23,16,311,326,637
2013-03-23,17,307,263,570
2013-03-23,18,293,184,477
2013-03-23,19,224,105,329
2013-03-23,20,154,48,202
2013-03-23,21,132,27,159
2013-03-23,22,110,39,149
2013-03-23,23,88,12,100
2013-03-24,0,77,6,83
2013-03-24,1,62,4,66
2013-03-24,2,48,1,49
2013-03-24,3,26,1,27
2013-03-24,4,6,5,11
2013-03-24,5,2,1,3
2013-03-24,6,7,2,9
2013-03-24,7,21,2,23
2013-03-24,8,72,14,86
2013-03-24,9,108,61,169
2013-03-24,10,183,72,255
2013-03-24,11,227,79,306
2013-03-24,12,295,135,430
2013-03-24,13,270,157,427
2013-03-24,14,263,166,429
2013-03-24,15,204,108,312
2013-03-24,16,198,130,328
2013-03-24,17,212,58,270
2013-03-24,18,176,62,238
2013-03-24,19,123,26,149
2013-03-24,20,74,8,82
2013-03-24,21,41,4,45
2013-03-24,22,36,5,41
2013-03-24,23,17,2,19
2013-03-25,0,16,4,20
2013-03-25,1,9,0,9
2013-03-25,2,1,0,1
2013-03-25,3,2,0,2
2013-03-25,4,5,0,5
2013-03-25,5,9,0,9
2013-03-25,6,28,0,28
2013-03-25,7,80,2,82
2013-03-25,8,187,3,190
2013-03-25,9,129,4,133
2013-03-25,10,52,4,56
2013-03-25,11,52,0,52
2013-03-25,12,47,3,50
2013-03-25,13,57,12,69
2013-03-25,14,42,11,53
2013-03-25,15,73,6,79
2013-03-25,16,138,4,142
2013-03-25,17,232,9,241
2013-03-25,18,204,3,207
2013-03-25,19,157,10,167
2013-03-25,20,112,1,113
2013-03-25,21,92,4,96
2013-03-25,22,58,4,62
2013-03-25,23,46,0,46
2013-03-26,0,12,0,12
2013-03-26,1,9,0,9
2013-03-26,2,3,0,3
2013-03-26,3,3,0,3
2013-03-26,4,10,0,10
2013-03-26,5,32,1,33
2013-03-26,6,95,3,98
2013-03-26,7,297,3,300
2013-03-26,8,657,11,668
2013-03-26,9,325,23,348
2013-03-26,10,117,50,167
2013-03-26,11,154,42,196
2013-03-26,12,205,54,259
2013-03-26,13,189,67,256
2013-03-26,14,128,62,190
2013-03-26,15,165,48,213
2013-03-26,16,312,65,377
2013-03-26,17,636,75,711
2013-03-26,18,583,52,635
2013-03-26,19,394,52,446
2013-03-26,20,248,27,275
2013-03-26,21,172,5,177
2013-03-26,22,120,4,124
2013-03-26,23,70,3,73
2013-03-27,0,46,0,46
2013-03-27,1,13,0,13
2013-03-27,2,4,0,4
2013-03-27,3,8,0,8
2013-03-27,4,7,0,7
2013-03-27,5,32,0,32
2013-03-27,6,110,2,112
2013-03-27,7,336,6,342
2013-03-27,8,726,21,747
2013-03-27,9,309,11,320
2013-03-27,10,146,47,193
2013-03-27,11,170,53,223
2013-03-27,12,213,57,270
2013-03-27,13,175,44,219
2013-03-27,14,187,88,275
2013-03-27,15,161,59,220
2013-03-27,16,310,44,354
2013-03-27,17,606,65,671
2013-03-27,18,619,53,672
2013-03-27,19,376,39,415
2013-03-27,20,237,24,261
2013-03-27,21,189,12,201
2013-03-27,22,109,17,126
2013-03-27,23,65,4,69
2013-03-28,0,36,0,36
2013-03-28,1,9,2,11
2013-03-28,2,7,1,8
2013-03-28,3,2,0,2
2013-03-28,4,6,0,6
2013-03-28,5,35,0,35
2013-03-28,6,89,6,95
2013-03-28,7,344,6,350
2013-03-28,8,686,26,712
2013-03-28,9,336,25,361
2013-03-28,10,127,43,170
2013-03-28,11,159,63,222
2013-03-28,12,198,53,251
2013-03-28,13,174,59,233
2013-03-28,14,129,61,190
2013-03-28,15,174,80,254
2013-03-28,16,268,54,322
2013-03-28,17,615,58,673
2013-03-28,18,528,62,590
2013-03-28,19,324,39,363
2013-03-28,20,245,30,275
2013-03-28,21,192,8,200
2013-03-28,22,122,16,138
2013-03-28,23,79,7,86
2013-03-29,0,81,7,88
2013-03-29,1,20,3,23
2013-03-29,2,18,2,20
2013-03-29,3,5,0,5
2013-03-29,4,7,0,7
2013-03-29,5,31,0,31
2013-03-29,6,90,4,94
2013-03-29,7,265,11,276
2013-03-29,8,603,20,623
2013-03-29,9,373,51,424
2013-03-29,10,189,94,283
2013-03-29,11,222,113,335
2013-03-29,12,320,202,522
2013-03-29,13,289,173,462
2013-03-29,14,256,182,438
2013-03-29,15,287,239,526
2013-03-29,16,386,206,592
2013-03-29,17,591,195,786
2013-03-29,18,442,149,591
2013-03-29,19,356,108,464
2013-03-29,20,234,84,318
2013-03-29,21,153,75,228
2013-03-29,22,135,30,165
2013-03-29,23,63,20,83
2013-03-30,0,85,20,105
2013-03-30,1,58,9,67
2013-03-30,2,44,10,54
2013-03-30,3,16,5,21
2013-03-30,4,3,0,3
2013-03-30,5,4,1,5
2013-03-30,6,16,3,19
2013-03-30,7,48,7,55
2013-03-30,8,114,28,142
2013-03-30,9,178,93,271
2013-03-30,10,252,279,531
2013-03-30,11,366,398,764
2013-03-30,12,397,490,887
2013-03-30,13,453,549,1002
2013-03-30,14,372,548,920
2013-03-30,15,380,565,945
2013-03-30,16,388,498,886
2013-03-30,17,346,472,818
2013-03-30,18,317,367,684
2013-03-30,19,247,284,531
2013-03-30,20,138,173,311
2013-03-30,21,135,77,212
2013-03-30,22,132,80,212
2013-03-30,23,103,50,153
2013-03-31,0,86,27,113
2013-03-31,1,56,20,76
2013-03-31,2,48,14,62
2013-03-31,3,29,10,39
2013-03-31,4,8,8,16
2013-03-31,5,6,6,12
2013-03-31,6,14,12,26
2013-03-31,7,33,16,49
2013-03-31,8,95,41,136
2013-03-31,9,127,85,212
2013-03-31,10,206,147,353
2013-03-31,11,265,178,443
2013-03-31,12,172,191,363
2013-03-31,13,164,86,250
2013-03-31,14,101,97,198
2013-03-31,15,122,64,186
2013-03-31,16,137,89,226
2013-03-31,17,145,74,219
2013-03-31,18,116,64,180
2013-03-31,19,138,73,211
2013-03-31,20,119,34,153
2013-03-31,21,78,29,107
2013-03-31,22,78,27,105
2013-03-31,23,41,9,50
2013-04-01,0,17,3,20
2013-04-01,1,4,2,6
2013-04-01,2,9,0,9
2013-04-01,3,3,0,3
2013-04-01,4,12,2,14
2013-04-01,5,32,2,34
2013-04-01,6,114,7,121
2013-04-01,7,323,16,339
2013-04-01,8,641,25,666
2013-04-01,9,305,58,363
2013-04-01,10,157,106,263
2013-04-01,11,198,161,359
2013-04-01,12,237,160,397
2013-04-01,13,219,143,362
2013-04-01,14,169,129,298
2013-04-01,15,243,109,352
2013-04-01,16,337,101,438
2013-04-01,17,651,83,734
2013-04-01,18,530,56,586
2013-04-01,19,387,42,429
2013-04-01,20,197,46,243
2013-04-01,21,143,31,174
2013-04-01,22,85,15,100
2013-04-01,23,52,6,58
2013-04-02,0,19,1,20
2013-04-02,1,7,0,7
2013-04-02,2,5,0,5
2013-04-02,3,3,0,3
2013-04-02,4,3,1,4
2013-04-02,5,26,1,27
2013-04-02,6,113,3,116
2013-04-02,7,363,9,372
2013-04-02,8,695,22,717
2013-04-02,9,325,27,352
2013-04-02,10,138,56,194
2013-04-02,11,147,83,230
2013-04-02,12,203,56,259
2013-04-02,13,207,60,267
2013-04-02,14,179,74,253
2013-04-02,15,163,57,220
2013-04-02,16,335,95,430
2013-04-02,17,652,61,713
2013-04-02,18,567,58,625
2013-04-02,19,399,35,434
2013-04-02,20,274,20,294
2013-04-02,21,191,9,200
2013-04-02,22,106,7,113
2013-04-02,23,44,3,47
2013-04-03,0,25,1,26
2013-04-03,1,18,1,19
2013-04-03,2,3,0,3
2013-04-03,3,2,0,2
2013-04-03,4,4,0,4
2013-04-03,5,39,0,39
2013-04-03,6,135,2,137
2013-04-03,7,337,16,353
2013-04-03,8,730,29,759
2013-04-03,9,306,39,345
2013-04-03,10,145,61,206
2013-04-03,11,156,62,218
2013-04-03,12,228,64,292
2013-04-03,13,213,107,320
2013-04-03,14,177,74,251
2013-04-03,15,181,111,292
2013-04-03,16,349,113,462
2013-04-03,17,671,108,779
2013-04-03,18,591,50,641
2013-04-03,19,403,46,449
2013-04-03,20,207,15,222
2013-04-03,21,185,18,203
2013-04-03,22,124,11,135
2013-04-03,23,68,1,69
2013-04-04,0,22,3,25
2013-04-04,1,17,1,18
2013-04-04,2,2,2,4
2013-04-04,3,4,0,4
2013-04-04,4,7,1,8
2013-04-04,5,24,1,25
2013-04-04,6,97,2,99
2013-04-04,7,326,20,346
2013-04-04,8,660,23,683
2013-04-04,9,315,38,353
2013-04-04,10,139,73,212
2013-04-04,11,150,67,217
2013-04-04,12,215,81,296
2013-04-04,13,196,95,291
2013-04-04,14,184,133,317
2013-04-04,15,187,91,278
2013-04-04,16,307,56,363
2013-04-04,17,579,92,671
2013-04-04,18,605,63,668
2013-04-04,19,371,30,401
2013-04-04,20,235,13,248
2013-04-04,21,191,13,204
2013-04-04,22,61,3,64
2013-04-04,23,31,3,34
2013-04-05,0,20,0,20
2013-04-05,1,9,1,10
2013-04-05,2,8,0,8
2013-04-05,3,1,0,1
2013-04-05,4,7,1,8
2013-04-05,5,18,3,21
2013-04-05,6,83,5,88
2013-04-05,7,226,5,231
2013-04-05,8,694,11,705
2013-04-05,9,372,31,403
2013-04-05,10,179,50,229
2013-04-05,11,215,110,325
2013-04-05,12,318,131,449
2013-04-05,13,260,147,407
2013-04-05,14,231,187,418
2013-04-05,15,268,161,429
2013-04-05,16,486,165,651
2013-04-05,17,720,162,882
2013-04-05,18,650,139,789
2013-04-05,19,499,83,582
2013-04-05,20,294,56,350
2013-04-05,21,210,61,271
2013-04-05,22,150,30,180
2013-04-05,23,112,20,132
2013-04-06,0,89,6,95
2013-04-06,1,57,14,71
2013-04-06,2,39,7,46
2013-04-06,3,12,9,21
2013-04-06,4,9,2,11
2013-04-06,5,6,6,12
2013-04-06,6,22,3,25
2013-04-06,7,70,34,104
2013-04-06,8,171,45,216
2013-04-06,9,229,67,296
2013-04-06,10,317,186,503
2013-04-06,11,377,363,740
2013-04-06,12,505,427,932
2013-04-06,13,390,496,886
2013-04-06,14,388,443,831
2013-04-06,15,479,478,957
2013-04-06,16,402,492,894
2013-04-06,17,425,438,863
2013-04-06,18,397,273,670
2013-04-06,19,270,145,415
2013-04-06,20,165,64,229
2013-04-06,21,147,52,199
2013-04-06,22,123,32,155
2013-04-06,23,83,17,100
2013-04-07,0,78,15,93
2013-04-07,1,64,9,73
2013-04-07,2,43,4,47
2013-04-07,3,20,5,25
2013-04-07,4,7,2,9
2013-04-07,5,14,2,16
2013-04-07,6,124,24,148
2013-04-07,7,89,23,112
2013-04-07,8,126,75,201
2013-04-07,9,239,144,383
2013-04-07,10,363,242,605
2013-04-07,11,416,401,817
2013-04-07,12,412,419,831
2013-04-07,13,422,490,912
2013-04-07,14,420,539,959
2013-04-07,15,478,513,991
2013-04-07,16,397,464,861
2013-04-07,17,449,366,815
2013-04-07,18,353,299,652
2013-04-07,19,341,211,552
2013-04-07,20,196,72,268
2013-04-07,21,143,63,206
2013-04-07,22,101,36,137
2013-04-07,23,39,10,49
2013-04-08,0,27,8,35
2013-04-08,1,8,4,12
2013-04-08,2,10,5,15
2013-04-08,3,7,3,10
2013-04-08,4,7,4,11
2013-04-08,5,42,5,47
2013-04-08,6,155,13,168
2013-04-08,7,500,35,535
2013-04-08,8,717,63,780
2013-04-08,9,313,69,382
2013-04-08,10,123,125,248
2013-04-08,11,165,166,331
2013-04-08,12,237,168,405
2013-04-08,13,233,140,373
2013-04-08,14,189,148,337
2013-04-08,15,248,150,398
2013-04-08,16,436,155,591
2013-04-08,17,840,203,1043
2013-04-08,18,834,211,1045
2013-04-08,19,568,121,689
2013-04-08,20,387,70,457
2013-04-08,21,220,32,252
2013-04-08,22,149,34,183
2013-04-08,23,102,17,119
2013-04-09,0,48,8,56
2013-04-09,1,17,6,23
2013-04-09,2,5,10,15
2013-04-09,3,5,4,9
2013-04-09,4,11,0,11
2013-04-09,5,43,2,45
2013-04-09,6,190,13,203
2013-04-09,7,585,28,613
2013-04-09,8,772,71,843
2013-04-09,9,386,68,454
2013-04-09,10,173,93,266
2013-04-09,11,219,121,340
2013-04-09,12,291,144,435
2013-04-09,13,285,143,428
2013-04-09,14,221,148,369
2013-04-09,15,279,171,450
2013-04-09,16,432,209,641
2013-04-09,17,917,208,1125
2013-04-09,18,906,234,1140
2013-04-09,19,657,172,829
2013-04-09,20,416,109,525
2013-04-09,21,332,86,418
2013-04-09,22,261,58,319
2013-04-09,23,161,32,193
2013-04-10,0,57,4,61
2013-04-10,1,20,3,23
2013-04-10,2,10,7,17
2013-04-10,3,3,1,4
2013-04-10,4,10,4,14
2013-04-10,5,58,4,62
2013-04-10,6,224,18,242
2013-04-10,7,582,53,635
2013-04-10,8,810,56,866
2013-04-10,9,346,65,411
2013-04-10,10,157,76,233
2013-04-10,11,182,111,293
2013-04-10,12,295,112,407
2013-04-10,13,252,154,406
2013-04-10,14,240,140,380
2013-04-10,15,241,134,375
2013-04-10,16,427,154,581
2013-04-10,17,904,208,1112
2013-04-10,18,922,210,1132
2013-04-10,19,672,206,878
2013-04-10,20,418,85,503
2013-04-10,21,342,77,419
2013-04-10,22,272,51,323
2013-04-10,23,144,32,176
2013-04-11,0,50,14,64
2013-04-11,1,21,2,23
2013-04-11,2,10,1,11
2013-04-11,3,4,2,6
2013-04-11,4,6,0,6
2013-04-11,5,43,1,44
2013-04-11,6,195,22,217
2013-04-11,7,577,46,623
2013-04-11,8,798,60,858
2013-04-11,9,359,68,427
2013-04-11,10,181,107,288
2013-04-11,11,204,125,329
2013-04-11,12,280,107,387
2013-04-11,13,297,137,434
2013-04-11,14,230,168,398
2013-04-11,15,243,147,390
2013-04-11,16,413,135,548
2013-04-11,17,842,170,1012
2013-04-11,18,897,194,1091
2013-04-11,19,580,169,749
2013-04-11,20,357,76,433
2013-04-11,21,301,56,357
2013-04-11,22,207,54,261
2013-04-11,23,110,25,135
2013-04-12,0,44,10,54
2013-04-12,1,20,1,21
2013-04-12,2,11,7,18
2013-04-12,3,3,0,3
2013-04-12,4,9,0,9
2013-04-12,5,22,2,24
2013-04-12,6,87,4,91
2013-04-12,7,53,2,55
2013-04-12,8,121,7,128
2013-04-12,9,125,8,133
2013-04-12,10,80,20,100
2013-04-12,11,138,39,177
2013-04-12,12,202,57,259
2013-04-12,13,246,78,324
2013-04-12,14,237,89,326
2013-04-12,15,297,132,429
2013-04-12,16,444,126,570
2013-04-12,17,772,151,923
2013-04-12,18,646,141,787
2013-04-12,19,414,106,520
2013-04-12,20,287,55,342
2013-04-12,21,210,58,268
2013-04-12,22,203,37,240
2013-04-12,23,153,43,196
2013-04-13,0,88,31,119
2013-04-13,1,62,15,77
2013-04-13,2,43,3,46
2013-04-13,3,24,3,27
2013-04-13,4,4,0,4
2013-04-13,5,9,5,14
2013-04-13,6,27,11,38
2013-04-13,7,76,23,99
2013-04-13,8,180,68,248
2013-04-13,9,304,180,484
2013-04-13,10,373,274,647
2013-04-13,11,492,370,862
2013-04-13,12,468,497,965
2013-04-13,13,455,500,955
2013-04-13,14,456,583,1039
2013-04-13,15,439,692,1131
2013-04-13,16,428,583,1011
2013-04-13,17,438,484,922
2013-04-13,18,437,372,809
2013-04-13,19,327,262,589
2013-04-13,20,239,170,409
2013-04-13,21,216,131,347
2013-04-13,22,192,69,261
2013-04-13,23,115,49,164
2013-04-14,0,124,57,181
2013-04-14,1,94,23,117
2013-04-14,2,71,14,85
2013-04-14,3,28,10,38
2013-04-14,4,9,6,15
2013-04-14,5,6,1,7
2013-04-14,6,11,14,25
2013-04-14,7,66,26,92
2013-04-14,8,120,87,207
2013-04-14,9,237,189,426
2013-04-14,10,329,278,607
2013-04-14,11,382,334,716
2013-04-14,12,438,441,879
2013-04-14,13,429,466,895
2013-04-14,14,372,541,913
2013-04-14,15,439,535,974
2013-04-14,16,468,419,887
2013-04-14,17,432,345,777
2013-04-14,18,336,199,535
2013-04-14,19,295,168,463
2013-04-14,20,215,88,303
2013-04-14,21,142,59,201
2013-04-14,22,111,42,153
2013-04-14,23,80,28,108
2013-04-15,0,27,9,36
2013-04-15,1,7,4,11
2013-04-15,2,4,1,5
2013-04-15,3,3,2,5
2013-04-15,4,6,1,7
2013-04-15,5,42,1,43
2013-04-15,6,97,11,108
2013-04-15,7,312,10,322
2013-04-15,8,646,28,674
2013-04-15,9,323,53,376
2013-04-15,10,132,61,193
2013-04-15,11,162,100,262
2013-04-15,12,230,100,330
2013-04-15,13,219,87,306
2013-04-15,14,193,144,337
2013-04-15,15,207,118,325
2013-04-15,16,372,134,506
2013-04-15,17,757,108,865
2013-04-15,18,676,85,761
2013-04-15,19,494,66,560
2013-04-15,20,289,48,337
2013-04-15,21,229,67,296
2013-04-15,22,127,31,158
2013-04-15,23,65,20,85
2013-04-16,0,31,2,33
2013-04-16,1,5,2,7
2013-04-16,2,5,4,9
2013-04-16,3,5,0,5
2013-04-16,4,7,3,10
2013-04-16,5,34,1,35
2013-04-16,6,180,3,183
2013-04-16,7,485,34,519
2013-04-16,8,753,27,780
2013-04-16,9,298,51,349
2013-04-16,10,172,50,222
2013-04-16,11,172,101,273
2013-04-16,12,271,106,377
2013-04-16,13,292,117,409
2013-04-16,14,216,151,367
2013-04-16,15,257,143,400
2013-04-16,16,412,142,554
2013-04-16,17,821,159,980
2013-04-16,18,799,140,939
2013-04-16,19,546,99,645
2013-04-16,20,358,65,423
2013-04-16,21,309,50,359
2013-04-16,22,206,41,247
2013-04-16,23,94,28,122
2013-04-17,0,28,1,29
2013-04-17,1,24,0,24
2013-04-17,2,11,1,12
2013-04-17,3,3,3,6
2013-04-17,4,3,1,4
2013-04-17,5,54,5,59
2013-04-17,6,166,10,176
2013-04-17,7,558,38,596
2013-04-17,8,827,37,864
2013-04-17,9,372,58,430
2013-04-17,10,164,80,244
2013-04-17,11,191,108,299
2013-04-17,12,283,87,370
2013-04-17,13,250,99,349
2013-04-17,14,220,120,340
2013-04-17,15,239,114,353
2013-04-17,16,424,108,532
2013-04-17,17,895,126,1021
2013-04-17,18,844,125,969
2013-04-17,19,576,102,678
2013-04-17,20,373,56,429
2013-04-17,21,290,38,328
2013-04-17,22,194,30,224
2013-04-17,23,125,16,141
2013-04-18,0,47,5,52
2013-04-18,1,15,1,16
2013-04-18,2,5,6,11
2013-04-18,3,7,3,10
2013-04-18,4,8,0,8
2013-04-18,5,45,1,46
2013-04-18,6,161,7,168
2013-04-18,7,364,27,391
2013-04-18,8,675,34,709
2013-04-18,9,259,25,284
2013-04-18,10,137,47,184
2013-04-18,11,144,47,191
2013-04-18,12,218,77,295
2013-04-18,13,220,91,311
2013-04-18,14,224,86,310
2013-04-18,15,258,98,356
2013-04-18,16,416,108,524
2013-04-18,17,863,107,970
2013-04-18,18,817,116,933
2013-04-18,19,518,106,624
2013-04-18,20,418,71,489
2013-04-18,21,310,55,365
2013-04-18,22,219,50,269
2013-04-18,23,146,24,170
2013-04-19,0,73,14,87
2013-04-19,1,26,1,27
2013-04-19,2,15,1,16
2013-04-19,3,10,0,10
2013-04-19,4,5,0,5
2013-04-19,5,47,1,48
2013-04-19,6,117,7,124
2013-04-19,7,315,15,330
2013-04-19,8,785,40,825
2013-04-19,9,395,48,443
2013-04-19,10,194,71,265
2013-04-19,11,215,113,328
2013-04-19,12,296,100,396
2013-04-19,13,287,107,394
2013-04-19,14,229,122,351
2013-04-19,15,289,108,397
2013-04-19,16,407,118,525
2013-04-19,17,641,113,754
2013-04-19,18,474,76,550
2013-04-19,19,88,8,96
2013-04-19,20,65,17,82
2013-04-19,21,22,1,23
2013-04-19,22,26,1,27
2013-04-19,23,15,0,15
2013-04-20,0,49,0,49
2013-04-20,1,34,4,38
2013-04-20,2,32,2,34
2013-04-20,3,11,0,11
2013-04-20,4,8,1,9
2013-04-20,5,12,1,13
2013-04-20,6,23,10,33
2013-04-20,7,75,20,95
2013-04-20,8,184,36,220
2013-04-20,9,235,67,302
2013-04-20,10,314,190,504
2013-04-20,11,386,192,578
2013-04-20,12,434,276,710
2013-04-20,13,437,335,772
2013-04-20,14,432,421,853
2013-04-20,15,490,425,915
2013-04-20,16,451,349,800
2013-04-20,17,406,387,793
2013-04-20,18,387,277,664
2013-04-20,19,297,170,467
2013-04-20,20,250,114,364
2013-04-20,21,189,54,243
2013-04-20,22,132,50,182
2013-04-20,23,114,30,144
2013-04-21,0,97,12,109
2013-04-21,1,85,19,104
2013-04-21,2,57,20,77
2013-04-21,3,28,11,39
2013-04-21,4,5,2,7
2013-04-21,5,10,0,10
2013-04-21,6,13,4,17
2013-04-21,7,40,5,45
2013-04-21,8,111,33,144
2013-04-21,9,182,88,270
2013-04-21,10,269,165,434
2013-04-21,11,337,198,535
2013-04-21,12,388,272,660
2013-04-21,13,401,239,640
2013-04-21,14,445,289,734
2013-04-21,15,440,319,759
2013-04-21,16,425,265,690
2013-04-21,17,378,207,585
2013-04-21,18,353,150,503
2013-04-21,19,285,98,383
2013-04-21,20,185,52,237
2013-04-21,21,125,26,151
2013-04-21,22,104,23,127
2013-04-21,23,57,13,70
2013-04-22,0,22,7,29
2013-04-22,1,10,2,12
2013-04-22,2,7,0,7
2013-04-22,3,2,1,3
2013-04-22,4,3,0,3
2013-04-22,5,34,1,35
2013-04-22,6,130,0,130
2013-04-22,7,418,13,431
2013-04-22,8,784,40,824
2013-04-22,9,296,36,332
2013-04-22,10,141,62,203
2013-04-22,11,154,61,215
2013-04-22,12,226,71,297
2013-04-22,13,202,78,280
2013-04-22,14,181,69,250
2013-04-22,15,217,62,279
2013-04-22,16,418,45,463
2013-04-22,17,799,55,854
2013-04-22,18,785,65,850
2013-04-22,19,438,38,476
2013-04-22,20,291,24,315
2013-04-22,21,208,20,228
2013-04-22,22,142,19,161
2013-04-22,23,50,10,60
2013-04-23,0,20,3,23
2013-04-23,1,8,0,8
2013-04-23,2,3,0,3
2013-04-23,3,4,0,4
2013-04-23,4,9,0,9
2013-04-23,5,34,2,36
2013-04-23,6,142,3,145
2013-04-23,7,493,13,506
2013-04-23,8,778,29,807
2013-04-23,9,307,24,331
2013-04-23,10,144,35,179
2013-04-23,11,163,51,214
2013-04-23,12,229,60,289
2013-04-23,13,258,53,311
2013-04-23,14,207,89,296
2013-04-23,15,226,92,318
2013-04-23,16,417,69,486
2013-04-23,17,821,110,931
2013-04-23,18,814,115,929
2013-04-23,19,515,84,599
2013-04-23,20,355,43,398
2013-04-23,21,264,45,309
2013-04-23,22,199,21,220
2013-04-23,23,78,5,83
2013-04-24,0,41,7,48
2013-04-24,1,12,2,14
2013-04-24,2,4,3,7
2013-04-24,3,6,1,7
2013-04-24,4,4,1,5
2013-04-24,5,45,2,47
2013-04-24,6,165,2,167
2013-04-24,7,527,25,552
2013-04-24,8,842,37,879
2013-04-24,9,378,49,427
2013-04-24,10,161,85,246
2013-04-24,11,211,72,283
2013-04-24,12,290,100,390
2013-04-24,13,294,110,404
2013-04-24,14,243,120,363
2013-04-24,15,247,125,372
2013-04-24,16,442,120,562
2013-04-24,17,866,102,968
2013-04-24,18,813,107,920
2013-04-24,19,561,82,643
2013-04-24,20,391,70,461
2013-04-24,21,265,38,303
2013-04-24,22,214,38,252
2013-04-24,23,132,8,140
2013-04-25,0,40,6,46
2013-04-25,1,21,1,22
2013-04-25,2,5,1,6
2013-04-25,3,6,3,9
2013-04-25,4,3,3,6
2013-04-25,5,37,2,39
2013-04-25,6,155,5,160
2013-04-25,7,482,20,502
2013-04-25,8,767,45,812
2013-04-25,9,317,61,378
2013-04-25,10,173,67,240
2013-04-25,11,188,79,267
2013-04-25,12,304,76,380
2013-04-25,13,267,78,345
2013-04-25,14,230,115,345
2013-04-25,15,288,102,390
2013-04-25,16,421,96,517
2013-04-25,17,867,179,1046
2013-04-25,18,810,140,950
2013-04-25,19,531,84,615
2013-04-25,20,343,66,409
2013-04-25,21,339,47,386
2013-04-25,22,200,46,246
2013-04-25,23,118,28,146
2013-04-26,0,55,23,78
2013-04-26,1,33,8,41
2013-04-26,2,21,8,29
2013-04-26,3,11,0,11
2013-04-26,4,10,1,11
2013-04-26,5,36,3,39
2013-04-26,6,145,2,147
2013-04-26,7,460,20,480
2013-04-26,8,748,36,784
2013-04-26,9,381,52,433
2013-04-26,10,166,69,235
2013-04-26,11,256,107,363
2013-04-26,12,334,122,456
2013-04-26,13,343,182,525
2013-04-26,14,318,162,480
2013-04-26,15,379,185,564
2013-04-26,16,515,181,696
2013-04-26,17,845,180,1025
2013-04-26,18,740,143,883
2013-04-26,19,442,109,551
2013-04-26,20,284,86,370
2013-04-26,21,281,81,362
2013-04-26,22,197,50,247
2013-04-26,23,152,34,186
2013-04-27,0,114,20,134
2013-04-27,1,93,22,115
2013-04-27,2,53,17,70
2013-04-27,3,23,10,33
2013-04-27,4,8,2,10
2013-04-27,5,2,6,8
2013-04-27,6,29,19,48
2013-04-27,7,82,27,109
2013-04-27,8,171,39,210
2013-04-27,9,284,151,435
2013-04-27,10,360,294,654
2013-04-27,11,416,402,818
2013-04-27,12,500,458,958
2013-04-27,13,455,511,966
2013-04-27,14,420,519,939
2013-04-27,15,416,483,899
2013-04-27,16,446,523,969
2013-04-27,17,392,421,813
2013-04-27,18,435,351,786
2013-04-27,19,353,270,623
2013-04-27,20,255,139,394
2013-04-27,21,220,115,335
2013-04-27,22,197,79,276
2013-04-27,23,149,69,218
2013-04-28,0,117,38,155
2013-04-28,1,83,21,104
2013-04-28,2,80,14,94
2013-04-28,3,28,6,34
2013-04-28,4,11,5,16
2013-04-28,5,10,13,23
2013-04-28,6,25,63,88
2013-04-28,7,80,147,227
2013-04-28,8,197,146,343
2013-04-28,9,205,158,363
2013-04-28,10,344,266,610
2013-04-28,11,358,341,699
2013-04-28,12,431,441,872
2013-04-28,13,387,344,731
2013-04-28,14,370,297,667
2013-04-28,15,240,152,392
2013-04-28,16,271,203,474
2013-04-28,17,341,210,551
2013-04-28,18,307,158,465
2013-04-28,19,221,128,349
2013-04-28,20,144,68,212
2013-04-28,21,130,67,197
2013-04-28,22,87,33,120
2013-04-28,23,49,16,65
2013-04-29,0,28,7,35
2013-04-29,1,15,2,17
2013-04-29,2,6,0,6
2013-04-29,3,2,0,2
2013-04-29,4,3,2,5
2013-04-29,5,19,0,19
2013-04-29,6,61,1,62
2013-04-29,7,148,2,150
2013-04-29,8,216,20,236
2013-04-29,9,208,27,235
2013-04-29,10,58,19,77
2013-04-29,11,47,18,65
2013-04-29,12,97,16,113
2013-04-29,13,99,20,119
2013-04-29,14,91,28,119
2013-04-29,15,138,25,163
2013-04-29,16,278,48,326
2013-04-29,17,578,59,637
2013-04-29,18,589,67,656
2013-04-29,19,453,44,497
2013-04-29,20,291,26,317
2013-04-29,21,196,25,221
2013-04-29,22,114,11,125
2013-04-29,23,74,13,87
2013-04-30,0,31,2,33
2013-04-30,1,6,0,6
2013-04-30,2,5,0,5
2013-04-30,3,0,2,2
2013-04-30,4,5,2,7
2013-04-30,5,34,2,36
2013-04-30,6,136,2,138
2013-04-30,7,301,7,308
2013-04-30,8,592,34,626
2013-04-30,9,282,45,327
2013-04-30,10,114,31,145
2013-04-30,11,149,36,185
2013-04-30,12,100,25,125
2013-04-30,13,105,57,162
2013-04-30,14,125,47,172
2013-04-30,15,165,38,203
2013-04-30,16,234,30,264
2013-04-30,17,461,61,522
2013-04-30,18,590,41,631
2013-04-30,19,464,54,518
2013-04-30,20,354,37,391
2013-04-30,21,246,31,277
2013-04-30,22,184,10,194
2013-04-30,23,72,10,82
2013-05-01,0,43,7,50
2013-05-01,1,20,5,25
2013-05-01,2,4,0,4
2013-05-01,3,4,0,4
2013-05-01,4,9,1,10
2013-05-01,5,40,4,44
2013-05-01,6,171,6,177
2013-05-01,7,556,23,579
2013-05-01,8,860,31,891
2013-05-01,9,367,39,406
2013-05-01,10,176,69,245
2013-05-01,11,210,84,294
2013-05-01,12,329,76,405
2013-05-01,13,272,86,358
2013-05-01,14,220,74,294
2013-05-01,15,261,109,370
2013-05-01,16,420,86,506
2013-05-01,17,970,123,1093
2013-05-01,18,841,133,974
2013-05-01,19,620,104,724
2013-05-01,20,402,50,452
2013-05-01,21,309,48,357
2013-05-01,22,183,22,205
2013-05-01,23,123,18,141
2013-05-02,0,45,6,51
2013-05-02,1,14,2,16
2013-05-02,2,10,2,12
2013-05-02,3,2,0,2
2013-05-02,4,7,1,8
2013-05-02,5,39,6,45
2013-05-02,6,158,10,168
2013-05-02,7,503,21,524
2013-05-02,8,754,34,788
2013-05-02,9,349,41,390
2013-05-02,10,178,69,247
2013-05-02,11,228,70,298
2013-05-02,12,289,106,395
2013-05-02,13,254,92,346
2013-05-02,14,226,112,338
2013-05-02,15,243,115,358
2013-05-02,16,438,103,541
2013-05-02,17,958,144,1102
2013-05-02,18,847,137,984
2013-05-02,19,550,87,637
2013-05-02,20,364,55,419
2013-05-02,21,307,49,356
2013-05-02,22,236,44,280
2013-05-02,23,168,17,185
2013-05-03,0,59,21,80
2013-05-03,1,29,3,32
2013-05-03,2,8,8,16
2013-05-03,3,6,0,6
2013-05-03,4,4,2,6
2013-05-03,5,45,7,52
2013-05-03,6,161,6,167
2013-05-03,7,435,26,461
2013-05-03,8,823,29,852
2013-05-03,9,378,62,440
2013-05-03,10,209,78,287
2013-05-03,11,231,152,383
2013-05-03,12,311,133,444
2013-05-03,13,322,127,449
2013-05-03,14,262,172,434
2013-05-03,15,308,159,467
2013-05-03,16,505,166,671
2013-05-03,17,853,193,1046
2013-05-03,18,692,168,860
2013-05-03,19,433,110,543
2013-05-03,20,288,53,341
2013-05-03,21,219,35,254
2013-05-03,22,173,35,208
2013-05-03,23,127,29,156
2013-05-04,0,113,24,137
2013-05-04,1,80,7,87
2013-05-04,2,40,7,47
2013-05-04,3,15,8,23
2013-05-04,4,3,1,4
2013-05-04,5,11,3,14
2013-05-04,6,21,12,33
2013-05-04,7,89,18,107
2013-05-04,8,176,44,220
2013-05-04,9,308,115,423
2013-05-04,10,365,213,578
2013-05-04,11,444,230,674
2013-05-04,12,518,312,830
2013-05-04,13,493,373,866
2013-05-04,14,410,362,772
2013-05-04,15,470,384,854
2013-05-04,16,453,353,806
2013-05-04,17,434,383,817
2013-05-04,18,347,237,584
2013-05-04,19,324,243,567
2013-05-04,20,218,117,335
2013-05-04,21,192,93,285
2013-05-04,22,163,61,224
2013-05-04,23,135,50,185
2013-05-05,0,142,14,156
2013-05-05,1,87,13,100
2013-05-05,2,53,4,57
2013-05-05,3,31,6,37
2013-05-05,4,7,5,12
2013-05-05,5,5,4,9
2013-05-05,6,23,11,34
2013-05-05,7,48,20,68
2013-05-05,8,117,47,164
2013-05-05,9,189,78,267
2013-05-05,10,293,195,488
2013-05-05,11,346,211,557
2013-05-05,12,393,280,673
2013-05-05,13,431,280,711
2013-05-05,14,406,359,765
2013-05-05,15,421,278,699
2013-05-05,16,441,323,764
2013-05-05,17,460,241,701
2013-05-05,18,367,205,572
2013-05-05,19,287,125,412
2013-05-05,20,208,89,297
2013-05-05,21,141,74,215
2013-05-05,22,102,37,139
2013-05-05,23,57,32,89
2013-05-06,0,32,4,36
2013-05-06,1,14,2,16
2013-05-06,2,6,0,6
2013-05-06,3,5,1,6
2013-05-06,4,6,5,11
2013-05-06,5,39,5,44
2013-05-06,6,141,9,150
2013-05-06,7,439,22,461
2013-05-06,8,687,37,724
2013-05-06,9,281,36,317
2013-05-06,10,117,51,168
2013-05-06,11,153,72,225
2013-05-06,12,202,94,296
2013-05-06,13,199,97,296
2013-05-06,14,173,80,253
2013-05-06,15,199,96,295
2013-05-06,16,401,88,489
2013-05-06,17,741,113,854
2013-05-06,18,535,76,611
2013-05-06,19,394,54,448
2013-05-06,20,291,43,334
2013-05-06,21,191,34,225
2013-05-06,22,126,25,151
2013-05-06,23,68,22,90
2013-05-07,0,38,10,48
2013-05-07,1,9,4,13
2013-05-07,2,14,1,15
2013-05-07,3,3,1,4
2013-05-07,4,3,3,6
2013-05-07,5,31,3,34
2013-05-07,6,132,5,137
2013-05-07,7,416,13,429
2013-05-07,8,481,17,498
2013-05-07,9,101,10,111
2013-05-07,10,39,6,45
2013-05-07,11,39,9,48
2013-05-07,12,67,14,81
2013-05-07,13,97,22,119
2013-05-07,14,67,16,83
2013-05-07,15,77,21,98
2013-05-07,16,212,11,223
2013-05-07,17,577,36,613
2013-05-07,18,591,45,636
2013-05-07,19,404,43,447
2013-05-07,20,293,16,309
2013-05-07,21,199,17,216
2013-05-07,22,103,14,117
2013-05-07,23,82,7,89
2013-05-08,0,36,4,40
2013-05-08,1,18,4,22
2013-05-08,2,9,6,15
2013-05-08,3,3,1,4
2013-05-08,4,6,3,9
2013-05-08,5,50,5,55
2013-05-08,6,159,12,171
2013-05-08,7,492,17,509
2013-05-08,8,828,33,861
2013-05-08,9,351,37,388
2013-05-08,10,158,59,217
2013-05-08,11,183,44,227
2013-05-08,12,297,90,387
2013-05-08,13,248,67,315
2013-05-08,14,231,96,327
2013-05-08,15,292,89,381
2013-05-08,16,287,37,324
2013-05-08,17,414,49,463
2013-05-08,18,442,37,479
2013-05-08,19,343,33,376
2013-05-08,20,333,29,362
2013-05-08,21,252,21,273
2013-05-08,22,214,30,244
2013-05-08,23,119,18,137
2013-05-09,0,36,5,41
2013-05-09,1,27,7,34
2013-05-09,2,10,4,14
2013-05-09,3,5,2,7
2013-05-09,4,8,0,8
2013-05-09,5,38,5,43
2013-05-09,6,171,11,182
2013-05-09,7,526,33,559
2013-05-09,8,844,28,872
2013-05-09,9,371,33,404
2013-05-09,10,172,50,222
2013-05-09,11,201,57,258
2013-05-09,12,256,78,334
2013-05-09,13,270,108,378
2013-05-09,14,218,89,307
2013-05-09,15,296,88,384
2013-05-09,16,322,95,417
2013-05-09,17,738,97,835
2013-05-09,18,857,114,971
2013-05-09,19,528,109,637
2013-05-09,20,234,39,273
2013-05-09,21,236,35,271
2013-05-09,22,177,17,194
2013-05-09,23,130,18,148
2013-05-10,0,74,10,84
2013-05-10,1,39,6,45
2013-05-10,2,24,7,31
2013-05-10,3,7,4,11
2013-05-10,4,6,1,7
2013-05-10,5,47,3,50
2013-05-10,6,158,10,168
2013-05-10,7,453,18,471
2013-05-10,8,738,33,771
2013-05-10,9,434,81,515
2013-05-10,10,201,97,298
2013-05-10,11,240,168,408
2013-05-10,12,312,168,480
2013-05-10,13,314,184,498
2013-05-10,14,271,127,398
2013-05-10,15,316,184,500
2013-05-10,16,516,192,708
2013-05-10,17,803,187,990
2013-05-10,18,720,161,881
2013-05-10,19,445,135,580
2013-05-10,20,306,88,394
2013-05-10,21,256,91,347
2013-05-10,22,140,17,157
2013-05-10,23,71,7,78
2013-05-11,0,73,15,88
2013-05-11,1,58,10,68
2013-05-11,2,51,7,58
2013-05-11,3,23,2,25
2013-05-11,4,3,1,4
2013-05-11,5,8,2,10
2013-05-11,6,29,5,34
2013-05-11,7,86,12,98
2013-05-11,8,163,34,197
2013-05-11,9,200,59,259
2013-05-11,10,270,91,361
2013-05-11,11,354,152,506
2013-05-11,12,421,230,651
2013-05-11,13,322,262,584
2013-05-11,14,426,238,664
2013-05-11,15,260,146,406
2013-05-11,16,333,192,525
2013-05-11,17,345,199,544
2013-05-11,18,285,168,453
2013-05-11,19,229,171,400
2013-05-11,20,94,38,132
2013-05-11,21,59,7,66
2013-05-11,22,138,30,168
2013-05-11,23,126,28,154
2013-05-12,0,100,21,121
2013-05-12,1,84,14,98
2013-05-12,2,51,16,67
2013-05-12,3,22,11,33
2013-05-12,4,10,7,17
2013-05-12,5,6,4,10
2013-05-12,6,14,5,19
2013-05-12,7,44,32,76
2013-05-12,8,128,48,176
2013-05-12,9,220,94,314
2013-05-12,10,291,197,488
2013-05-12,11,410,244,654
2013-05-12,12,396,331,727
2013-05-12,13,469,286,755
2013-05-12,14,410,298,708
2013-05-12,15,380,345,725
2013-05-12,16,382,326,708
2013-05-12,17,406,258,664
2013-05-12,18,372,214,586
2013-05-12,19,248,154,402
2013-05-12,20,201,75,276
2013-05-12,21,122,57,179
2013-05-12,22,96,28,124
2013-05-12,23,64,19,83
2013-05-13,0,38,11,49
2013-05-13,1,11,6,17
2013-05-13,2,7,0,7
2013-05-13,3,7,0,7
2013-05-13,4,3,0,3
2013-05-13,5,45,2,47
2013-05-13,6,143,6,149
2013-05-13,7,470,11,481
2013-05-13,8,784,26,810
2013-05-13,9,309,49,358
2013-05-13,10,142,62,204
2013-05-13,11,158,79,237
2013-05-13,12,247,89,336
2013-05-13,13,225,84,309
2013-05-13,14,178,84,262
2013-05-13,15,228,106,334
2013-05-13,16,395,111,506
2013-05-13,17,847,76,923
2013-05-13,18,768,87,855
2013-05-13,19,500,73,573
2013-05-13,20,296,51,347
2013-05-13,21,254,25,279
2013-05-13,22,178,18,196
2013-05-13,23,84,8,92
2013-05-14,0,37,8,45
2013-05-14,1,14,3,17
2013-05-14,2,5,3,8
2013-05-14,3,4,0,4
2013-05-14,4,6,0,6
2013-05-14,5,38,2,40
2013-05-14,6,167,7,174
2013-05-14,7,497,16,513
2013-05-14,8,865,39,904
2013-05-14,9,343,52,395
2013-05-14,10,175,52,227
2013-05-14,11,192,72,264
2013-05-14,12,265,100,365
2013-05-14,13,281,65,346
2013-05-14,14,229,99,328
2013-05-14,15,248,98,346
2013-05-14,16,412,131,543
2013-05-14,17,853,163,1016
2013-05-14,18,780,138,918
2013-05-14,19,501,67,568
2013-05-14,20,388,62,450
2013-05-14,21,255,31,286
2013-05-14,22,153,39,192
2013-05-14,23,89,17,106
2013-05-15,0,44,14,58
2013-05-15,1,20,3,23
2013-05-15,2,8,1,9
2013-05-15,3,2,3,5
2013-05-15,4,9,0,9
2013-05-15,5,39,3,42
2013-05-15,6,186,15,201
2013-05-15,7,540,15,555
2013-05-15,8,872,32,904
2013-05-15,9,319,35,354
2013-05-15,10,151,64,215
2013-05-15,11,199,67,266
2013-05-15,12,280,76,356
2013-05-15,13,278,87,365
2013-05-15,14,252,119,371
2013-05-15,15,265,100,365
2013-05-15,16,430,116,546
2013-05-15,17,923,131,1054
2013-05-15,18,849,151,1000
2013-05-15,19,598,94,692
2013-05-15,20,420,76,496
2013-05-15,21,360,51,411
2013-05-15,22,250,40,290
2013-05-15,23,141,28,169
2013-05-16,0,64,19,83
2013-05-16,1,49,7,56
2013-05-16,2,22,15,37
2013-05-16,3,5,0,5
2013-05-16,4,6,2,8
2013-05-16,5,43,2,45
2013-05-16,6,191,14,205
2013-05-16,7,557,23,580
2013-05-16,8,792,49,841
2013-05-16,9,355,51,406
2013-05-16,10,151,57,208
2013-05-16,11,203,96,299
2013-05-16,12,279,106,385
2013-05-16,13,239,91,330
2013-05-16,14,240,150,390
2013-05-16,15,271,111,382
2013-05-16,16,402,119,521
2013-05-16,17,871,142,1013
2013-05-16,18,891,164,1055
2013-05-16,19,545,112,657
2013-05-16,20,469,77,546
2013-05-16,21,327,56,383
2013-05-16,22,242,37,279
2013-05-16,23,159,22,181
2013-05-17,0,93,32,125
2013-05-17,1,54,13,67
2013-05-17,2,22,2,24
2013-05-17,3,10,0,10
2013-05-17,4,10,4,14
2013-05-17,5,43,8,51
2013-05-17,6,192,16,208
2013-05-17,7,624,56,680
2013-05-17,8,808,57,865
2013-05-17,9,343,104,447
2013-05-17,10,191,146,337
2013-05-17,11,252,153,405
2013-05-17,12,311,198,509
2013-05-17,13,318,207,525
2013-05-17,14,319,205,524
2013-05-17,15,384,220,604
2013-05-17,16,524,231,755
2013-05-17,17,843,201,1044
2013-05-17,18,698,156,854
2013-05-17,19,448,156,604
2013-05-17,20,309,136,445
2013-05-17,21,271,95,366
2013-05-17,22,257,95,352
2013-05-17,23,179,53,232
2013-05-18,0,149,38,187
2013-05-18,1,122,19,141
2013-05-18,2,64,15,79
2013-05-18,3,30,11,41
2013-05-18,4,10,4,14
2013-05-18,5,9,8,17
2013-05-18,6,43,10,53
2013-05-18,7,87,17,104
2013-05-18,8,144,55,199
2013-05-18,9,234,72,306
2013-05-18,10,319,168,487
2013-05-18,11,274,130,404
2013-05-18,12,163,55,218
2013-05-18,13,274,174,448
2013-05-18,14,271,197,468
2013-05-18,15,282,151,433
2013-05-18,16,307,174,481
2013-05-18,17,333,145,478
2013-05-18,18,333,124,457
2013-05-18,19,263,104,367
2013-05-18,20,230,68,298
2013-05-18,21,173,75,248
2013-05-18,22,129,58,187
2013-05-18,23,165,53,218
2013-05-19,0,108,26,134
2013-05-19,1,97,17,114
2013-05-19,2,53,10,63
2013-05-19,3,22,8,30
2013-05-19,4,13,2,15
2013-05-19,5,4,9,13
2013-05-19,6,26,6,32
2013-05-19,7,62,8,70
2013-05-19,8,113,30,143
2013-05-19,9,130,33,163
2013-05-19,10,185,93,278
2013-05-19,11,284,120,404
2013-05-19,12,347,154,501
2013-05-19,13,381,178,559
2013-05-19,14,391,163,554
2013-05-19,15,425,215,640
2013-05-19,16,405,230,635
2013-05-19,17,362,243,605
2013-05-19,18,382,210,592
2013-05-19,19,289,123,412
2013-05-19,20,171,67,238
2013-05-19,21,153,51,204
2013-05-19,22,112,55,167
2013-05-19,23,82,26,108
2013-05-20,0,33,11,44
2013-05-20,1,8,5,13
2013-05-20,2,6,3,9
2013-05-20,3,5,2,7
2013-05-20,4,6,1,7
2013-05-20,5,44,1,45
2013-05-20,6,176,8,184
2013-05-20,7,504,25,529
2013-05-20,8,746,45,791
2013-05-20,9,312,48,360
2013-05-20,10,152,82,234
2013-05-20,11,191,105,296
2013-05-20,12,248,115,363
2013-05-20,13,222,134,356
2013-05-20,14,172,153,325
2013-05-20,15,219,110,329
2013-05-20,16,377,139,516
2013-05-20,17,917,158,1075
2013-05-20,18,815,134,949
2013-05-20,19,614,124,738
2013-05-20,20,447,101,548
2013-05-20,21,282,60,342
2013-05-20,22,181,33,214
2013-05-20,23,82,27,109
2013-05-21,0,34,29,63
2013-05-21,1,20,6,26
2013-05-21,2,5,6,11
2013-05-21,3,8,4,12
2013-05-21,4,11,6,17
2013-05-21,5,48,4,52
2013-05-21,6,189,10,199
2013-05-21,7,604,28,632
2013-05-21,8,797,47,844
2013-05-21,9,343,51,394
2013-05-21,10,153,86,239
2013-05-21,11,197,104,301
2013-05-21,12,240,95,335
2013-05-21,13,244,104,348
2013-05-21,14,237,135,372
2013-05-21,15,258,125,383
2013-05-21,16,422,106,528
2013-05-21,17,900,182,1082
2013-05-21,18,908,160,1068
2013-05-21,19,638,121,759
2013-05-21,20,477,104,581
2013-05-21,21,322,67,389
2013-05-21,22,226,44,270
2013-05-21,23,113,24,137
2013-05-22,0,50,11,61
2013-05-22,1,33,4,37
2013-05-22,2,10,1,11
2013-05-22,3,4,5,9
2013-05-22,4,8,3,11
2013-05-22,5,57,0,57
2013-05-22,6,188,17,205
2013-05-22,7,574,36,610
2013-05-22,8,769,36,805
2013-05-22,9,401,43,444
2013-05-22,10,149,74,223
2013-05-22,11,200,83,283
2013-05-22,12,291,75,366
2013-05-22,13,247,107,354
2013-05-22,14,222,98,320
2013-05-22,15,281,134,415
2013-05-22,16,441,120,561
2013-05-22,17,901,142,1043
2013-05-22,18,898,122,1020
2013-05-22,19,626,98,724
2013-05-22,20,474,79,553
2013-05-22,21,294,53,347
2013-05-22,22,257,48,305
2013-05-22,23,119,12,131
2013-05-23,0,57,14,71
2013-05-23,1,21,6,27
2013-05-23,2,10,16,26
2013-05-23,3,9,2,11
2013-05-23,4,6,2,8
2013-05-23,5,36,2,38
2013-05-23,6,156,7,163
2013-05-23,7,535,32,567
2013-05-23,8,828,36,864
2013-05-23,9,366,54,420
2013-05-23,10,148,62,210
2013-05-23,11,186,87,273
2013-05-23,12,245,86,331
2013-05-23,13,247,102,349
2013-05-23,14,210,106,316
2013-05-23,15,286,104,390
2013-05-23,16,441,105,546
2013-05-23,17,819,127,946
2013-05-23,18,783,120,903
2013-05-23,19,528,65,593
2013-05-23,20,385,81,466
2013-05-23,21,270,42,312
2013-05-23,22,145,20,165
2013-05-23,23,46,10,56
2013-05-24,0,32,8,40
2013-05-24,1,30,2,32
2013-05-24,2,15,3,18
2013-05-24,3,6,4,10
2013-05-24,4,4,4,8
2013-05-24,5,37,3,40
2013-05-24,6,102,5,107
2013-05-24,7,299,10,309
2013-05-24,8,697,26,723
2013-05-24,9,362,35,397
2013-05-24,10,140,60,200
2013-05-24,11,185,67,252
2013-05-24,12,291,71,362
2013-05-24,13,270,89,359
2013-05-24,14,319,93,412
2013-05-24,15,407,91,498
2013-05-24,16,462,127,589
2013-05-24,17,578,71,649
2013-05-24,18,447,61,508
2013-05-24,19,322,62,384
2013-05-24,20,222,46,268
2013-05-24,21,165,30,195
2013-05-24,22,125,18,143
2013-05-24,23,106,18,124
2013-05-25,0,76,12,88
2013-05-25,1,61,13,74
2013-05-25,2,31,16,47
2013-05-25,3,17,8,25
2013-05-25,4,9,5,14
2013-05-25,5,13,7,20
2013-05-25,6,32,7,39
2013-05-25,7,55,14,69
2013-05-25,8,114,22,136
2013-05-25,9,183,94,277
2013-05-25,10,248,186,434
2013-05-25,11,280,270,550
2013-05-25,12,311,277,588
2013-05-25,13,373,378,751
2013-05-25,14,344,366,710
2013-05-25,15,316,374,690
2013-05-25,16,312,343,655
2013-05-25,17,346,402,748
2013-05-25,18,293,264,557
2013-05-25,19,263,204,467
2013-05-25,20,166,140,306
2013-05-25,21,176,102,278
2013-05-25,22,179,68,247
2013-05-25,23,125,49,174
2013-05-26,0,80,27,107
2013-05-26,1,60,18,78
2013-05-26,2,53,8,61
2013-05-26,3,15,6,21
2013-05-26,4,5,1,6
2013-05-26,5,6,7,13
2013-05-26,6,20,8,28
2013-05-26,7,42,15,57
2013-05-26,8,84,44,128
2013-05-26,9,139,125,264
2013-05-26,10,226,262,488
2013-05-26,11,309,407,716
2013-05-26,12,349,414,763
2013-05-26,13,319,507,826
2013-05-26,14,348,569,917
2013-05-26,15,374,601,975
2013-05-26,16,304,582,886
2013-05-26,17,322,520,842
2013-05-26,18,283,422,705
2013-05-26,19,236,428,664
2013-05-26,20,210,260,470
2013-05-26,21,195,189,384
2013-05-26,22,161,121,282
2013-05-26,23,96,111,207
2013-05-27,0,68,47,115
2013-05-27,1,49,17,66
2013-05-27,2,32,20,52
2013-05-27,3,13,14,27
2013-05-27,4,4,4,8
2013-05-27,5,7,6,13
2013-05-27,6,18,2,20
2013-05-27,7,42,27,69
2013-05-27,8,94,68,162
2013-05-27,9,164,146,310
2013-05-27,10,243,313,556
2013-05-27,11,342,405,747
2013-05-27,12,390,463,853
2013-05-27,13,379,464,843
2013-05-27,14,348,408,756
2013-05-27,15,384,432,816
2013-05-27,16,390,423,813
2013-05-27,17,361,343,704
2013-05-27,18,314,256,570
2013-05-27,19,281,199,480
2013-05-27,20,224,162,386
2013-05-27,21,169,96,265
2013-05-27,22,123,73,196
2013-05-27,23,75,64,139
2013-05-28,0,18,53,71
2013-05-28,1,8,12,20
2013-05-28,2,7,8,15
2013-05-28,3,4,6,10
2013-05-28,4,4,1,5
2013-05-28,5,33,5,38
2013-05-28,6,180,7,187
2013-05-28,7,511,31,542
2013-05-28,8,699,30,729
2013-05-28,9,310,42,352
2013-05-28,10,166,96,262
2013-05-28,11,197,104,301
2013-05-28,12,278,168,446
2013-05-28,13,254,120,374
2013-05-28,14,247,172,419
2013-05-28,15,248,133,381
2013-05-28,16,431,170,601
2013-05-28,17,871,163,1034
2013-05-28,18,522,94,616
2013-05-28,19,236,46,282
2013-05-28,20,285,49,334
2013-05-28,21,187,35,222
2013-05-28,22,146,30,176
2013-05-28,23,122,13,135
2013-05-29,0,36,14,50
2013-05-29,1,17,21,38
2013-05-29,2,6,7,13
2013-05-29,3,2,13,15
2013-05-29,4,5,0,5
2013-05-29,5,50,2,52
2013-05-29,6,193,4,197
2013-05-29,7,585,23,608
2013-05-29,8,848,38,886
2013-05-29,9,347,65,412
2013-05-29,10,165,112,277
2013-05-29,11,194,119,313
2013-05-29,12,268,132,400
2013-05-29,13,242,117,359
2013-05-29,14,237,125,362
2013-05-29,15,235,138,373
2013-05-29,16,433,110,543
2013-05-29,17,916,124,1040
2013-05-29,18,926,162,1088
2013-05-29,19,644,147,791
2013-05-29,20,457,95,552
2013-05-29,21,384,77,461
2013-05-29,22,223,53,276
2013-05-29,23,126,38,164
2013-05-30,0,63,23,86
2013-05-30,1,26,6,32
2013-05-30,2,13,0,13
2013-05-30,3,4,3,7
2013-05-30,4,2,1,3
2013-05-30,5,46,4,50
2013-05-30,6,201,8,209
2013-05-30,7,590,30,620
2013-05-30,8,823,37,860
2013-05-30,9,325,74,399
2013-05-30,10,150,68,218
2013-05-30,11,202,88,290
2013-05-30,12,253,83,336
2013-05-30,13,253,72,325
2013-05-30,14,198,94,292
2013-05-30,15,266,92,358
2013-05-30,16,391,67,458
2013-05-30,17,920,116,1036
2013-05-30,18,872,109,981
2013-05-30,19,588,143,731
2013-05-30,20,463,88,551
2013-05-30,21,303,77,380
2013-05-30,22,261,45,306
2013-05-30,23,161,38,199
2013-05-31,0,81,26,107
2013-05-31,1,31,15,46
2013-05-31,2,9,7,16
2013-05-31,3,5,2,7
2013-05-31,4,8,1,9
2013-05-31,5,63,1,64
2013-05-31,6,182,6,188
2013-05-31,7,513,23,536
2013-05-31,8,757,51,808
2013-05-31,9,404,77,481
2013-05-31,10,180,89,269
2013-05-31,11,261,98,359
2013-05-31,12,298,128,426
2013-05-31,13,314,125,439
2013-05-31,14,259,130,389
2013-05-31,15,277,156,433
2013-05-31,16,461,130,591
2013-05-31,17,760,161,921
2013-05-31,18,719,172,891
2013-05-31,19,527,127,654
2013-05-31,20,381,90,471
2013-05-31,21,334,89,423
2013-05-31,22,245,73,318
2013-05-31,23,198,59,257
2013-06-01,0,148,38,186
2013-06-01,1,104,22,126
2013-06-01,2,62,14,76
2013-06-01,3,28,10,38
2013-06-01,4,9,5,14
2013-06-01,5,15,7,22
2013-06-01,6,31,11,42
2013-06-01,7,93,24,117
2013-06-01,8,188,61,249
2013-06-01,9,321,108,429
2013-06-01,10,368,177,545
2013-06-01,11,422,274,696
2013-06-01,12,459,293,752
2013-06-01,13,407,303,710
2013-06-01,14,382,326,708
2013-06-01,15,353,295,648
2013-06-01,16,372,332,704
2013-06-01,17,376,308,684
2013-06-01,18,381,245,626
2013-06-01,19,375,272,647
2013-06-01,20,298,178,476
2013-06-01,21,242,144,386
2013-06-01,22,184,112,296
2013-06-01,23,182,98,280
2013-06-02,0,156,55,211
2013-06-02,1,89,30,119
2013-06-02,2,74,42,116
2013-06-02,3,50,21,71
2013-06-02,4,14,8,22
2013-06-02,5,7,10,17
2013-06-02,6,32,6,38
2013-06-02,7,49,19,68
2013-06-02,8,138,51,189
2013-06-02,9,245,155,400
2013-06-02,10,319,245,564
2013-06-02,11,421,353,774
2013-06-02,12,398,295,693
2013-06-02,13,408,292,700
2013-06-02,14,290,262,552
2013-06-02,15,370,233,603
2013-06-02,16,403,274,677
2013-06-02,17,407,281,688
2013-06-02,18,181,115,296
2013-06-02,19,146,66,212
2013-06-02,20,157,71,228
2013-06-02,21,142,52,194
2013-06-02,22,115,45,160
2013-06-02,23,56,16,72
2013-06-03,0,33,12,45
2013-06-03,1,11,2,13
2013-06-03,2,6,0,6
2013-06-03,3,7,1,8
2013-06-03,4,0,3,3
2013-06-03,5,20,0,20
2013-06-03,6,51,2,53
2013-06-03,7,156,6,162
2013-06-03,8,449,20,469
2013-06-03,9,366,36,402
2013-06-03,10,152,60,212
2013-06-03,11,186,94,280
2013-06-03,12,253,108,361
2013-06-03,13,271,135,406
2013-06-03,14,225,112,337
2013-06-03,15,196,135,331
2013-06-03,16,302,72,374
2013-06-03,17,809,123,932
2013-06-03,18,826,125,951
2013-06-03,19,583,103,686
2013-06-03,20,446,97,543
2013-06-03,21,304,70,374
2013-06-03,22,193,84,277
2013-06-03,23,106,42,148
2013-06-04,0,43,20,63
2013-06-04,1,15,11,26
2013-06-04,2,8,5,13
2013-06-04,3,5,1,6
2013-06-04,4,2,1,3
2013-06-04,5,64,3,67
2013-06-04,6,216,11,227
2013-06-04,7,620,29,649
2013-06-04,8,873,71,944
2013-06-04,9,344,72,416
2013-06-04,10,186,99,285
2013-06-04,11,219,134,353
2013-06-04,12,310,128,438
2013-06-04,13,274,128,402
2013-06-04,14,282,153,435
2013-06-04,15,299,151,450
2013-06-04,16,476,126,602
2013-06-04,17,1009,148,1157
2013-06-04,18,985,152,1137
2013-06-04,19,613,162,775
2013-06-04,20,452,102,554
2013-06-04,21,402,65,467
2013-06-04,22,253,55,308
2013-06-04,23,124,25,149
2013-06-05,0,50,12,62
2013-06-05,1,30,3,33
2013-06-05,2,10,1,11
2013-06-05,3,5,3,8
2013-06-05,4,5,1,6
2013-06-05,5,54,2,56
2013-06-05,6,228,16,244
2013-06-05,7,634,39,673
2013-06-05,8,782,85,867
2013-06-05,9,405,66,471
2013-06-05,10,162,92,254
2013-06-05,11,204,99,303
2013-06-05,12,286,130,416
2013-06-05,13,297,128,425
2013-06-05,14,253,138,391
2013-06-05,15,280,141,421
2013-06-05,16,438,173,611
2013-06-05,17,1029,187,1216
2013-06-05,18,913,150,1063
2013-06-05,19,624,157,781
2013-06-05,20,535,113,648
2013-06-05,21,422,82,504
2013-06-05,22,296,70,366
2013-06-05,23,134,22,156
2013-06-06,0,72,10,82
2013-06-06,1,22,7,29
2013-06-06,2,8,9,17
2013-06-06,3,4,2,6
2013-06-06,4,2,1,3
2013-06-06,5,50,3,53
2013-06-06,6,223,23,246
2013-06-06,7,579,33,612
2013-06-06,8,889,50,939
2013-06-06,9,378,64,442
2013-06-06,10,163,86,249
2013-06-06,11,200,104,304
2013-06-06,12,250,97,347
2013-06-06,13,248,100,348
2013-06-06,14,232,114,346
2013-06-06,15,273,135,408
2013-06-06,16,405,127,532
2013-06-06,17,726,140,866
2013-06-06,18,365,70,435
2013-06-06,19,152,15,167
2013-06-06,20,78,3,81
2013-06-06,21,128,9,137
2013-06-06,22,116,9,125
2013-06-06,23,68,12,80
2013-06-07,0,13,2,15
2013-06-07,1,5,1,6
2013-06-07,2,11,0,11
2013-06-07,3,5,0,5
2013-06-07,4,3,0,3
2013-06-07,5,23,2,25
2013-06-07,6,52,3,55
2013-06-07,7,129,7,136
2013-06-07,8,180,11,191
2013-06-07,9,107,11,118
2013-06-07,10,41,5,46
2013-06-07,11,45,6,51
2013-06-07,12,38,10,48
2013-06-07,13,42,9,51
2013-06-07,14,51,13,64
2013-06-07,15,69,16,85
2013-06-07,16,104,16,120
2013-06-07,17,255,22,277
2013-06-07,18,225,10,235
2013-06-07,19,204,24,228
2013-06-07,20,205,19,224
2013-06-07,21,155,17,172
2013-06-07,22,139,12,151
2013-06-07,23,134,26,160
2013-06-08,0,110,17,127
2013-06-08,1,86,9,95
2013-06-08,2,79,21,100
2013-06-08,3,34,6,40
2013-06-08,4,8,3,11
2013-06-08,5,11,3,14
2013-06-08,6,55,15,70
2013-06-08,7,96,9,105
2013-06-08,8,191,28,219
2013-06-08,9,267,99,366
2013-06-08,10,338,131,469
2013-06-08,11,379,176,555
2013-06-08,12,420,254,674
2013-06-08,13,477,317,794
2013-06-08,14,459,355,814
2013-06-08,15,504,369,873
2013-06-08,16,414,362,776
2013-06-08,17,354,320,674
2013-06-08,18,394,264,658
2013-06-08,19,420,262,682
2013-06-08,20,364,200,564
2013-06-08,21,280,150,430
2013-06-08,22,253,113,366
2013-06-08,23,193,89,282
2013-06-09,0,143,56,199
2013-06-09,1,141,34,175
2013-06-09,2,88,22,110
2013-06-09,3,48,14,62
2013-06-09,4,20,3,23
2013-06-09,5,22,3,25
2013-06-09,6,23,9,32
2013-06-09,7,53,18,71
2013-06-09,8,114,51,165
2013-06-09,9,231,125,356
2013-06-09,10,363,205,568
2013-06-09,11,409,287,696
2013-06-09,12,495,306,801
2013-06-09,13,438,337,775
2013-06-09,14,429,348,777
2013-06-09,15,392,336,728
2013-06-09,16,444,334,778
2013-06-09,17,490,288,778
2013-06-09,18,409,238,647
2013-06-09,19,371,166,537
2013-06-09,20,244,127,371
2013-06-09,21,165,62,227
2013-06-09,22,170,41,211
2013-06-09,23,85,23,108
2013-06-10,0,43,21,64
2013-06-10,1,30,9,39
2013-06-10,2,5,6,11
2013-06-10,3,1,1,2
2013-06-10,4,3,1,4
2013-06-10,5,34,1,35
2013-06-10,6,141,3,144
2013-06-10,7,216,16,232
2013-06-10,8,470,29,499
2013-06-10,9,252,45,297
2013-06-10,10,100,49,149
2013-06-10,11,127,62,189
2013-06-10,12,168,91,259
2013-06-10,13,162,66,228
2013-06-10,14,55,21,76
2013-06-10,15,63,22,85
2013-06-10,16,282,76,358
2013-06-10,17,590,71,661
2013-06-10,18,405,53,458
2013-06-10,19,239,45,284
2013-06-10,20,59,4,63
2013-06-10,21,81,9,90
2013-06-10,22,88,6,94
2013-06-10,23,41,6,47
2013-06-11,0,18,5,23
2013-06-11,1,10,2,12
2013-06-11,2,9,1,10
2013-06-11,3,4,3,7
2013-06-11,4,0,3,3
2013-06-11,5,42,0,42
2013-06-11,6,189,10,199
2013-06-11,7,566,24,590
2013-06-11,8,840,34,874
2013-06-11,9,308,72,380
2013-06-11,10,155,86,241
2013-06-11,11,209,79,288
2013-06-11,12,276,123,399
2013-06-11,13,263,112,375
2013-06-11,14,242,140,382
2013-06-11,15,271,138,409
2013-06-11,16,458,159,617
2013-06-11,17,932,168,1100
2013-06-11,18,894,155,1049
2013-06-11,19,571,130,701
2013-06-11,20,472,111,583
2013-06-11,21,354,89,443
2013-06-11,22,239,67,306
2013-06-11,23,134,26,160
2013-06-12,0,59,5,64
2013-06-12,1,18,13,31
2013-06-12,2,14,4,18
2013-06-12,3,2,5,7
2013-06-12,4,4,3,7
2013-06-12,5,54,2,56
2013-06-12,6,208,11,219
2013-06-12,7,615,28,643
2013-06-12,8,813,47,860
2013-06-12,9,322,71,393
2013-06-12,10,181,76,257
2013-06-12,11,205,84,289
2013-06-12,12,256,108,364
2013-06-12,13,248,95,343
2013-06-12,14,238,106,344
2013-06-12,15,274,144,418
2013-06-12,16,396,86,482
2013-06-12,17,877,145,1022
2013-06-12,18,948,122,1070
2013-06-12,19,632,145,777
2013-06-12,20,484,106,590
2013-06-12,21,349,66,415
2013-06-12,22,253,61,314
2013-06-12,23,145,52,197
2013-06-13,0,64,19,83
2013-06-13,1,29,9,38
2013-06-13,2,11,3,14
2013-06-13,3,5,3,8
2013-06-13,4,1,0,1
2013-06-13,5,34,3,37
2013-06-13,6,193,11,204
2013-06-13,7,578,21,599
2013-06-13,8,754,39,793
2013-06-13,9,163,20,183
2013-06-13,10,127,61,188
2013-06-13,11,174,66,240
2013-06-13,12,225,58,283
2013-06-13,13,205,96,301
2013-06-13,14,223,87,310
2013-06-13,15,295,92,387
2013-06-13,16,305,69,374
2013-06-13,17,580,130,710
2013-06-13,18,678,91,769
2013-06-13,19,457,109,566
2013-06-13,20,357,76,433
2013-06-13,21,275,41,316
2013-06-13,22,207,28,235
2013-06-13,23,157,30,187
2013-06-14,0,76,17,93
2013-06-14,1,34,5,39
2013-06-14,2,17,7,24
2013-06-14,3,11,1,12
2013-06-14,4,2,0,2
2013-06-14,5,42,3,45
2013-06-14,6,104,6,110
2013-06-14,7,362,20,382
2013-06-14,8,803,42,845
2013-06-14,9,403,66,469
2013-06-14,10,205,88,293
2013-06-14,11,258,153,411
2013-06-14,12,352,150,502
2013-06-14,13,346,166,512
2013-06-14,14,317,192,509
2013-06-14,15,383,177,560
2013-06-14,16,530,170,700
2013-06-14,17,826,200,1026
2013-06-14,18,708,189,897
2013-06-14,19,506,191,697
2013-06-14,20,438,133,571
2013-06-14,21,353,90,443
2013-06-14,22,269,77,346
2013-06-14,23,229,66,295
2013-06-15,0,135,24,159
2013-06-15,1,120,16,136
2013-06-15,2,79,7,86
2013-06-15,3,36,2,38
2013-06-15,4,8,3,11
2013-06-15,5,18,2,20
2013-06-15,6,41,13,54
2013-06-15,7,100,17,117
2013-06-15,8,221,50,271
2013-06-15,9,288,154,442
2013-06-15,10,385,201,586
2013-06-15,11,442,249,691
2013-06-15,12,525,342,867
2013-06-15,13,510,380,890
2013-06-15,14,444,431,875
2013-06-15,15,406,389,795
2013-06-15,16,384,373,757
2013-06-15,17,415,345,760
2013-06-15,18,410,311,721
2013-06-15,19,359,268,627
2013-06-15,20,320,251,571
2013-06-15,21,246,171,417
2013-06-15,22,212,128,340
2013-06-15,23,141,74,215
2013-06-16,0,161,71,232
2013-06-16,1,134,36,170
2013-06-16,2,98,32,130
2013-06-16,3,36,12,48
2013-06-16,4,7,1,8
2013-06-16,5,11,3,14
2013-06-16,6,20,3,23
2013-06-16,7,60,29,89
2013-06-16,8,147,38,185
2013-06-16,9,203,106,309
2013-06-16,10,334,256,590
2013-06-16,11,370,331,701
2013-06-16,12,412,321,733
2013-06-16,13,388,355,743
2013-06-16,14,395,377,772
2013-06-16,15,347,338,685
2013-06-16,16,378,288,666
2013-06-16,17,343,262,605
2013-06-16,18,334,184,518
2013-06-16,19,328,173,501
2013-06-16,20,239,140,379
2013-06-16,21,189,83,272
2013-06-16,22,148,62,210
2013-06-16,23,95,32,127
2013-06-17,0,34,17,51
2013-06-17,1,15,7,22
2013-06-17,2,15,0,15
2013-06-17,3,4,0,4
2013-06-17,4,2,0,2
2013-06-17,5,48,2,50
2013-06-17,6,189,4,193
2013-06-17,7,549,31,580
2013-06-17,8,776,70,846
2013-06-17,9,323,73,396
2013-06-17,10,140,142,282
2013-06-17,11,157,149,306
2013-06-17,12,241,128,369
2013-06-17,13,232,118,350
2013-06-17,14,200,112,312
2013-06-17,15,237,122,359
2013-06-17,16,384,125,509
2013-06-17,17,763,136,899
2013-06-17,18,818,122,940
2013-06-17,19,663,134,797
2013-06-17,20,447,89,536
2013-06-17,21,325,64,389
2013-06-17,22,215,53,268
2013-06-17,23,107,31,138
2013-06-18,0,43,14,57
2013-06-18,1,14,3,17
2013-06-18,2,3,0,3
2013-06-18,3,6,0,6
2013-06-18,4,2,0,2
2013-06-18,5,63,2,65
2013-06-18,6,238,8,246
2013-06-18,7,626,27,653
2013-06-18,8,916,42,958
2013-06-18,9,337,58,395
2013-06-18,10,120,46,166
2013-06-18,11,171,88,259
2013-06-18,12,197,83,280
2013-06-18,13,83,39,122
2013-06-18,14,39,17,56
2013-06-18,15,97,21,118
2013-06-18,16,181,53,234
2013-06-18,17,645,51,696
2013-06-18,18,737,72,809
2013-06-18,19,565,67,632
2013-06-18,20,466,101,567
2013-06-18,21,339,59,398
2013-06-18,22,207,53,260
2013-06-18,23,105,36,141
2013-06-19,0,109,19,128
2013-06-19,1,23,2,25
2013-06-19,2,7,3,10
2013-06-19,3,9,0,9
2013-06-19,4,13,2,15
2013-06-19,5,60,3,63
2013-06-19,6,239,14,253
2013-06-19,7,622,44,666
2013-06-19,8,910,56,966
2013-06-19,9,372,60,432
2013-06-19,10,203,107,310
2013-06-19,11,226,123,349
2013-06-19,12,284,113,397
2013-06-19,13,253,106,359
2013-06-19,14,231,132,363
2013-06-19,15,265,162,427
2013-06-19,16,436,113,549
2013-06-19,17,975,185,1160
2013-06-19,18,938,132,1070
2013-06-19,19,685,143,828
2013-06-19,20,553,115,668
2013-06-19,21,405,85,490
2013-06-19,22,262,57,319
2013-06-19,23,157,26,183
2013-06-20,0,46,19,65
2013-06-20,1,20,15,35
2013-06-20,2,10,8,18
2013-06-20,3,6,2,8
2013-06-20,4,4,0,4
2013-06-20,5,58,3,61
2013-06-20,6,208,16,224
2013-06-20,7,600,29,629
2013-06-20,8,941,59,1000
2013-06-20,9,387,59,446
2013-06-20,10,207,86,293
2013-06-20,11,213,103,316
2013-06-20,12,297,138,435
2013-06-20,13,301,132,433
2013-06-20,14,260,112,372
2013-06-20,15,275,126,401
2013-06-20,16,438,125,563
2013-06-20,17,994,187,1181
2013-06-20,18,935,182,1117
2013-06-20,19,655,121,776
2013-06-20,20,601,90,691
2013-06-20,21,399,87,486
2013-06-20,22,294,62,356
2013-06-20,23,203,34,237
2013-06-21,0,155,37,192
2013-06-21,1,43,29,72
2013-06-21,2,20,3,23
2013-06-21,3,11,4,15
2013-06-21,4,4,0,4
2013-06-21,5,41,9,50
2013-06-21,6,180,9,189
2013-06-21,7,526,25,551
2013-06-21,8,861,69,930
2013-06-21,9,379,61,440
2013-06-21,10,213,118,331
2013-06-21,11,247,123,370
2013-06-21,12,331,104,435
2013-06-21,13,351,158,509
2013-06-21,14,283,195,478
2013-06-21,15,310,143,453
2013-06-21,16,512,201,713
2013-06-21,17,918,239,1157
2013-06-21,18,732,189,921
2013-06-21,19,526,185,711
2013-06-21,20,426,164,590
2013-06-21,21,362,125,487
2013-06-21,22,298,96,394
2013-06-21,23,223,82,305
2013-06-22,0,188,48,236
2013-06-22,1,103,28,131
2013-06-22,2,60,17,77
2013-06-22,3,29,9,38
2013-06-22,4,10,6,16
2013-06-22,5,12,6,18
2013-06-22,6,35,7,42
2013-06-22,7,91,22,113
2013-06-22,8,194,76,270
2013-06-22,9,301,148,449
2013-06-22,10,390,204,594
2013-06-22,11,475,344,819
2013-06-22,12,490,357,847
2013-06-22,13,470,389,859
2013-06-22,14,434,452,886
2013-06-22,15,437,374,811
2013-06-22,16,426,386,812
2013-06-22,17,457,300,757
2013-06-22,18,407,322,729
2013-06-22,19,368,259,627
2013-06-22,20,308,223,531
2013-06-22,21,264,196,460
2013-06-22,22,242,130,372
2013-06-22,23,207,98,305
2013-06-23,0,146,61,207
2013-06-23,1,136,55,191
2013-06-23,2,108,37,145
2013-06-23,3,40,15,55
2013-06-23,4,15,9,24
2013-06-23,5,18,5,23
2013-06-23,6,16,5,21
2013-06-23,7,43,19,62
2013-06-23,8,58,12,70
2013-06-23,9,30,7,37
2013-06-23,10,81,37,118
2013-06-23,11,233,93,326
2013-06-23,12,340,161,501
2013-06-23,13,322,168,490
2013-06-23,14,368,248,616
2013-06-23,15,365,241,606
2013-06-23,16,448,243,691
2013-06-23,17,409,224,633
2013-06-23,18,431,214,645
2013-06-23,19,366,174,540
2013-06-23,20,293,180,473
2013-06-23,21,237,100,337
2013-06-23,22,160,60,220
2013-06-23,23,108,36,144
2013-06-24,0,44,6,50
2013-06-24,1,23,6,29
2013-06-24,2,11,3,14
2013-06-24,3,7,3,10
2013-06-24,4,10,3,13
2013-06-24,5,44,1,45
2013-06-24,6,193,11,204
2013-06-24,7,506,40,546
2013-06-24,8,800,55,855
2013-06-24,9,291,73,364
2013-06-24,10,141,113,254
2013-06-24,11,178,118,296
2013-06-24,12,228,132,360
2013-06-24,13,196,90,286
2013-06-24,14,215,107,322
2013-06-24,15,232,96,328
2013-06-24,16,328,77,405
2013-06-24,17,650,99,749
2013-06-24,18,773,100,873
2013-06-24,19,609,94,703
2013-06-24,20,442,81,523
2013-06-24,21,330,85,415
2013-06-24,22,189,46,235
2013-06-24,23,132,31,163
2013-06-25,0,41,13,54
2013-06-25,1,15,9,24
2013-06-25,2,17,4,21
2013-06-25,3,11,1,12
2013-06-25,4,5,0,5
2013-06-25,5,65,5,70
2013-06-25,6,230,14,244
2013-06-25,7,589,40,629
2013-06-25,8,858,58,916
2013-06-25,9,320,64,384
2013-06-25,10,174,76,250
2013-06-25,11,195,110,305
2013-06-25,12,248,102,350
2013-06-25,13,249,84,333
2013-06-25,14,213,87,300
2013-06-25,15,238,107,345
2013-06-25,16,403,106,509
2013-06-25,17,900,159,1059
2013-06-25,18,826,110,936
2013-06-25,19,641,128,769
2013-06-25,20,426,100,526
2013-06-25,21,386,81,467
2013-06-25,22,255,78,333
2013-06-25,23,106,23,129
2013-06-26,0,48,6,54
2013-06-26,1,26,7,33
2013-06-26,2,11,3,14
2013-06-26,3,4,0,4
2013-06-26,4,5,1,6
2013-06-26,5,57,5,62
2013-06-26,6,230,23,253
2013-06-26,7,609,31,640
2013-06-26,8,820,52,872
2013-06-26,9,366,64,430
2013-06-26,10,155,62,217
2013-06-26,11,188,90,278
2013-06-26,12,246,99,345
2013-06-26,13,229,105,334
2013-06-26,14,202,76,278
2013-06-26,15,236,101,337
2013-06-26,16,357,95,452
2013-06-26,17,838,125,963
2013-06-26,18,830,130,960
2013-06-26,19,542,83,625
2013-06-26,20,313,56,369
2013-06-26,21,362,50,412
2013-06-26,22,260,36,296
2013-06-26,23,146,12,158
2013-06-27,0,56,18,74
2013-06-27,1,26,19,45
2013-06-27,2,12,1,13
2013-06-27,3,6,0,6
2013-06-27,4,4,1,5
2013-06-27,5,53,8,61
2013-06-27,6,218,9,227
2013-06-27,7,583,28,611
2013-06-27,8,857,47,904
2013-06-27,9,364,52,416
2013-06-27,10,183,83,266
2013-06-27,11,218,74,292
2013-06-27,12,284,100,384
2013-06-27,13,252,63,315
2013-06-27,14,219,76,295
2013-06-27,15,154,66,220
2013-06-27,16,247,64,311
2013-06-27,17,829,98,927
2013-06-27,18,872,118,990
2013-06-27,19,646,108,754
2013-06-27,20,481,112,593
2013-06-27,21,368,72,440
2013-06-27,22,207,48,255
2013-06-27,23,178,37,215
2013-06-28,0,88,32,120
2013-06-28,1,33,12,45
2013-06-28,2,13,5,18
2013-06-28,3,8,2,10
2013-06-28,4,5,0,5
2013-06-28,5,50,3,53
2013-06-28,6,179,7,186
2013-06-28,7,514,23,537
2013-06-28,8,810,55,865
2013-06-28,9,357,67,424
2013-06-28,10,218,76,294
2013-06-28,11,233,94,327
2013-06-28,12,338,109,447
2013-06-28,13,323,91,414
2013-06-28,14,262,137,399
2013-06-28,15,102,33,135
2013-06-28,16,234,68,302
2013-06-28,17,279,52,331
2013-06-28,18,108,15,123
2013-06-28,19,246,31,277
2013-06-28,20,269,42,311
2013-06-28,21,215,46,261
2013-06-28,22,155,24,179
2013-06-28,23,148,36,184
2013-06-29,0,119,35,154
2013-06-29,1,97,30,127
2013-06-29,2,84,34,118
2013-06-29,3,34,18,52
2013-06-29,4,16,4,20
2013-06-29,5,9,3,12
2013-06-29,6,49,15,64
2013-06-29,7,99,23,122
2013-06-29,8,170,57,227
2013-06-29,9,293,114,407
2013-06-29,10,402,201,603
2013-06-29,11,527,321,848
2013-06-29,12,481,321,802
2013-06-29,13,469,307,776
2013-06-29,14,442,335,777
2013-06-29,15,453,316,769
2013-06-29,16,461,298,759
2013-06-29,17,478,342,820
2013-06-29,18,403,283,686
2013-06-29,19,391,230,621
2013-06-29,20,342,256,598
2013-06-29,21,299,178,477
2013-06-29,22,207,131,338
2013-06-29,23,205,121,326
2013-06-30,0,191,50,241
2013-06-30,1,126,43,169
2013-06-30,2,94,27,121
2013-06-30,3,51,13,64
2013-06-30,4,9,1,10
2013-06-30,5,12,4,16
2013-06-30,6,18,13,31
2013-06-30,7,57,24,81
2013-06-30,8,122,43,165
2013-06-30,9,224,104,328
2013-06-30,10,211,101,312
2013-06-30,11,190,78,268
2013-06-30,12,369,198,567
2013-06-30,13,421,241,662
2013-06-30,14,452,313,765
2013-06-30,15,374,237,611
2013-06-30,16,405,218,623
2013-06-30,17,344,170,514
2013-06-30,18,223,130,353
2013-06-30,19,204,94,298
2013-06-30,20,223,120,343
2013-06-30,21,184,91,275
2013-06-30,22,118,67,185
2013-06-30,23,60,25,85
2013-07-01,0,46,8,54
2013-07-01,1,21,6,27
2013-07-01,2,16,0,16
2013-07-01,3,9,4,13
2013-07-01,4,10,2,12
2013-07-01,5,46,1,47
2013-07-01,6,194,12,206
2013-07-01,7,548,19,567
2013-07-01,8,807,43,850
2013-07-01,9,274,85,359
2013-07-01,10,40,37,77
2013-07-01,11,81,42,123
2013-07-01,12,69,65,134
2013-07-01,13,157,80,237
2013-07-01,14,205,133,338
2013-07-01,15,218,116,334
2013-07-01,16,371,159,530
2013-07-01,17,902,129,1031
2013-07-01,18,850,111,961
2013-07-01,19,545,70,615
2013-07-01,20,440,89,529
2013-07-01,21,298,81,379
2013-07-01,22,220,49,269
2013-07-01,23,103,31,134
2013-07-02,0,47,17,64
2013-07-02,1,22,11,33
2013-07-02,2,7,2,9
2013-07-02,3,11,1,12
2013-07-02,4,6,2,8
2013-07-02,5,53,7,60
2013-07-02,6,180,8,188
2013-07-02,7,466,23,489
2013-07-02,8,851,28,879
2013-07-02,9,349,42,391
2013-07-02,10,169,93,262
2013-07-02,11,184,114,298
2013-07-02,12,268,119,387
2013-07-02,13,247,100,347
2013-07-02,14,125,87,212
2013-07-02,15,148,89,237
2013-07-02,16,260,92,352
2013-07-02,17,821,105,926
2013-07-02,18,735,99,834
2013-07-02,19,502,80,582
2013-07-02,20,398,57,455
2013-07-02,21,307,50,357
2013-07-02,22,256,38,294
2013-07-02,23,125,20,145
2013-07-03,0,81,13,94
2013-07-03,1,27,5,32
2013-07-03,2,14,1,15
2013-07-03,3,4,1,5
2013-07-03,4,7,0,7
2013-07-03,5,31,1,32
2013-07-03,6,137,6,143
2013-07-03,7,405,10,415
2013-07-03,8,146,12,158
2013-07-03,9,284,28,312
2013-07-03,10,141,44,185
2013-07-03,11,183,87,270
2013-07-03,12,257,126,383
2013-07-03,13,279,124,403
2013-07-03,14,345,121,466
2013-07-03,15,447,131,578
2013-07-03,16,511,155,666
2013-07-03,17,680,130,810
2013-07-03,18,573,111,684
2013-07-03,19,430,148,578
2013-07-03,20,381,134,515
2013-07-03,21,315,79,394
2013-07-03,22,254,79,333
2013-07-03,23,190,57,247
2013-07-04,0,148,33,181
2013-07-04,1,123,20,143
2013-07-04,2,81,20,101
2013-07-04,3,24,5,29
2013-07-04,4,7,3,10
2013-07-04,5,12,6,18
2013-07-04,6,33,9,42
2013-07-04,7,60,22,82
2013-07-04,8,117,59,176
2013-07-04,9,199,117,316
2013-07-04,10,294,213,507
2013-07-04,11,333,263,596
2013-07-04,12,343,333,676
2013-07-04,13,376,380,756
2013-07-04,14,402,454,856
2013-07-04,15,378,399,777
2013-07-04,16,342,487,829
2013-07-04,17,311,427,738
2013-07-04,18,356,410,766
2013-07-04,19,300,378,678
2013-07-04,20,331,369,700
2013-07-04,21,378,354,732
2013-07-04,22,336,318,654
2013-07-04,23,236,143,379
2013-07-05,0,114,50,164
2013-07-05,1,56,26,82
2013-07-05,2,28,11,39
2013-07-05,3,10,5,15
2013-07-05,4,9,5,14
2013-07-05,5,23,3,26
2013-07-05,6,79,10,89
2013-07-05,7,204,21,225
2013-07-05,8,404,62,466
2013-07-05,9,297,154,451
2013-07-05,10,219,275,494
2013-07-05,11,268,378,646
2013-07-05,12,331,416,747
2013-07-05,13,334,370,704
2013-07-05,14,309,368,677
2013-07-05,15,367,377,744
2013-07-05,16,433,434,867
2013-07-05,17,508,390,898
2013-07-05,18,450,317,767
2013-07-05,19,369,317,686
2013-07-05,20,308,266,574
2013-07-05,21,226,239,465
2013-07-05,22,229,180,409
2013-07-05,23,197,111,308
2013-07-06,0,112,87,199
2013-07-06,1,91,28,119
2013-07-06,2,57,24,81
2013-07-06,3,30,20,50
2013-07-06,4,7,1,8
2013-07-06,5,11,12,23
2013-07-06,6,39,19,58
2013-07-06,7,69,21,90
2013-07-06,8,158,89,247
2013-07-06,9,208,136,344
2013-07-06,10,257,226,483
2013-07-06,11,328,352,680
2013-07-06,12,316,377,693
2013-07-06,13,318,393,711
2013-07-06,14,335,362,697
2013-07-06,15,281,301,582
2013-07-06,16,243,329,572
2013-07-06,17,275,333,608
2013-07-06,18,289,269,558
2013-07-06,19,304,275,579
2013-07-06,20,283,224,507
2013-07-06,21,250,172,422
2013-07-06,22,186,146,332
2013-07-06,23,160,99,259
2013-07-07,0,140,86,226
2013-07-07,1,94,43,137
2013-07-07,2,71,22,93
2013-07-07,3,34,11,45
2013-07-07,4,8,4,12
2013-07-07,5,14,6,20
2013-07-07,6,27,16,43
2013-07-07,7,53,29,82
2013-07-07,8,130,63,193
2013-07-07,9,198,129,327
2013-07-07,10,288,177,465
2013-07-07,11,346,201,547
2013-07-07,12,368,242,610
2013-07-07,13,362,251,613
2013-07-07,14,322,194,516
2013-07-07,15,314,221,535
2013-07-07,16,344,170,514
2013-07-07,17,359,196,555
2013-07-07,18,314,136,450
2013-07-07,19,179,113,292
2013-07-07,20,127,76,203
2013-07-07,21,121,44,165
2013-07-07,22,105,38,143
2013-07-07,23,63,22,85
2013-07-08,0,31,6,37
2013-07-08,1,15,1,16
2013-07-08,2,5,0,5
2013-07-08,3,4,0,4
2013-07-08,4,9,0,9
2013-07-08,5,50,0,50
2013-07-08,6,168,12,180
2013-07-08,7,459,19,478
2013-07-08,8,808,66,874
2013-07-08,9,302,78,380
2013-07-08,10,156,57,213
2013-07-08,11,162,108,270
2013-07-08,12,229,90,319
2013-07-08,13,151,50,201
2013-07-08,14,150,79,229
2013-07-08,15,207,98,305
2013-07-08,16,397,101,498
2013-07-08,17,848,134,982
2013-07-08,18,847,126,973
2013-07-08,19,646,106,752
2013-07-08,20,470,89,559
2013-07-08,21,330,50,380
2013-07-08,22,193,29,222
2013-07-08,23,110,24,134
2013-07-09,0,44,23,67
2013-07-09,1,14,5,19
2013-07-09,2,7,0,7
2013-07-09,3,6,0,6
2013-07-09,4,5,1,6
2013-07-09,5,75,4,79
2013-07-09,6,211,7,218
2013-07-09,7,591,23,614
2013-07-09,8,873,43,916
2013-07-09,9,327,46,373
2013-07-09,10,181,58,239
2013-07-09,11,196,61,257
2013-07-09,12,254,86,340
2013-07-09,13,267,77,344
2013-07-09,14,172,74,246
2013-07-09,15,213,78,291
2013-07-09,16,416,72,488
2013-07-09,17,986,106,1092
2013-07-09,18,906,120,1026
2013-07-09,19,637,103,740
2013-07-09,20,479,89,568
2013-07-09,21,353,61,414
2013-07-09,22,240,38,278
2013-07-09,23,115,24,139
2013-07-10,0,61,10,71
2013-07-10,1,25,0,25
2013-07-10,2,8,2,10
2013-07-10,3,5,0,5
2013-07-10,4,4,1,5
2013-07-10,5,69,0,69
2013-07-10,6,235,6,241
2013-07-10,7,595,28,623
2013-07-10,8,815,47,862
2013-07-10,9,206,32,238
2013-07-10,10,132,45,177
2013-07-10,11,190,94,284
2013-07-10,12,215,72,287
2013-07-10,13,234,59,293
2013-07-10,14,219,64,283
2013-07-10,15,235,86,321
2013-07-10,16,436,86,522
2013-07-10,17,925,95,1020
2013-07-10,18,958,164,1122
2013-07-10,19,645,103,748
2013-07-10,20,168,37,205
2013-07-10,21,263,37,300
2013-07-10,22,227,31,258
2013-07-10,23,127,17,144
2013-07-11,0,46,17,63
2013-07-11,1,23,3,26
2013-07-11,2,12,2,14
2013-07-11,3,6,3,9
2013-07-11,4,5,0,5
2013-07-11,5,58,2,60
2013-07-11,6,191,11,202
2013-07-11,7,583,15,598
2013-07-11,8,695,39,734
2013-07-11,9,330,52,382
2013-07-11,10,142,68,210
2013-07-11,11,190,65,255
2013-07-11,12,225,86,311
2013-07-11,13,260,110,370
2013-07-11,14,240,101,341
2013-07-11,15,258,109,367
2013-07-11,16,470,118,588
2013-07-11,17,937,125,1062
2013-07-11,18,929,109,1038
2013-07-11,19,632,113,745
2013-07-11,20,472,62,534
2013-07-11,21,362,71,433
2013-07-11,22,246,73,319
2013-07-11,23,173,31,204
2013-07-12,0,99,16,115
2013-07-12,1,19,10,29
2013-07-12,2,9,1,10
2013-07-12,3,1,1,2
2013-07-12,5,32,0,32
2013-07-12,6,69,1,70
2013-07-12,7,79,10,89
2013-07-12,8,205,10,215
2013-07-12,9,194,29,223
2013-07-12,10,143,47,190
2013-07-12,11,178,40,218
2013-07-12,12,237,85,322
2013-07-12,13,212,75,287
2013-07-12,14,161,70,231
2013-07-12,15,270,83,353
2013-07-12,16,448,98,546
2013-07-12,17,423,64,487
2013-07-12,18,498,69,567
2013-07-12,19,480,96,576
2013-07-12,20,316,56,372
2013-07-12,21,253,49,302
2013-07-12,22,202,46,248
2013-07-12,23,191,50,241
2013-07-13,0,225,43,268
2013-07-13,1,98,23,121
2013-07-13,2,78,22,100
2013-07-13,3,23,16,39
2013-07-13,4,7,1,8
2013-07-13,5,14,4,18
2013-07-13,6,32,8,40
2013-07-13,7,91,12,103
2013-07-13,8,174,41,215
2013-07-13,9,245,44,289
2013-07-13,10,391,116,507
2013-07-13,11,443,222,665
2013-07-13,12,481,292,773
2013-07-13,13,453,342,795
2013-07-13,14,415,308,723
2013-07-13,15,439,315,754
2013-07-13,16,410,352,762
2013-07-13,17,403,294,697
2013-07-13,18,420,242,662
2013-07-13,19,312,166,478
2013-07-13,20,277,160,437
2013-07-13,21,242,92,334
2013-07-13,22,202,62,264
2013-07-13,23,180,46,226
2013-07-14,0,185,26,211
2013-07-14,1,142,33,175
2013-07-14,2,129,34,163
2013-07-14,3,52,19,71
2013-07-14,4,16,5,21
2013-07-14,5,7,2,9
2013-07-14,6,19,6,25
2013-07-14,7,44,18,62
2013-07-14,8,118,46,164
2013-07-14,9,214,81,295
2013-07-14,10,351,185,536
2013-07-14,11,364,222,586
2013-07-14,12,410,213,623
2013-07-14,13,432,302,734
2013-07-14,14,375,285,660
2013-07-14,15,393,264,657
2013-07-14,16,403,255,658
2013-07-14,17,370,168,538
2013-07-14,18,422,147,569
2013-07-14,19,360,138,498
2013-07-14,20,292,158,450
2013-07-14,21,249,125,374
2013-07-14,22,144,58,202
2013-07-14,23,102,7,109
2013-07-15,0,41,11,52
2013-07-15,1,20,5,25
2013-07-15,2,5,2,7
2013-07-15,3,3,1,4
2013-07-15,4,4,0,4
2013-07-15,5,51,1,52
2013-07-15,6,192,10,202
2013-07-15,7,529,24,553
2013-07-15,8,783,57,840
2013-07-15,9,281,55,336
2013-07-15,10,134,87,221
2013-07-15,11,158,91,249
2013-07-15,12,240,85,325
2013-07-15,13,203,68,271
2013-07-15,14,164,102,266
2013-07-15,15,183,77,260
2013-07-15,16,380,88,468
2013-07-15,17,860,84,944
2013-07-15,18,834,135,969
2013-07-15,19,589,118,707
2013-07-15,20,442,106,548
2013-07-15,21,304,67,371
2013-07-15,22,204,48,252
2013-07-15,23,86,21,107
2013-07-16,0,39,12,51
2013-07-16,1,22,6,28
2013-07-16,2,9,1,10
2013-07-16,3,4,2,6
2013-07-16,4,5,0,5
2013-07-16,5,50,0,50
2013-07-16,6,213,8,221
2013-07-16,7,588,31,619
2013-07-16,8,859,51,910
2013-07-16,9,288,58,346
2013-07-16,10,147,74,221
2013-07-16,11,157,73,230
2013-07-16,12,219,82,301
2013-07-16,13,197,67,264
2013-07-16,14,182,64,246
2013-07-16,15,249,98,347
2013-07-16,16,396,72,468
2013-07-16,17,845,88,933
2013-07-16,18,771,112,883
2013-07-16,19,585,119,704
2013-07-16,20,501,128,629
2013-07-16,21,358,83,441
2013-07-16,22,288,52,340
2013-07-16,23,126,23,149
2013-07-17,0,71,12,83
2013-07-17,1,16,7,23
2013-07-17,2,12,1,13
2013-07-17,3,7,0,7
2013-07-17,4,5,0,5
2013-07-17,5,55,1,56
2013-07-17,6,224,9,233
2013-07-17,7,565,36,601
2013-07-17,8,855,36,891
2013-07-17,9,337,56,393
2013-07-17,10,146,69,215
2013-07-17,11,170,74,244
2013-07-17,12,223,62,285
2013-07-17,13,212,73,285
2013-07-17,14,187,64,251
2013-07-17,15,243,79,322
2013-07-17,16,376,80,456
2013-07-17,17,862,113,975
2013-07-17,18,868,137,1005
2013-07-17,19,604,139,743
2013-07-17,20,500,129,629
2013-07-17,21,347,78,425
2013-07-17,22,259,58,317
2013-07-17,23,148,28,176
2013-07-18,0,73,19,92
2013-07-18,1,22,7,29
2013-07-18,2,16,2,18
2013-07-18,3,13,3,16
2013-07-18,4,9,2,11
2013-07-18,5,55,2,57
2013-07-18,6,198,8,206
2013-07-18,7,552,19,571
2013-07-18,8,774,25,799
2013-07-18,9,360,24,384
2013-07-18,10,160,34,194
2013-07-18,11,153,69,222
2013-07-18,12,223,74,297
2013-07-18,13,197,85,282
2013-07-18,14,159,81,240
2013-07-18,15,201,78,279
2013-07-18,16,353,61,414
2013-07-18,17,785,75,860
2013-07-18,18,788,111,899
2013-07-18,19,478,98,576
2013-07-18,20,361,74,435
2013-07-18,21,332,82,414
2013-07-18,22,289,53,342
2013-07-18,23,153,35,188
2013-07-19,0,75,15,90
2013-07-19,1,35,16,51
2013-07-19,2,24,5,29
2013-07-19,3,9,4,13
2013-07-19,4,10,0,10
2013-07-19,5,45,4,49
2013-07-19,6,152,14,166
2013-07-19,7,458,29,487
2013-07-19,8,701,44,745
2013-07-19,9,320,48,368
2013-07-19,10,174,88,262
2013-07-19,11,189,98,287
2013-07-19,12,254,77,331
2013-07-19,13,257,94,351
2013-07-19,14,214,116,330
2013-07-19,15,251,87,338
2013-07-19,16,408,105,513
2013-07-19,17,710,129,839
2013-07-19,18,613,126,739
2013-07-19,19,443,111,554
2013-07-19,20,393,115,508
2013-07-19,21,252,81,333
2013-07-19,22,270,65,335
2013-07-19,23,209,41,250
2013-07-20,0,171,67,238
2013-07-20,1,111,39,150
2013-07-20,2,72,17,89
2013-07-20,3,36,10,46
2013-07-20,4,13,9,22
2013-07-20,5,12,10,22
2013-07-20,6,26,13,39
2013-07-20,7,71,12,83
2013-07-20,8,194,49,243
2013-07-20,9,254,111,365
2013-07-20,10,334,202,536
2013-07-20,11,381,190,571
2013-07-20,12,383,207,590
2013-07-20,13,390,255,645
2013-07-20,14,396,284,680
2013-07-20,15,362,327,689
2013-07-20,16,342,224,566
2013-07-20,17,372,269,641
2013-07-20,18,343,219,562
2013-07-20,19,332,156,488
2013-07-20,20,277,151,428
2013-07-20,21,227,128,355
2013-07-20,22,221,93,314
2013-07-20,23,174,87,261
2013-07-21,0,173,43,216
2013-07-21,1,141,42,183
2013-07-21,2,97,27,124
2013-07-21,3,51,24,75
2013-07-21,4,12,9,21
2013-07-21,5,8,4,12
2013-07-21,6,26,16,42
2013-07-21,7,44,26,70
2013-07-21,8,131,54,185
2013-07-21,9,208,108,316
2013-07-21,10,387,211,598
2013-07-21,11,346,219,565
2013-07-21,12,400,259,659
2013-07-21,13,375,281,656
2013-07-21,14,363,268,631
2013-07-21,15,380,271,651
2013-07-21,16,386,277,663
2013-07-21,17,315,216,531
2013-07-21,18,353,166,519
2013-07-21,19,362,187,549
2013-07-21,20,262,167,429
2013-07-21,21,238,121,359
2013-07-21,22,173,94,267
2013-07-21,23,101,42,143
2013-07-22,0,43,25,68
2013-07-22,1,13,2,15
2013-07-22,2,4,1,5
2013-07-22,3,4,0,4
2013-07-22,4,5,0,5
2013-07-22,5,50,2,52
2013-07-22,6,201,6,207
2013-07-22,7,530,43,573
2013-07-22,8,720,69,789
2013-07-22,9,324,54,378
2013-07-22,10,160,93,253
2013-07-22,11,163,109,272
2013-07-22,12,240,105,345
2013-07-22,13,225,123,348
2013-07-22,14,187,144,331
2013-07-22,15,251,93,344
2013-07-22,16,440,128,568
2013-07-22,17,882,117,999
2013-07-22,18,882,127,1009
2013-07-22,19,679,121,800
2013-07-22,20,459,97,556
2013-07-22,21,323,74,397
2013-07-22,22,192,22,214
2013-07-22,23,123,23,146
2013-07-23,0,34,9,43
2013-07-23,1,13,1,14
2013-07-23,2,8,4,12
2013-07-23,3,3,0,3
2013-07-23,4,4,1,5
2013-07-23,5,52,6,58
2013-07-23,6,232,8,240
2013-07-23,7,627,26,653
2013-07-23,8,823,34,857
2013-07-23,9,339,71,410
2013-07-23,10,189,51,240
2013-07-23,11,188,110,298
2013-07-23,12,280,93,373
2013-07-23,13,269,94,363
2013-07-23,14,205,115,320
2013-07-23,15,253,88,341
2013-07-23,16,407,100,507
2013-07-23,17,963,164,1127
2013-07-23,18,866,110,976
2013-07-23,19,648,136,784
2013-07-23,20,529,130,659
2013-07-23,21,375,87,462
2013-07-23,22,272,50,322
2013-07-23,23,142,25,167
2013-07-24,0,55,18,73
2013-07-24,1,20,15,35
2013-07-24,2,4,9,13
2013-07-24,3,4,2,6
2013-07-24,4,9,1,10
2013-07-24,5,58,5,63
2013-07-24,6,229,13,242
2013-07-24,7,646,33,679
2013-07-24,8,837,59,896
2013-07-24,9,371,65,436
2013-07-24,10,221,83,304
2013-07-24,11,214,108,322
2013-07-24,12,276,103,379
2013-07-24,13,274,116,390
2013-07-24,14,225,103,328
2013-07-24,15,270,129,399
2013-07-24,16,424,115,539
2013-07-24,17,985,142,1127
2013-07-24,18,960,159,1119
2013-07-24,19,633,168,801
2013-07-24,20,505,91,596
2013-07-24,21,374,99,473
2013-07-24,22,302,51,353
2013-07-24,23,157,21,178
2013-07-25,0,71,9,80
2013-07-25,1,44,4,48
2013-07-25,2,10,6,16
2013-07-25,3,8,1,9
2013-07-25,4,6,5,11
2013-07-25,5,39,3,42
2013-07-25,6,191,10,201
2013-07-25,7,588,43,631
2013-07-25,8,897,54,951
2013-07-25,9,347,63,410
2013-07-25,10,185,127,312
2013-07-25,11,199,134,333
2013-07-25,12,280,137,417
2013-07-25,13,301,125,426
2013-07-25,14,249,137,386
2013-07-25,15,311,136,447
2013-07-25,16,471,156,627
2013-07-25,17,1022,194,1216
2013-07-25,18,991,160,1151
2013-07-25,19,626,137,763
2013-07-25,20,497,89,586
2013-07-25,21,374,76,450
2013-07-25,22,309,52,361
2013-07-25,23,181,50,231
2013-07-26,0,75,27,102
2013-07-26,1,35,10,45
2013-07-26,2,23,8,31
2013-07-26,3,6,3,9
2013-07-26,4,8,0,8
2013-07-26,5,45,3,48
2013-07-26,6,193,10,203
2013-07-26,7,550,37,587
2013-07-26,8,863,57,920
2013-07-26,9,382,80,462
2013-07-26,10,227,97,324
2013-07-26,11,237,123,360
2013-07-26,12,350,145,495
2013-07-26,13,361,133,494
2013-07-26,14,318,218,536
2013-07-26,15,356,170,526
2013-07-26,16,569,171,740
2013-07-26,17,912,204,1116
2013-07-26,18,770,165,935
2013-07-26,19,513,169,682
2013-07-26,20,396,123,519
2013-07-26,21,339,100,439
2013-07-26,22,279,122,401
2013-07-26,23,212,68,280
2013-07-27,0,177,40,217
2013-07-27,1,107,23,130
2013-07-27,2,71,23,94
2013-07-27,3,27,16,43
2013-07-27,4,14,9,23
2013-07-27,5,9,8,17
2013-07-27,6,42,17,59
2013-07-27,7,78,21,99
2013-07-27,8,187,57,244
2013-07-27,9,287,103,390
2013-07-27,10,351,220,571
2013-07-27,11,434,256,690
2013-07-27,12,429,303,732
2013-07-27,13,449,313,762
2013-07-27,14,405,348,753
2013-07-27,15,383,301,684
2013-07-27,16,373,304,677
2013-07-27,17,158,104,262
2013-07-27,18,242,151,393
2013-07-27,19,278,181,459
2013-07-27,20,220,128,348
2013-07-27,21,220,110,330
2013-07-27,22,186,73,259
2013-07-27,23,83,64,147
2013-07-28,0,100,23,123
2013-07-28,1,125,30,155
2013-07-28,2,77,11,88
2013-07-28,3,24,5,29
2013-07-28,4,10,2,12
2013-07-28,5,16,4,20
2013-07-28,6,16,16,32
2013-07-28,7,50,20,70
2013-07-28,8,110,35,145
2013-07-28,9,225,98,323
2013-07-28,10,339,174,513
2013-07-28,11,378,233,611
2013-07-28,12,427,285,712
2013-07-28,13,399,333,732
2013-07-28,14,397,290,687
2013-07-28,15,446,280,726
2013-07-28,16,389,202,591
2013-07-28,17,349,183,532
2013-07-28,18,357,195,552
2013-07-28,19,331,146,477
2013-07-28,20,283,141,424
2013-07-28,21,188,69,257
2013-07-28,22,148,57,205
2013-07-28,23,92,31,123
2013-07-29,0,33,11,44
2013-07-29,1,22,5,27
2013-07-29,2,9,1,10
2013-07-29,3,5,0,5
2013-07-29,4,4,2,6
2013-07-29,5,47,2,49
2013-07-29,6,209,3,212
2013-07-29,7,582,23,605
2013-07-29,8,806,55,861
2013-07-29,9,320,68,388
2013-07-29,10,161,93,254
2013-07-29,11,168,131,299
2013-07-29,12,311,151,462
2013-07-29,13,255,145,400
2013-07-29,14,184,140,324
2013-07-29,15,235,132,367
2013-07-29,16,408,175,583
2013-07-29,17,905,172,1077
2013-07-29,18,846,157,1003
2013-07-29,19,659,149,808
2013-07-29,20,467,106,573
2013-07-29,21,335,86,421
2013-07-29,22,220,67,287
2013-07-29,23,137,41,178
2013-07-30,0,44,16,60
2013-07-30,1,12,4,16
2013-07-30,2,13,6,19
2013-07-30,3,5,0,5
2013-07-30,4,4,0,4
2013-07-30,5,50,3,53
2013-07-30,6,236,14,250
2013-07-30,7,658,30,688
2013-07-30,8,836,45,881
2013-07-30,9,330,77,407
2013-07-30,10,180,135,315
2013-07-30,11,240,149,389
2013-07-30,12,275,150,425
2013-07-30,13,272,130,402
2013-07-30,14,240,127,367
2013-07-30,15,289,137,426
2013-07-30,16,421,160,581
2013-07-30,17,956,172,1128
2013-07-30,18,935,193,1128
2013-07-30,19,684,134,818
2013-07-30,20,494,103,597
2013-07-30,21,360,77,437
2013-07-30,22,243,60,303
2013-07-30,23,146,33,179
2013-07-31,0,58,8,66
2013-07-31,1,24,7,31
2013-07-31,2,12,3,15
2013-07-31,3,5,0,5
2013-07-31,4,5,1,6
2013-07-31,5,51,2,53
2013-07-31,6,235,7,242
2013-07-31,7,599,31,630
2013-07-31,8,857,37,894
2013-07-31,9,358,91,449
2013-07-31,10,156,99,255
2013-07-31,11,192,103,295
2013-07-31,12,278,102,380
2013-07-31,13,233,120,353
2013-07-31,14,208,118,326
2013-07-31,15,290,110,400
2013-07-31,16,432,117,549
2013-07-31,17,899,152,1051
2013-07-31,18,895,135,1030
2013-07-31,19,574,96,670
2013-07-31,20,322,42,364
2013-07-31,21,218,23,241
2013-07-31,22,211,40,251
2013-07-31,23,122,24,146
2013-08-01,0,34,8,42
2013-08-01,1,15,1,16
2013-08-01,2,9,2,11
2013-08-01,3,3,1,4
2013-08-01,4,3,0,3
2013-08-01,5,31,2,33
2013-08-01,6,129,9,138
2013-08-01,7,399,17,416
2013-08-01,8,804,31,835
2013-08-01,9,297,32,329
2013-08-01,10,113,42,155
2013-08-01,11,151,52,203
2013-08-01,12,227,69,296
2013-08-01,13,233,94,327
2013-08-01,14,205,94,299
2013-08-01,15,236,63,299
2013-08-01,16,398,105,503
2013-08-01,17,819,105,924
2013-08-01,18,781,92,873
2013-08-01,19,583,106,689
2013-08-01,20,440,85,525
2013-08-01,21,280,77,357
2013-08-01,22,237,53,290
2013-08-01,23,150,38,188
2013-08-02,0,83,13,96
2013-08-02,1,41,11,52
2013-08-02,2,15,1,16
2013-08-02,3,4,1,5
2013-08-02,4,8,0,8
2013-08-02,5,59,3,62
2013-08-02,6,159,7,166
2013-08-02,7,458,34,492
2013-08-02,8,821,64,885
2013-08-02,9,345,63,408
2013-08-02,10,218,91,309
2013-08-02,11,254,158,412
2013-08-02,12,345,185,530
2013-08-02,13,325,180,505
2013-08-02,14,305,200,505
2013-08-02,15,356,196,552
2013-08-02,16,525,214,739
2013-08-02,17,832,223,1055
2013-08-02,18,691,142,833
2013-08-02,19,496,157,653
2013-08-02,20,359,137,496
2013-08-02,21,278,135,413
2013-08-02,22,278,97,375
2013-08-02,23,201,46,247
2013-08-03,0,173,40,213
2013-08-03,1,131,33,164
2013-08-03,2,81,30,111
2013-08-03,3,41,19,60
2013-08-03,4,10,2,12
2013-08-03,5,14,3,17
2013-08-03,6,45,10,55
2013-08-03,7,72,16,88
2013-08-03,8,133,34,167
2013-08-03,9,173,64,237
2013-08-03,10,357,173,530
2013-08-03,11,384,203,587
2013-08-03,12,376,280,656
2013-08-03,13,381,341,722
2013-08-03,14,393,349,742
2013-08-03,15,415,402,817
2013-08-03,16,323,316,639
2013-08-03,17,360,313,673
2013-08-03,18,327,231,558
2013-08-03,19,326,164,490
2013-08-03,20,261,162,423
2013-08-03,21,84,42,126
2013-08-03,22,119,60,179
2013-08-03,23,156,28,184
2013-08-04,0,124,53,177
2013-08-04,1,95,26,121
2013-08-04,2,97,47,144
2013-08-04,3,55,21,76
2013-08-04,4,14,4,18
2013-08-04,5,16,11,27
2013-08-04,6,23,9,32
2013-08-04,7,56,9,65
2013-08-04,8,134,57,191
2013-08-04,9,252,121,373
2013-08-04,10,369,247,616
2013-08-04,11,418,370,788
2013-08-04,12,484,383,867
2013-08-04,13,468,402,870
2013-08-04,14,463,422,885
2013-08-04,15,464,383,847
2013-08-04,16,470,392,862
2013-08-04,17,444,348,792
2013-08-04,18,443,301,744
2013-08-04,19,385,272,657
2013-08-04,20,328,209,537
2013-08-04,21,229,132,361
2013-08-04,22,166,68,234
2013-08-04,23,83,30,113
2013-08-05,0,26,6,32
2013-08-05,1,10,5,15
2013-08-05,2,4,5,9
2013-08-05,3,3,8,11
2013-08-05,4,6,5,11
2013-08-05,5,52,3,55
2013-08-05,6,195,9,204
2013-08-05,7,545,27,572
2013-08-05,8,720,55,775
2013-08-05,9,359,72,431
2013-08-05,10,195,124,319
2013-08-05,11,199,176,375
2013-08-05,12,296,167,463
2013-08-05,13,273,188,461
2013-08-05,14,234,208,442
2013-08-05,15,242,189,431
2013-08-05,16,451,203,654
2013-08-05,17,1015,202,1217
2013-08-05,18,985,161,1146
2013-08-05,19,675,166,841
2013-08-05,20,466,158,624
2013-08-05,21,296,83,379
2013-08-05,22,341,91,432
2013-08-05,23,121,33,154
2013-08-06,0,47,16,63
2013-08-06,1,14,11,25
2013-08-06,2,6,3,9
2013-08-06,3,5,0,5
2013-08-06,4,7,1,8
2013-08-06,5,52,2,54
2013-08-06,6,218,9,227
2013-08-06,7,367,11,378
2013-08-06,8,725,36,761
2013-08-06,9,264,37,301
2013-08-06,10,127,69,196
2013-08-06,11,144,113,257
2013-08-06,12,235,97,332
2013-08-06,13,258,117,375
2013-08-06,14,218,110,328
2013-08-06,15,272,152,424
2013-08-06,16,408,148,556
2013-08-06,17,843,159,1002
2013-08-06,18,926,122,1048
2013-08-06,19,592,110,702
2013-08-06,20,399,92,491
2013-08-06,21,313,57,370
2013-08-06,22,272,58,330
2013-08-06,23,123,17,140
2013-08-07,0,46,19,65
2013-08-07,1,30,6,36
2013-08-07,2,5,4,9
2013-08-07,3,6,1,7
2013-08-07,4,8,1,9
2013-08-07,5,51,1,52
2013-08-07,6,208,13,221
2013-08-07,7,543,16,559
2013-08-07,8,895,56,951
2013-08-07,9,377,67,444
2013-08-07,10,170,101,271
2013-08-07,11,210,121,331
2013-08-07,12,236,145,381
2013-08-07,13,270,166,436
2013-08-07,14,209,177,386
2013-08-07,15,265,179,444
2013-08-07,16,487,149,636
2013-08-07,17,999,207,1206
2013-08-07,18,951,180,1131
2013-08-07,19,660,125,785
2013-08-07,20,451,77,528
2013-08-07,21,335,38,373
2013-08-07,22,246,50,296
2013-08-07,23,130,32,162
2013-08-08,0,57,10,67
2013-08-08,1,18,12,30
2013-08-08,2,11,7,18
2013-08-08,3,10,1,11
2013-08-08,4,4,0,4
2013-08-08,5,53,3,56
2013-08-08,6,196,5,201
2013-08-08,7,564,22,586
2013-08-08,8,862,37,899
2013-08-08,9,377,49,426
2013-08-08,10,185,101,286
2013-08-08,11,188,119,307
2013-08-08,12,279,102,381
2013-08-08,13,281,118,399
2013-08-08,14,242,111,353
2013-08-08,15,273,98,371
2013-08-08,16,425,147,572
2013-08-08,17,808,165,973
2013-08-08,18,855,143,998
2013-08-08,19,598,90,688
2013-08-08,20,412,73,485
2013-08-08,21,284,61,345
2013-08-08,22,206,48,254
2013-08-08,23,142,16,158
2013-08-09,0,95,13,108
2013-08-09,1,43,5,48
2013-08-09,2,23,8,31
2013-08-09,3,8,1,9
2013-08-09,4,6,0,6
2013-08-09,5,49,2,51
2013-08-09,6,152,9,161
2013-08-09,7,469,29,498
2013-08-09,8,784,47,831
2013-08-09,9,402,108,510
2013-08-09,10,208,132,340
2013-08-09,11,232,123,355
2013-08-09,12,302,150,452
2013-08-09,13,330,141,471
2013-08-09,14,290,205,495
2013-08-09,15,322,160,482
2013-08-09,16,516,186,702
2013-08-09,17,757,160,917
2013-08-09,18,675,156,831
2013-08-09,19,490,141,631
2013-08-09,20,420,154,574
2013-08-09,21,304,111,415
2013-08-09,22,235,58,293
2013-08-09,23,197,54,251
2013-08-10,0,148,31,179
2013-08-10,1,115,19,134
2013-08-10,2,81,15,96
2013-08-10,3,32,10,42
2013-08-10,4,12,4,16
2013-08-10,5,10,5,15
2013-08-10,6,33,6,39
2013-08-10,7,80,12,92
2013-08-10,8,159,48,207
2013-08-10,9,308,140,448
2013-08-10,10,349,192,541
2013-08-10,11,400,263,663
2013-08-10,12,403,287,690
2013-08-10,13,429,357,786
2013-08-10,14,443,443,886
2013-08-10,15,392,367,759
2013-08-10,16,405,368,773
2013-08-10,17,409,433,842
2013-08-10,18,424,302,726
2013-08-10,19,384,271,655
2013-08-10,20,263,232,495
2013-08-10,21,218,118,336
2013-08-10,22,259,126,385
2013-08-10,23,162,80,242
2013-08-11,0,161,45,206
2013-08-11,1,139,36,175
2013-08-11,2,101,10,111
2013-08-11,3,50,17,67
2013-08-11,4,10,4,14
2013-08-11,5,14,2,16
2013-08-11,6,38,7,45
2013-08-11,7,52,16,68
2013-08-11,8,116,70,186
2013-08-11,9,219,132,351
2013-08-11,10,306,250,556
2013-08-11,11,387,321,708
2013-08-11,12,403,323,726
2013-08-11,13,387,378,765
2013-08-11,14,439,400,839
2013-08-11,15,395,320,715
2013-08-11,16,419,371,790
2013-08-11,17,430,318,748
2013-08-11,18,428,262,690
2013-08-11,19,383,217,600
2013-08-11,20,298,144,442
2013-08-11,21,217,122,339
2013-08-11,22,143,67,210
2013-08-11,23,75,43,118
2013-08-12,0,45,21,66
2013-08-12,1,21,7,28
2013-08-12,2,14,2,16
2013-08-12,3,7,3,10
2013-08-12,4,3,1,4
2013-08-12,5,55,8,63
2013-08-12,6,196,9,205
2013-08-12,7,512,28,540
2013-08-12,8,784,56,840
2013-08-12,9,316,98,414
2013-08-12,10,158,138,296
2013-08-12,11,185,147,332
2013-08-12,12,248,163,411
2013-08-12,13,257,141,398
2013-08-12,14,207,178,385
2013-08-12,15,254,137,391
2013-08-12,16,431,164,595
2013-08-12,17,960,184,1144
2013-08-12,18,864,190,1054
2013-08-12,19,697,165,862
2013-08-12,20,480,139,619
2013-08-12,21,296,98,394
2013-08-12,22,225,48,273
2013-08-12,23,112,29,141
2013-08-13,0,40,21,61
2013-08-13,1,12,11,23
2013-08-13,2,11,1,12
2013-08-13,3,4,4,8
2013-08-13,4,7,1,8
2013-08-13,5,61,3,64
2013-08-13,6,156,10,166
2013-08-13,7,465,12,477
2013-08-13,8,482,20,502
2013-08-13,9,353,49,402
2013-08-13,10,171,93,264
2013-08-13,11,191,91,282
2013-08-13,12,251,115,366
2013-08-13,13,272,105,377
2013-08-13,14,213,120,333
2013-08-13,15,259,139,398
2013-08-13,16,422,158,580
2013-08-13,17,961,148,1109
2013-08-13,18,865,169,1034
2013-08-13,19,649,136,785
2013-08-13,20,263,62,325
2013-08-13,21,261,51,312
2013-08-13,22,209,41,250
2013-08-13,23,135,30,165
2013-08-14,0,63,11,74
2013-08-14,1,21,2,23
2013-08-14,2,7,1,8
2013-08-14,3,4,0,4
2013-08-14,4,9,2,11
2013-08-14,5,45,4,49
2013-08-14,6,192,12,204
2013-08-14,7,610,24,634
2013-08-14,8,842,47,889
2013-08-14,9,397,80,477
2013-08-14,10,199,99,298
2013-08-14,11,216,120,336
2013-08-14,12,293,123,416
2013-08-14,13,298,145,443
2013-08-14,14,276,113,389
2013-08-14,15,310,152,462
2013-08-14,16,478,166,644
2013-08-14,17,1032,211,1243
2013-08-14,18,1004,195,1199
2013-08-14,19,701,182,883
2013-08-14,20,517,114,631
2013-08-14,21,375,90,465
2013-08-14,22,323,70,393
2013-08-14,23,182,35,217
2013-08-15,0,64,10,74
2013-08-15,1,25,4,29
2013-08-15,2,10,2,12
2013-08-15,3,4,0,4
2013-08-15,4,7,1,8
2013-08-15,5,52,4,56
2013-08-15,6,208,11,219
2013-08-15,7,596,27,623
2013-08-15,8,922,64,986
2013-08-15,9,371,67,438
2013-08-15,10,223,121,344
2013-08-15,11,249,127,376
2013-08-15,12,328,160,488
2013-08-15,13,320,150,470
2013-08-15,14,291,193,484
2013-08-15,15,347,194,541
2013-08-15,16,498,191,689
2013-08-15,17,975,204,1179
2013-08-15,18,918,168,1086
2013-08-15,19,719,173,892
2013-08-15,20,522,121,643
2013-08-15,21,365,90,455
2013-08-15,22,235,66,301
2013-08-15,23,189,43,232
2013-08-16,0,70,41,111
2013-08-16,1,43,6,49
2013-08-16,2,14,5,19
2013-08-16,3,8,0,8
2013-08-16,4,8,1,9
2013-08-16,5,50,2,52
2013-08-16,6,163,22,185
2013-08-16,7,447,30,477
2013-08-16,8,880,54,934
2013-08-16,9,399,74,473
2013-08-16,10,241,146,387
2013-08-16,11,316,205,521
2013-08-16,12,398,193,591
2013-08-16,13,360,242,602
2013-08-16,14,314,225,539
2013-08-16,15,368,271,639
2013-08-16,16,541,280,821
2013-08-16,17,837,240,1077
2013-08-16,18,753,204,957
2013-08-16,19,557,156,713
2013-08-16,20,433,173,606
2013-08-16,21,306,104,410
2013-08-16,22,235,73,308
2013-08-16,23,228,47,275
2013-08-17,0,143,34,177
2013-08-17,1,121,26,147
2013-08-17,2,60,19,79
2013-08-17,3,33,13,46
2013-08-17,4,8,5,13
2013-08-17,5,18,5,23
2013-08-17,6,29,7,36
2013-08-17,7,96,15,111
2013-08-17,8,188,37,225
2013-08-17,9,289,149,438
2013-08-17,10,389,241,630
2013-08-17,11,417,312,729
2013-08-17,12,446,409,855
2013-08-17,13,507,406,913
2013-08-17,14,504,455,959
2013-08-17,15,454,508,962
2013-08-17,16,425,459,884
2013-08-17,17,442,451,893
2013-08-17,18,416,356,772
2013-08-17,19,410,260,670
2013-08-17,20,283,191,474
2013-08-17,21,269,187,456
2013-08-17,22,193,135,328
2013-08-17,23,163,59,222
2013-08-18,0,153,61,214
2013-08-18,1,116,18,134
2013-08-18,2,78,17,95
2013-08-18,3,31,4,35
2013-08-18,4,7,1,8
2013-08-18,5,9,5,14
2013-08-18,6,12,5,17
2013-08-18,7,23,9,32
2013-08-18,8,62,25,87
2013-08-18,9,80,28,108
2013-08-18,10,167,65,232
2013-08-18,11,242,87,329
2013-08-18,12,233,110,343
2013-08-18,13,171,55,226
2013-08-18,14,223,100,323
2013-08-18,15,290,172,462
2013-08-18,16,356,209,565
2013-08-18,17,373,197,570
2013-08-18,18,358,173,531
2013-08-18,19,364,153,517
2013-08-18,20,260,90,350
2013-08-18,21,165,76,241
2013-08-18,22,129,61,190
2013-08-18,23,102,28,130
2013-08-19,0,37,18,55
2013-08-19,1,12,10,22
2013-08-19,2,17,2,19
2013-08-19,3,2,1,3
2013-08-19,4,4,0,4
2013-08-19,5,46,2,48
2013-08-19,6,199,12,211
2013-08-19,7,541,17,558
2013-08-19,8,736,49,785
2013-08-19,9,290,54,344
2013-08-19,10,165,110,275
2013-08-19,11,181,126,307
2013-08-19,12,221,125,346
2013-08-19,13,257,150,407
2013-08-19,14,203,150,353
2013-08-19,15,276,169,445
2013-08-19,16,482,199,681
2013-08-19,17,948,148,1096
2013-08-19,18,849,155,1004
2013-08-19,19,626,123,749
2013-08-19,20,409,71,480
2013-08-19,21,308,69,377
2013-08-19,22,184,53,237
2013-08-19,23,128,34,162
2013-08-20,0,35,20,55
2013-08-20,1,22,2,24
2013-08-20,2,11,18,29
2013-08-20,3,1,2,3
2013-08-20,4,5,0,5
2013-08-20,5,42,1,43
2013-08-20,6,218,10,228
2013-08-20,7,614,36,650
2013-08-20,8,874,38,912
2013-08-20,9,383,55,438
2013-08-20,10,199,86,285
2013-08-20,11,204,129,333
2013-08-20,12,284,130,414
2013-08-20,13,257,150,407
2013-08-20,14,217,138,355
2013-08-20,15,262,144,406
2013-08-20,16,467,139,606
2013-08-20,17,949,165,1114
2013-08-20,18,989,124,1113
2013-08-20,19,681,137,818
2013-08-20,20,477,71,548
2013-08-20,21,324,77,401
2013-08-20,22,223,34,257
2013-08-20,23,116,19,135
2013-08-21,0,52,13,65
2013-08-21,1,24,6,30
2013-08-21,2,4,3,7
2013-08-21,3,4,0,4
2013-08-21,4,3,0,3
2013-08-21,5,60,3,63
2013-08-21,6,219,12,231
2013-08-21,7,596,32,628
2013-08-21,8,877,39,916
2013-08-21,9,345,71,416
2013-08-21,10,177,71,248
2013-08-21,11,206,119,325
2013-08-21,12,285,102,387
2013-08-21,13,274,134,408
2013-08-21,14,231,114,345
2013-08-21,15,264,130,394
2013-08-21,16,425,134,559
2013-08-21,17,955,170,1125
2013-08-21,18,925,178,1103
2013-08-21,19,677,161,838
2013-08-21,20,448,96,544
2013-08-21,21,217,31,248
2013-08-21,22,145,18,163
2013-08-21,23,80,10,90
2013-08-22,0,42,7,49
2013-08-22,1,23,4,27
2013-08-22,2,12,1,13
2013-08-22,3,6,0,6
2013-08-22,4,6,0,6
2013-08-22,5,52,1,53
2013-08-22,6,210,10,220
2013-08-22,7,577,19,596
2013-08-22,8,806,46,852
2013-08-22,9,346,78,424
2013-08-22,10,183,105,288
2013-08-22,11,192,121,313
2013-08-22,12,309,172,481
2013-08-22,13,312,133,445
2013-08-22,14,233,123,356
2013-08-22,15,267,125,392
2013-08-22,16,461,149,610
2013-08-22,17,888,160,1048
2013-08-22,18,927,178,1105
2013-08-22,19,637,138,775
2013-08-22,20,466,93,559
2013-08-22,21,327,76,403
2013-08-22,22,233,86,319
2013-08-22,23,166,37,203
2013-08-23,0,87,14,101
2013-08-23,1,36,10,46
2013-08-23,2,22,3,25
2013-08-23,3,5,0,5
2013-08-23,4,8,0,8
2013-08-23,5,57,1,58
2013-08-23,6,182,6,188
2013-08-23,7,491,29,520
2013-08-23,8,797,37,834
2013-08-23,9,385,39,424
2013-08-23,10,221,95,316
2013-08-23,11,162,63,225
2013-08-23,12,95,21,116
2013-08-23,13,121,44,165
2013-08-23,14,169,59,228
2013-08-23,15,304,93,397
2013-08-23,16,413,113,526
2013-08-23,17,757,107,864
2013-08-23,18,627,105,732
2013-08-23,19,493,106,599
2013-08-23,20,354,65,419
2013-08-23,21,278,55,333
2013-08-23,22,222,42,264
2013-08-23,23,181,51,232
2013-08-24,0,169,23,192
2013-08-24,1,94,18,112
2013-08-24,2,68,15,83
2013-08-24,3,34,7,41
2013-08-24,4,5,2,7
2013-08-24,5,18,4,22
2013-08-24,6,38,4,42
2013-08-24,7,128,25,153
2013-08-24,8,243,65,308
2013-08-24,9,335,121,456
2013-08-24,10,462,220,682
2013-08-24,11,517,263,780
2013-08-24,12,577,322,899
2013-08-24,13,560,370,930
2013-08-24,14,528,389,917
2013-08-24,15,505,315,820
2013-08-24,16,479,316,795
2013-08-24,17,446,337,783
2013-08-24,18,468,274,742
2013-08-24,19,406,219,625
2013-08-24,20,277,150,427
2013-08-24,21,289,120,409
2013-08-24,22,216,118,334
2013-08-24,23,200,85,285
2013-08-25,0,188,59,247
2013-08-25,1,128,33,161
2013-08-25,2,73,28,101
2013-08-25,3,37,8,45
2013-08-25,4,12,7,19
2013-08-25,5,13,5,18
2013-08-25,6,24,5,29
2013-08-25,7,65,39,104
2013-08-25,8,133,41,174
2013-08-25,9,216,99,315
2013-08-25,10,395,230,625
2013-08-25,11,422,252,674
2013-08-25,12,476,281,757
2013-08-25,13,506,303,809
2013-08-25,14,470,311,781
2013-08-25,15,464,326,790
2013-08-25,16,486,302,788
2013-08-25,17,448,286,734
2013-08-25,18,467,210,677
2013-08-25,19,427,193,620
2013-08-25,20,271,103,374
2013-08-25,21,211,82,293
2013-08-25,22,149,80,229
2013-08-25,23,73,44,117
2013-08-26,0,38,23,61
2013-08-26,1,14,2,16
2013-08-26,2,5,3,8
2013-08-26,3,6,5,11
2013-08-26,4,7,4,11
2013-08-26,5,57,3,60
2013-08-26,6,198,10,208
2013-08-26,7,620,17,637
2013-08-26,8,783,38,821
2013-08-26,9,335,49,384
2013-08-26,10,173,124,297
2013-08-26,11,179,131,310
2013-08-26,12,286,119,405
2013-08-26,13,295,102,397
2013-08-26,14,247,112,359
2013-08-26,15,287,132,419
2013-08-26,16,450,142,592
2013-08-26,17,1005,169,1174
2013-08-26,18,851,127,978
2013-08-26,19,696,127,823
2013-08-26,20,455,86,541
2013-08-26,21,296,76,372
2013-08-26,22,195,57,252
2013-08-26,23,104,29,133
2013-08-27,0,49,19,68
2013-08-27,1,20,7,27
2013-08-27,2,9,2,11
2013-08-27,3,4,2,6
2013-08-27,4,7,2,9
2013-08-27,5,60,1,61
2013-08-27,6,229,10,239
2013-08-27,7,629,27,656
2013-08-27,8,854,52,906
2013-08-27,9,390,81,471
2013-08-27,10,185,98,283
2013-08-27,11,195,106,301
2013-08-27,12,312,110,422
2013-08-27,13,238,110,348
2013-08-27,14,251,114,365
2013-08-27,15,299,105,404
2013-08-27,16,481,123,604
2013-08-27,17,987,141,1128
2013-08-27,18,994,126,1120
2013-08-27,19,685,99,784
2013-08-27,20,446,70,516
2013-08-27,21,327,57,384
2013-08-27,22,181,44,225
2013-08-27,23,136,32,168
2013-08-28,0,57,21,78
2013-08-28,1,22,4,26
2013-08-28,2,11,7,18
2013-08-28,3,4,2,6
2013-08-28,4,7,2,9
2013-08-28,5,61,1,62
2013-08-28,6,218,8,226
2013-08-28,7,474,19,493
2013-08-28,8,756,55,811
2013-08-28,9,342,61,403
2013-08-28,10,162,57,219
2013-08-28,11,203,75,278
2013-08-28,12,322,60,382
2013-08-28,13,180,43,223
2013-08-28,14,192,60,252
2013-08-28,15,256,60,316
2013-08-28,16,476,80,556
2013-08-28,17,799,101,900
2013-08-28,18,755,105,860
2013-08-28,19,426,49,475
2013-08-28,20,340,45,385
2013-08-28,21,244,39,283
2013-08-28,22,209,22,231
2013-08-28,23,127,17,144
2013-08-29,0,61,15,76
2013-08-29,1,21,4,25
2013-08-29,2,8,5,13
2013-08-29,3,6,2,8
2013-08-29,4,4,2,6
2013-08-29,5,46,1,47
2013-08-29,6,206,14,220
2013-08-29,7,541,22,563
2013-08-29,8,844,46,890
2013-08-29,9,359,74,433
2013-08-29,10,182,94,276
2013-08-29,11,207,116,323
2013-08-29,12,305,116,421
2013-08-29,13,268,111,379
2013-08-29,14,257,99,356
2013-08-29,15,311,120,431
2013-08-29,16,473,156,629
2013-08-29,17,902,183,1085
2013-08-29,18,870,131,1001
2013-08-29,19,599,118,717
2013-08-29,20,477,56,533
2013-08-29,21,322,75,397
2013-08-29,22,243,52,295
2013-08-29,23,185,34,219
2013-08-30,0,89,49,138
2013-08-30,1,38,17,55
2013-08-30,2,21,1,22
2013-08-30,3,9,3,12
2013-08-30,4,10,3,13
2013-08-30,5,44,1,45
2013-08-30,6,140,13,153
2013-08-30,7,436,30,466
2013-08-30,8,805,42,847
2013-08-30,9,406,63,469
2013-08-30,10,249,118,367
2013-08-30,11,255,155,410
2013-08-30,12,351,161,512
2013-08-30,13,345,169,514
2013-08-30,14,378,218,596
2013-08-30,15,497,209,706
2013-08-30,16,583,182,765
2013-08-30,17,737,229,966
2013-08-30,18,591,185,776
2013-08-30,19,430,144,574
2013-08-30,20,319,109,428
2013-08-30,21,277,99,376
2013-08-30,22,202,65,267
2013-08-30,23,143,41,184
2013-08-31,0,121,38,159
2013-08-31,1,91,24,115
2013-08-31,2,82,10,92
2013-08-31,3,22,4,26
2013-08-31,4,13,7,20
2013-08-31,5,11,4,15
2013-08-31,6,29,12,41
2013-08-31,7,82,19,101
2013-08-31,8,184,50,234
2013-08-31,9,271,122,393
2013-08-31,10,322,229,551
2013-08-31,11,387,278,665
2013-08-31,12,399,372,771
2013-08-31,13,342,415,757
2013-08-31,14,325,398,723
2013-08-31,15,338,467,805
2013-08-31,16,341,391,732
2013-08-31,17,330,383,713
2013-08-31,18,305,316,621
2013-08-31,19,291,255,546
2013-08-31,20,197,192,389
2013-08-31,21,168,168,336
2013-08-31,22,193,129,322
2013-08-31,23,194,82,276
2013-09-01,0,146,43,189
2013-09-01,1,116,31,147
2013-09-01,2,64,38,102
2013-09-01,3,30,17,47
2013-09-01,4,20,4,24
2013-09-01,5,17,1,18
2013-09-01,6,17,10,27
2013-09-01,7,54,30,84
2013-09-01,8,102,59,161
2013-09-01,9,195,170,365
2013-09-01,10,284,267,551
2013-09-01,11,304,315,619
2013-09-01,12,354,421,775
2013-09-01,13,339,427,766
2013-09-01,14,277,431,708
2013-09-01,15,292,388,680
2013-09-01,16,267,378,645
2013-09-01,17,301,374,675
2013-09-01,18,349,381,730
2013-09-01,19,308,295,603
2013-09-01,20,204,212,416
2013-09-01,21,176,180,356
2013-09-01,22,165,126,291
2013-09-01,23,137,100,237
2013-09-02,0,110,60,170
2013-09-02,1,48,5,53
2013-09-02,2,39,11,50
2013-09-02,3,13,5,18
2013-09-02,4,5,1,6
2013-09-02,5,8,1,9
2013-09-02,6,25,10,35
2013-09-02,7,54,39,93
2013-09-02,8,115,65,180
2013-09-02,9,184,165,349
2013-09-02,10,267,289,556
2013-09-02,11,325,308,633
2013-09-02,12,419,296,715
2013-09-02,13,405,312,717
2013-09-02,14,388,293,681
2013-09-02,15,330,305,635
2013-09-02,16,338,272,610
2013-09-02,17,379,191,570
2013-09-02,18,373,187,560
2013-09-02,19,364,129,493
2013-09-02,20,244,128,372
2013-09-02,21,182,74,256
2013-09-02,22,136,34,170
2013-09-02,23,73,21,94
2013-09-03,0,35,9,44
2013-09-03,1,15,8,23
2013-09-03,2,11,4,15
2013-09-03,3,2,0,2
2013-09-03,4,12,5,17
2013-09-03,5,44,3,47
2013-09-03,6,195,10,205
2013-09-03,7,603,35,638
2013-09-03,8,729,53,782
2013-09-03,9,337,56,393
2013-09-03,10,186,69,255
2013-09-03,11,185,91,276
2013-09-03,12,276,103,379
2013-09-03,13,253,99,352
2013-09-03,14,239,99,338
2013-09-03,15,251,113,364
2013-09-03,16,453,111,564
2013-09-03,17,886,150,1036
2013-09-03,18,1003,111,1114
2013-09-03,19,649,105,754
2013-09-03,20,431,52,483
2013-09-03,21,327,45,372
2013-09-03,22,210,35,245
2013-09-03,23,103,9,112
2013-09-04,0,54,24,78
2013-09-04,1,21,5,26
2013-09-04,2,3,0,3
2013-09-04,3,3,0,3
2013-09-04,4,10,1,11
2013-09-04,5,70,1,71
2013-09-04,6,200,16,216
2013-09-04,7,712,35,747
2013-09-04,8,874,41,915
2013-09-04,9,378,57,435
2013-09-04,10,187,107,294
2013-09-04,11,215,111,326
2013-09-04,12,303,87,390
2013-09-04,13,281,104,385
2013-09-04,14,249,110,359
2013-09-04,15,307,83,390
2013-09-04,16,511,119,630
2013-09-04,17,1043,157,1200
2013-09-04,18,964,135,1099
2013-09-04,19,694,140,834
2013-09-04,20,448,71,519
2013-09-04,21,319,53,372
2013-09-04,22,237,57,294
2013-09-04,23,119,18,137
2013-09-05,0,52,14,66
2013-09-05,1,23,5,28
2013-09-05,2,12,2,14
2013-09-05,3,4,0,4
2013-09-05,4,5,1,6
2013-09-05,5,49,3,52
2013-09-05,6,222,16,238
2013-09-05,7,694,36,730
2013-09-05,8,869,46,915
2013-09-05,9,394,72,466
2013-09-05,10,213,86,299
2013-09-05,11,215,73,288
2013-09-05,12,326,107,433
2013-09-05,13,321,101,422
2013-09-05,14,268,112,380
2013-09-05,15,288,119,407
2013-09-05,16,498,133,631
2013-09-05,17,1020,148,1168
2013-09-05,18,944,125,1069
2013-09-05,19,685,129,814
2013-09-05,20,504,92,596
2013-09-05,21,341,76,417
2013-09-05,22,241,60,301
2013-09-05,23,155,19,174
2013-09-06,0,100,14,114
2013-09-06,1,52,2,54
2013-09-06,2,21,5,26
2013-09-06,3,6,0,6
2013-09-06,4,5,2,7
2013-09-06,5,44,5,49
2013-09-06,6,198,7,205
2013-09-06,7,624,23,647
2013-09-06,8,923,61,984
2013-09-06,9,368,60,428
2013-09-06,10,223,92,315
2013-09-06,11,282,112,394
2013-09-06,12,372,123,495
2013-09-06,13,345,155,500
2013-09-06,14,333,127,460
2013-09-06,15,371,144,515
2013-09-06,16,537,139,676
2013-09-06,17,969,194,1163
2013-09-06,18,814,146,960
2013-09-06,19,582,122,704
2013-09-06,20,382,87,469
2013-09-06,21,300,75,375
2013-09-06,22,259,67,326
2013-09-06,23,217,53,270
2013-09-07,0,190,50,240
2013-09-07,1,113,19,132
2013-09-07,2,69,11,80
2013-09-07,3,29,7,36
2013-09-07,4,11,2,13
2013-09-07,5,14,3,17
2013-09-07,6,51,8,59
2013-09-07,7,95,15,110
2013-09-07,8,205,45,250
2013-09-07,9,352,109,461
2013-09-07,10,409,178,587
2013-09-07,11,519,226,745
2013-09-07,12,562,276,838
2013-09-07,13,482,317,799
2013-09-07,14,489,329,818
2013-09-07,15,522,275,797
2013-09-07,16,471,305,776
2013-09-07,17,475,292,767
2013-09-07,18,482,226,708
2013-09-07,19,432,183,615
2013-09-07,20,310,127,437
2013-09-07,21,237,83,320
2013-09-07,22,212,68,280
2013-09-07,23,176,57,233
2013-09-08,0,203,49,252
2013-09-08,1,122,17,139
2013-09-08,2,88,12,100
2013-09-08,3,40,10,50
2013-09-08,4,10,6,16
2013-09-08,5,42,21,63
2013-09-08,6,41,16,57
2013-09-08,7,69,28,97
2013-09-08,8,155,64,219
2013-09-08,9,297,128,425
2013-09-08,10,408,185,593
2013-09-08,11,489,273,762
2013-09-08,12,519,302,821
2013-09-08,13,515,298,813
2013-09-08,14,448,279,727
2013-09-08,15,439,282,721
2013-09-08,16,501,276,777
2013-09-08,17,475,235,710
2013-09-08,18,429,206,635
2013-09-08,19,328,136,464
2013-09-08,20,306,69,375
2013-09-08,21,207,50,257
2013-09-08,22,143,62,205
2013-09-08,23,93,29,122
2013-09-09,0,27,8,35
2013-09-09,1,21,5,26
2013-09-09,2,11,1,12
2013-09-09,3,5,1,6
2013-09-09,4,9,2,11
2013-09-09,5,55,4,59
2013-09-09,6,210,11,221
2013-09-09,7,638,32,670
2013-09-09,8,811,48,859
2013-09-09,9,358,61,419
2013-09-09,10,172,86,258
2013-09-09,11,189,116,305
2013-09-09,12,276,88,364
2013-09-09,13,263,105,368
2013-09-09,14,243,101,344
2013-09-09,15,284,97,381
2013-09-09,16,503,121,624
2013-09-09,17,1024,132,1156
2013-09-09,18,946,135,1081
2013-09-09,19,600,68,668
2013-09-09,20,373,55,428
2013-09-09,21,315,50,365
2013-09-09,22,213,31,244
2013-09-09,23,129,23,152
2013-09-10,0,35,7,42
2013-09-10,1,25,3,28
2013-09-10,2,7,2,9
2013-09-10,3,2,0,2
2013-09-10,4,11,3,14
2013-09-10,5,56,3,59
2013-09-10,6,238,15,253
2013-09-10,7,736,52,788
2013-09-10,8,869,47,916
2013-09-10,9,342,57,399
2013-09-10,10,152,73,225
2013-09-10,11,207,111,318
2013-09-10,12,314,88,402
2013-09-10,13,269,75,344
2013-09-10,14,191,110,301
2013-09-10,15,270,90,360
2013-09-10,16,461,110,571
2013-09-10,17,949,144,1093
2013-09-10,18,977,127,1104
2013-09-10,19,663,116,779
2013-09-10,20,488,84,572
2013-09-10,21,338,49,387
2013-09-10,22,260,53,313
2013-09-10,23,135,18,153
2013-09-11,0,57,13,70
2013-09-11,1,24,8,32
2013-09-11,2,9,7,16
2013-09-11,3,5,0,5
2013-09-11,4,8,1,9
2013-09-11,5,65,5,70
2013-09-11,6,223,11,234
2013-09-11,7,644,42,686
2013-09-11,8,922,47,969
2013-09-11,9,356,48,404
2013-09-11,10,169,60,229
2013-09-11,11,191,62,253
2013-09-11,12,261,69,330
2013-09-11,13,239,77,316
2013-09-11,14,207,59,266
2013-09-11,15,263,69,332
2013-09-11,16,428,110,538
2013-09-11,17,957,121,1078
2013-09-11,18,937,112,1049
2013-09-11,19,706,114,820
2013-09-11,20,484,74,558
2013-09-11,21,350,61,411
2013-09-11,22,251,64,315
2013-09-11,23,148,37,185
2013-09-12,0,60,18,78
2013-09-12,1,30,7,37
2013-09-12,2,9,0,9
2013-09-12,3,8,0,8
2013-09-12,4,13,2,15
2013-09-12,5,57,7,64
2013-09-12,6,232,11,243
2013-09-12,7,713,30,743
2013-09-12,8,896,35,931
2013-09-12,9,378,48,426
2013-09-12,10,219,81,300
2013-09-12,11,188,89,277
2013-09-12,12,237,84,321
2013-09-12,13,242,84,326
2013-09-12,14,192,60,252
2013-09-12,15,257,100,357
2013-09-12,16,369,85,454
2013-09-12,17,272,37,309
2013-09-12,18,269,30,299
2013-09-12,19,372,36,408
2013-09-12,20,355,33,388
2013-09-12,21,305,28,333
2013-09-12,22,218,27,245
2013-09-12,23,144,14,158
2013-09-13,0,74,17,91
2013-09-13,1,34,6,40
2013-09-13,2,23,0,23
2013-09-13,3,8,1,9
2013-09-13,4,9,2,11
2013-09-13,5,55,5,60
2013-09-13,6,203,3,206
2013-09-13,7,606,24,630
2013-09-13,8,878,38,916
2013-09-13,9,359,56,415
2013-09-13,10,214,58,272
2013-09-13,11,262,110,372
2013-09-13,12,336,116,452
2013-09-13,13,337,125,462
2013-09-13,14,345,123,468
2013-09-13,15,389,120,509
2013-09-13,16,601,135,736
2013-09-13,17,977,159,1136
2013-09-13,18,856,113,969
2013-09-13,19,583,109,692
2013-09-13,20,406,85,491
2013-09-13,21,288,80,368
2013-09-13,22,311,66,377
2013-09-13,23,188,38,226
2013-09-14,0,137,41,178
2013-09-14,1,124,23,147
2013-09-14,2,87,25,112
2013-09-14,3,42,14,56
2013-09-14,4,12,2,14
2013-09-14,5,14,0,14
2013-09-14,6,55,7,62
2013-09-14,7,114,23,137
2013-09-14,8,224,55,279
2013-09-14,9,340,110,450
2013-09-14,10,439,181,620
2013-09-14,11,509,299,808
2013-09-14,12,567,332,899
2013-09-14,13,535,402,937
2013-09-14,14,538,369,907
2013-09-14,15,517,424,941
2013-09-14,16,482,366,848
2013-09-14,17,492,355,847
2013-09-14,18,490,339,829
2013-09-14,19,392,234,626
2013-09-14,20,310,130,440
2013-09-14,21,287,82,369
2013-09-14,22,255,83,338
2013-09-14,23,226,47,273
2013-09-15,0,151,30,181
2013-09-15,1,150,24,174
2013-09-15,2,108,13,121
2013-09-15,3,52,16,68
2013-09-15,4,5,0,5
2013-09-15,5,9,2,11
2013-09-15,6,14,5,19
2013-09-15,7,48,4,52
2013-09-15,8,153,51,204
2013-09-15,9,238,127,365
2013-09-15,10,409,221,630
2013-09-15,11,509,262,771
2013-09-15,12,617,331,948
2013-09-15,13,478,352,830
2013-09-15,14,502,317,819
2013-09-15,15,443,297,740
2013-09-15,16,555,301,856
2013-09-15,17,523,288,811
2013-09-15,18,499,196,695
2013-09-15,19,376,143,519
2013-09-15,20,301,103,404
2013-09-15,21,183,59,242
2013-09-15,22,138,32,170
2013-09-15,23,86,27,113
2013-09-16,0,50,12,62
2013-09-16,1,13,9,22
2013-09-16,2,8,2,10
2013-09-16,3,7,2,9
2013-09-16,4,7,0,7
2013-09-16,5,62,2,64
2013-09-16,6,214,6,220
2013-09-16,7,632,23,655
2013-09-16,8,860,38,898
2013-09-16,9,283,41,324
2013-09-16,10,96,36,132
2013-09-16,11,128,52,180
2013-09-16,12,252,48,300
2013-09-16,13,224,82,306
2013-09-16,14,222,71,293
2013-09-16,15,266,80,346
2013-09-16,16,473,92,565
2013-09-16,17,962,109,1071
2013-09-16,18,888,106,994
2013-09-16,19,573,77,650
2013-09-16,20,380,74,454
2013-09-16,21,287,50,337
2013-09-16,22,200,48,248
2013-09-16,23,97,24,121
2013-09-17,0,41,7,48
2013-09-17,1,17,1,18
2013-09-17,2,11,0,11
2013-09-17,3,5,0,5
2013-09-17,4,8,1,9
2013-09-17,5,63,1,64
2013-09-17,6,248,10,258
2013-09-17,7,737,30,767
2013-09-17,8,866,39,905
2013-09-17,9,365,46,411
2013-09-17,10,201,79,280
2013-09-17,11,209,109,318
2013-09-17,12,336,87,423
2013-09-17,13,298,85,383
2013-09-17,14,309,109,418
2013-09-17,15,334,98,432
2013-09-17,16,575,125,700
2013-09-17,17,1045,93,1138
2013-09-17,18,1065,140,1205
2013-09-17,19,641,63,704
2013-09-17,20,432,48,480
2013-09-17,21,394,53,447
2013-09-17,22,246,20,266
2013-09-17,23,121,25,146
2013-09-18,0,54,8,62
2013-09-18,1,24,3,27
2013-09-18,2,9,0,9
2013-09-18,3,3,0,3
2013-09-18,4,12,2,14
2013-09-18,5,58,4,62
2013-09-18,6,219,4,223
2013-09-18,7,726,29,755
2013-09-18,8,939,36,975
2013-09-18,9,413,29,442
2013-09-18,10,207,59,266
2013-09-18,11,240,90,330
2013-09-18,12,295,112,407
2013-09-18,13,304,102,406
2013-09-18,14,302,115,417
2013-09-18,15,315,122,437
2013-09-18,16,520,112,632
2013-09-18,17,1131,122,1253
2013-09-18,18,990,109,1099
2013-09-18,19,641,78,719
2013-09-18,20,446,55,501
2013-09-18,21,366,32,398
2013-09-18,22,297,50,347
2013-09-18,23,143,25,168
2013-09-19,0,44,17,61
2013-09-19,1,24,11,35
2013-09-19,2,11,2,13
2013-09-19,3,8,0,8
2013-09-19,4,6,5,11
2013-09-19,5,58,3,61
2013-09-19,6,228,10,238
2013-09-19,7,689,31,720
2013-09-19,8,940,44,984
2013-09-19,9,425,52,477
2013-09-19,10,239,103,342
2013-09-19,11,261,109,370
2013-09-19,12,324,119,443
2013-09-19,13,305,105,410
2013-09-19,14,289,140,429
2013-09-19,15,331,122,453
2013-09-19,16,496,140,636
2013-09-19,17,1069,168,1237
2013-09-19,18,969,162,1131
2013-09-19,19,626,95,721
2013-09-19,20,443,69,512
2013-09-19,21,410,60,470
2013-09-19,22,322,37,359
2013-09-19,23,206,33,239
2013-09-20,0,97,19,116
2013-09-20,1,46,5,51
2013-09-20,2,18,5,23
2013-09-20,3,4,3,7
2013-09-20,4,14,4,18
2013-09-20,5,44,2,46
2013-09-20,6,201,5,206
2013-09-20,7,642,22,664
2013-09-20,8,893,46,939
2013-09-20,9,432,63,495
2013-09-20,10,223,105,328
2013-09-20,11,286,126,412
2013-09-20,12,364,134,498
2013-09-20,13,338,141,479
2013-09-20,14,343,164,507
2013-09-20,15,414,208,622
2013-09-20,16,581,150,731
2013-09-20,17,1007,173,1180
2013-09-20,18,874,148,1022
2013-09-20,19,555,107,662
2013-09-20,20,407,90,497
2013-09-20,21,340,88,428
2013-09-20,22,273,69,342
2013-09-20,23,240,32,272
2013-09-21,0,169,35,204
2013-09-21,1,136,25,161
2013-09-21,2,82,29,111
2013-09-21,3,45,12,57
2013-09-21,4,15,6,21
2013-09-21,5,14,1,15
2013-09-21,6,34,4,38
2013-09-21,7,112,17,129
2013-09-21,8,230,35,265
2013-09-21,9,360,108,468
2013-09-21,10,452,210,662
2013-09-21,11,532,255,787
2013-09-21,12,564,339,903
2013-09-21,13,526,328,854
2013-09-21,14,473,283,756
2013-09-21,15,344,237,581
2013-09-21,16,141,74,215
2013-09-21,17,87,70,157
2013-09-21,18,96,23,119
2013-09-21,19,98,21,119
2013-09-21,20,53,12,65
2013-09-21,21,10,7,17
2013-09-21,22,32,3,35
2013-09-21,23,86,15,101
2013-09-22,0,93,16,109
2013-09-22,1,83,8,91
2013-09-22,2,46,2,48
2013-09-22,3,35,5,40
2013-09-22,4,11,3,14
2013-09-22,5,13,2,15
2013-09-22,6,19,6,25
2013-09-22,7,60,13,73
2013-09-22,8,167,48,215
2013-09-22,9,267,131,398
2013-09-22,10,446,189,635
2013-09-22,11,490,220,710
2013-09-22,12,609,245,854
2013-09-22,13,554,289,843
2013-09-22,14,524,320,844
2013-09-22,15,467,276,743
2013-09-22,16,632,293,925
2013-09-22,17,526,200,726
2013-09-22,18,460,185,645
2013-09-22,19,392,119,511
2013-09-22,20,288,80,368
2013-09-22,21,173,39,212
2013-09-22,22,153,40,193
2013-09-22,23,82,20,102
2013-09-23,0,47,4,51
2013-09-23,1,16,7,23
2013-09-23,2,5,1,6
2013-09-23,3,5,0,5
2013-09-23,4,12,1,13
2013-09-23,5,53,2,55
2013-09-23,6,197,3,200
2013-09-23,7,590,27,617
2013-09-23,8,792,42,834
2013-09-23,9,358,58,416
2013-09-23,10,178,61,239
2013-09-23,11,211,98,309
2013-09-23,12,299,92,391
2013-09-23,13,292,108,400
2013-09-23,14,277,113,390
2013-09-23,15,317,111,428
2013-09-23,16,496,115,611
2013-09-23,17,1059,149,1208
2013-09-23,18,929,116,1045
2013-09-23,19,625,63,688
2013-09-23,20,400,46,446
2013-09-23,21,287,32,319
2013-09-23,22,164,16,180
2013-09-23,23,100,7,107
2013-09-24,0,27,6,33
2013-09-24,1,19,5,24
2013-09-24,2,7,1,8
2013-09-24,3,1,2,3
2013-09-24,4,11,0,11
2013-09-24,5,53,4,57
2013-09-24,6,222,10,232
2013-09-24,7,705,22,727
2013-09-24,8,911,34,945
2013-09-24,9,394,43,437
2013-09-24,10,170,62,232
2013-09-24,11,250,84,334
2013-09-24,12,304,58,362
2013-09-24,13,265,69,334
2013-09-24,14,264,86,350
2013-09-24,15,297,95,392
2013-09-24,16,502,113,615
2013-09-24,17,1079,131,1210
2013-09-24,18,1061,115,1176
2013-09-24,19,699,72,771
2013-09-24,20,426,47,473
2013-09-24,21,330,39,369
2013-09-24,22,227,29,256
2013-09-24,23,121,17,138
2013-09-25,0,40,7,47
2013-09-25,1,21,2,23
2013-09-25,2,6,3,9
2013-09-25,4,12,1,13
2013-09-25,5,54,1,55
2013-09-25,6,217,8,225
2013-09-25,7,656,35,691
2013-09-25,8,944,51,995
2013-09-25,9,429,38,467
2013-09-25,10,257,48,305
2013-09-25,11,260,62,322
2013-09-25,12,324,53,377
2013-09-25,13,297,85,382
2013-09-25,14,253,93,346
2013-09-25,15,291,104,395
2013-09-25,16,527,98,625
2013-09-25,17,1055,131,1186
2013-09-25,18,970,113,1083
2013-09-25,19,652,74,726
2013-09-25,20,441,60,501
2013-09-25,21,309,62,371
2013-09-25,22,225,27,252
2013-09-25,23,115,13,128
2013-09-26,0,53,11,64
2013-09-26,1,28,5,33
2013-09-26,2,12,0,12
2013-09-26,3,4,0,4
2013-09-26,4,6,1,7
2013-09-26,5,57,1,58
2013-09-26,6,215,6,221
2013-09-26,7,685,28,713
2013-09-26,8,908,38,946
2013-09-26,9,427,45,472
2013-09-26,10,232,53,285
2013-09-26,11,213,91,304
2013-09-26,12,321,93,414
2013-09-26,13,291,89,380
2013-09-26,14,294,108,402
2013-09-26,15,340,92,432
2013-09-26,16,486,134,620
2013-09-26,17,993,182,1175
2013-09-26,18,1056,123,1179
2013-09-26,19,642,62,704
2013-09-26,20,444,48,492
2013-09-26,21,344,31,375
2013-09-26,22,253,37,290
2013-09-26,23,191,15,206
2013-09-27,0,94,15,109
2013-09-27,1,56,10,66
2013-09-27,2,14,7,21
2013-09-27,3,6,2,8
2013-09-27,4,8,1,9
2013-09-27,5,52,3,55
2013-09-27,6,180,4,184
2013-09-27,7,568,32,600
2013-09-27,8,908,45,953
2013-09-27,9,424,62,486
2013-09-27,10,200,57,257
2013-09-27,11,262,112,374
2013-09-27,12,370,106,476
2013-09-27,13,358,141,499
2013-09-27,14,348,158,506
2013-09-27,15,353,163,516
2013-09-27,16,582,139,721
2013-09-27,17,951,164,1115
2013-09-27,18,851,116,967
2013-09-27,19,537,113,650
2013-09-27,20,338,67,405
2013-09-27,21,287,62,349
2013-09-27,22,263,36,299
2013-09-27,23,214,19,233
2013-09-28,0,155,18,173
2013-09-28,1,119,18,137
2013-09-28,2,84,14,98
2013-09-28,3,33,10,43
2013-09-28,4,17,6,23
2013-09-28,5,15,7,22
2013-09-28,6,37,5,42
2013-09-28,7,122,15,137
2013-09-28,8,203,44,247
2013-09-28,9,312,83,395
2013-09-28,10,459,183,642
2013-09-28,11,453,212,665
2013-09-28,12,483,309,792
2013-09-28,13,445,352,797
2013-09-28,14,515,381,896
2013-09-28,15,458,391,849
2013-09-28,16,467,354,821
2013-09-28,17,463,359,822
2013-09-28,18,403,253,656
2013-09-28,19,370,190,560
2013-09-28,20,321,99,420
2013-09-28,21,208,76,284
2013-09-28,22,225,61,286
2013-09-28,23,188,62,250
2013-09-29,0,138,36,174
2013-09-29,1,106,27,133
2013-09-29,2,114,31,145
2013-09-29,3,38,29,67
2013-09-29,4,14,9,23
2013-09-29,5,6,4,10
2013-09-29,6,21,4,25
2013-09-29,7,54,17,71
2013-09-29,8,125,43,168
2013-09-29,9,215,115,330
2013-09-29,10,395,201,596
2013-09-29,11,449,263,712
2013-09-29,12,545,304,849
2013-09-29,13,497,279,776
2013-09-29,14,465,280,745
2013-09-29,15,462,338,800
2013-09-29,16,471,270,741
2013-09-29,17,460,282,742
2013-09-29,18,470,203,673
2013-09-29,19,425,129,554
2013-09-29,20,247,82,329
2013-09-29,21,177,49,226
2013-09-29,22,183,58,241
2013-09-29,23,94,27,121
2013-09-30,0,44,23,67
2013-09-30,1,15,3,18
2013-09-30,2,12,4,16
2013-09-30,3,5,0,5
2013-09-30,4,10,0,10
2013-09-30,5,43,1,44
2013-09-30,6,219,8,227
2013-09-30,7,612,25,637
2013-09-30,8,783,62,845
2013-09-30,9,351,62,413
2013-09-30,10,175,92,267
2013-09-30,11,214,103,317
2013-09-30,12,288,94,382
2013-09-30,13,259,104,363
2013-09-30,14,244,82,326
2013-09-30,15,284,102,386
2013-09-30,16,538,84,622
2013-09-30,17,978,173,1151
2013-09-30,18,989,100,1089
2013-09-30,19,623,66,689
2013-09-30,20,402,64,466
2013-09-30,21,288,43,331
2013-09-30,22,196,30,226
2013-09-30,23,122,13,135
2013-10-01,0,52,12,64
2013-10-01,1,28,0,28
2013-10-01,2,11,3,14
2013-10-01,3,2,1,3
2013-10-01,4,8,0,8
2013-10-01,5,45,6,51
2013-10-01,6,200,4,204
2013-10-01,7,730,27,757
2013-10-01,8,906,37,943
2013-10-01,9,409,46,455
2013-10-01,10,240,90,330
2013-10-01,11,311,94,405
2013-10-01,12,382,121,503
2013-10-01,13,376,132,508
2013-10-01,14,361,116,477
2013-10-01,15,366,96,462
2013-10-01,16,529,125,654
2013-10-01,17,1025,149,1174
2013-10-01,18,1062,97,1159
2013-10-01,19,681,59,740
2013-10-01,20,421,46,467
2013-10-01,21,321,37,358
2013-10-01,22,267,31,298
2013-10-01,23,183,10,193
2013-10-02,0,71,6,77
2013-10-02,1,22,6,28
2013-10-02,2,14,2,16
2013-10-02,3,4,0,4
2013-10-02,4,7,0,7
2013-10-02,5,45,5,50
2013-10-02,6,193,11,204
2013-10-02,7,609,25,634
2013-10-02,8,896,47,943
2013-10-02,9,444,30,474
2013-10-02,10,234,55,289
2013-10-02,11,294,50,344
2013-10-02,12,401,118,519
2013-10-02,13,387,86,473
2013-10-02,14,347,102,449
2013-10-02,15,370,113,483
2013-10-02,16,519,115,634
2013-10-02,17,1080,155,1235
2013-10-02,18,1016,116,1132
2013-10-02,19,701,92,793
2013-10-02,20,491,54,545
2013-10-02,21,358,55,413
2013-10-02,22,266,29,295
2013-10-02,23,191,17,208
2013-10-03,0,58,11,69
2013-10-03,1,32,6,38
2013-10-03,2,16,0,16
2013-10-03,3,6,0,6
2013-10-03,4,7,0,7
2013-10-03,5,45,4,49
2013-10-03,6,200,8,208
2013-10-03,7,570,27,597
2013-10-03,8,925,34,959
2013-10-03,9,424,60,484
2013-10-03,10,234,75,309
2013-10-03,11,321,106,427
2013-10-03,12,374,102,476
2013-10-03,13,386,93,479
2013-10-03,14,363,98,461
2013-10-03,15,359,101,460
2013-10-03,16,560,95,655
2013-10-03,17,953,113,1066
2013-10-03,18,1004,93,1097
2013-10-03,19,640,49,689
2013-10-03,20,453,50,503
2013-10-03,21,393,60,453
2013-10-03,22,283,38,321
2013-10-03,23,205,25,230
2013-10-04,0,118,11,129
2013-10-04,1,29,3,32
2013-10-04,2,29,11,40
2013-10-04,3,11,3,14
2013-10-04,4,6,0,6
2013-10-04,5,48,0,48
2013-10-04,6,165,7,172
2013-10-04,7,517,10,527
2013-10-04,8,887,44,931
2013-10-04,9,407,66,473
2013-10-04,10,217,77,294
2013-10-04,11,312,118,430
2013-10-04,12,398,155,553
2013-10-04,13,443,152,595
2013-10-04,14,397,160,557
2013-10-04,15,389,167,556
2013-10-04,16,561,130,691
2013-10-04,17,907,151,1058
2013-10-04,18,829,126,955
2013-10-04,19,598,83,681
2013-10-04,20,381,62,443
2013-10-04,21,321,51,372
2013-10-04,22,254,41,295
2013-10-04,23,267,39,306
2013-10-05,0,199,23,222
2013-10-05,1,140,18,158
2013-10-05,2,95,16,111
2013-10-05,3,48,4,52
2013-10-05,4,10,1,11
2013-10-05,5,13,1,14
2013-10-05,6,28,7,35
2013-10-05,7,118,22,140
2013-10-05,8,234,37,271
2013-10-05,9,364,90,454
2013-10-05,10,445,177,622
2013-10-05,11,500,311,811
2013-10-05,12,529,370,899
2013-10-05,13,512,442,954
2013-10-05,14,460,337,797
2013-10-05,15,490,324,814
2013-10-05,16,478,372,850
2013-10-05,17,461,231,692
2013-10-05,18,490,201,691
2013-10-05,19,423,132,555
2013-10-05,20,280,88,368
2013-10-05,21,268,85,353
2013-10-05,22,228,54,282
2013-10-05,23,242,58,300
2013-10-06,0,218,48,266
2013-10-06,1,148,31,179
2013-10-06,2,132,12,144
2013-10-06,3,42,15,57
2013-10-06,4,14,0,14
2013-10-06,5,9,2,11
2013-10-06,6,20,5,25
2013-10-06,7,56,20,76
2013-10-06,8,144,53,197
2013-10-06,9,294,133,427
2013-10-06,10,378,204,582
2013-10-06,11,476,290,766
2013-10-06,12,585,297,882
2013-10-06,13,504,344,848
2013-10-06,14,536,308,844
2013-10-06,15,461,316,777
2013-10-06,16,528,263,791
2013-10-06,17,516,214,730
2013-10-06,18,487,156,643
2013-10-06,19,399,78,477
2013-10-06,20,273,74,347
2013-10-06,21,205,58,263
2013-10-06,22,144,30,174
2013-10-06,23,89,41,130
2013-10-07,0,36,8,44
2013-10-07,1,21,4,25
2013-10-07,2,7,1,8
2013-10-07,3,5,6,11
2013-10-07,4,12,0,12
2013-10-07,5,41,3,44
2013-10-07,6,192,6,198
2013-10-07,7,544,9,553
2013-10-07,8,795,30,825
2013-10-07,9,298,27,325
2013-10-07,10,167,48,215
2013-10-07,11,77,23,100
2013-10-07,12,22,3,25
2013-10-07,13,28,1,29
2013-10-07,14,32,5,37
2013-10-07,15,90,7,97
2013-10-07,16,227,26,253
2013-10-07,17,643,38,681
2013-10-07,18,702,46,748
2013-10-07,19,559,54,613
2013-10-07,20,352,33,385
2013-10-07,21,267,15,282
2013-10-07,22,177,17,194
2013-10-07,23,83,10,93
2013-10-08,0,39,7,46
2013-10-08,1,14,3,17
2013-10-08,2,3,2,5
2013-10-08,3,6,0,6
2013-10-08,4,7,4,11
2013-10-08,5,43,1,44
2013-10-08,6,205,5,210
2013-10-08,7,645,28,673
2013-10-08,8,989,32,1021
2013-10-08,9,396,43,439
2013-10-08,10,197,64,261
2013-10-08,11,246,96,342
2013-10-08,12,363,81,444
2013-10-08,13,357,99,456
2013-10-08,14,309,148,457
2013-10-08,15,374,139,513
2013-10-08,16,524,116,640
2013-10-08,17,953,128,1081
2013-10-08,18,983,96,1079
2013-10-08,19,640,59,699
2013-10-08,20,505,31,536
2013-10-08,21,345,40,385
2013-10-08,22,289,36,325
2013-10-08,23,119,20,139
2013-10-09,0,56,21,77
2013-10-09,1,23,10,33
2013-10-09,2,8,5,13
2013-10-09,3,6,2,8
2013-10-09,4,10,1,11
2013-10-09,5,53,1,54
2013-10-09,6,205,9,214
2013-10-09,7,586,29,615
2013-10-09,8,901,46,947
2013-10-09,9,398,58,456
2013-10-09,10,205,57,262
2013-10-09,11,255,65,320
2013-10-09,12,295,95,390
2013-10-09,13,321,87,408
2013-10-09,14,263,71,334
2013-10-09,15,276,66,342
2013-10-09,16,338,34,372
2013-10-09,17,317,36,353
2013-10-09,18,288,18,306
2013-10-09,19,238,11,249
2013-10-09,20,159,9,168
2013-10-09,21,163,11,174
2013-10-09,22,144,11,155
2013-10-09,23,95,4,99
2013-10-10,0,38,10,48
2013-10-10,1,18,0,18
2013-10-10,2,8,0,8
2013-10-10,3,1,0,1
2013-10-10,4,5,1,6
2013-10-10,5,18,1,19
2013-10-10,6,76,8,84
2013-10-10,7,72,0,72
2013-10-10,8,76,2,78
2013-10-10,9,56,1,57
2013-10-10,10,41,3,44
2013-10-10,11,28,2,30
2013-10-10,12,75,11,86
2013-10-10,13,110,15,125
2013-10-10,14,126,18,144
2013-10-10,15,175,21,196
2013-10-10,16,155,29,184
2013-10-10,17,264,18,282
2013-10-10,18,266,19,285
2013-10-10,19,235,5,240
2013-10-10,20,167,6,173
2013-10-10,21,123,5,128
2013-10-10,22,98,0,98
2013-10-10,23,80,5,85
2013-10-11,0,49,3,52
2013-10-11,1,19,1,20
2013-10-11,2,12,1,13
2013-10-11,3,6,1,7
2013-10-11,4,6,1,7
2013-10-11,5,28,2,30
2013-10-11,6,88,4,92
2013-10-11,7,95,3,98
2013-10-11,8,160,6,166
2013-10-11,9,168,9,177
2013-10-11,10,78,3,81
2013-10-11,11,67,12,79
2013-10-11,12,55,4,59
2013-10-11,13,56,3,59
2013-10-11,14,69,7,76
2013-10-11,15,61,9,70
2013-10-11,16,92,19,111
2013-10-11,17,124,11,135
2013-10-11,18,157,5,162
2013-10-11,19,136,6,142
2013-10-11,20,29,2,31
2013-10-11,21,26,3,29
2013-10-11,22,34,1,35
2013-10-11,23,43,1,44
2013-10-12,0,53,7,60
2013-10-12,1,58,3,61
2013-10-12,2,29,2,31
2013-10-12,3,22,1,23
2013-10-12,4,6,3,9
2013-10-12,5,13,0,13
2013-10-12,6,14,2,16
2013-10-12,7,46,6,52
2013-10-12,8,98,9,107
2013-10-12,9,128,25,153
2013-10-12,10,177,31,208
2013-10-12,11,289,63,352
2013-10-12,12,334,96,430
2013-10-12,13,355,103,458
2013-10-12,14,343,188,531
2013-10-12,15,397,190,587
2013-10-12,16,371,239,610
2013-10-12,17,306,125,431
2013-10-12,18,306,98,404
2013-10-12,19,139,37,176
2013-10-12,20,137,26,163
2013-10-12,21,107,26,133
2013-10-12,22,75,15,90
2013-10-12,23,89,4,93
2013-10-13,0,60,7,67
2013-10-13,1,75,21,96
2013-10-13,2,80,12,92
2013-10-13,3,36,11,47
2013-10-13,4,9,1,10
2013-10-13,5,6,3,9
2013-10-13,6,16,8,24
2013-10-13,7,20,8,28
2013-10-13,8,68,12,80
2013-10-13,9,117,39,156
2013-10-13,10,225,66,291
2013-10-13,11,297,82,379
2013-10-13,12,351,118,469
2013-10-13,13,381,149,530
2013-10-13,14,310,125,435
2013-10-13,15,364,175,539
2013-10-13,16,419,196,615
2013-10-13,17,354,137,491
2013-10-13,18,331,86,417
2013-10-13,19,293,82,375
2013-10-13,20,203,71,274
2013-10-13,21,142,37,179
2013-10-13,22,148,48,196
2013-10-13,23,110,29,139
2013-10-14,0,78,14,92
2013-10-14,1,43,2,45
2013-10-14,2,30,4,34
2013-10-14,3,12,0,12
2013-10-14,4,6,1,7
2013-10-14,5,28,1,29
2013-10-14,6,84,6,90
2013-10-14,7,248,18,266
2013-10-14,8,479,29,508
2013-10-14,9,302,47,349
2013-10-14,10,286,78,364
2013-10-14,11,372,170,542
2013-10-14,12,403,204,607
2013-10-14,13,457,237,694
2013-10-14,14,412,197,609
2013-10-14,15,454,176,630
2013-10-14,16,537,201,738
2013-10-14,17,693,155,848
2013-10-14,18,675,130,805
2013-10-14,19,470,45,515
2013-10-14,20,327,46,373
2013-10-14,21,292,37,329
2013-10-14,22,180,22,202
2013-10-14,23,120,10,130
2013-10-15,0,51,3,54
2013-10-15,1,18,5,23
2013-10-15,2,2,0,2
2013-10-15,3,2,0,2
2013-10-15,4,17,0,17
2013-10-15,5,46,3,49
2013-10-15,6,178,7,185
2013-10-15,7,560,14,574
2013-10-15,8,913,40,953
2013-10-15,9,369,34,403
2013-10-15,10,221,71,292
2013-10-15,11,239,85,324
2013-10-15,12,355,104,459
2013-10-15,13,349,88,437
2013-10-15,14,332,109,441
2013-10-15,15,348,83,431
2013-10-15,16,521,104,625
2013-10-15,17,1028,87,1115
2013-10-15,18,971,74,1045
2013-10-15,19,629,32,661
2013-10-15,20,409,37,446
2013-10-15,21,355,31,386
2013-10-15,22,202,14,216
2013-10-15,23,126,6,132
2013-10-16,0,55,3,58
2013-10-16,1,17,1,18
2013-10-16,2,6,0,6
2013-10-16,3,4,0,4
2013-10-16,4,12,0,12
2013-10-16,5,44,3,47
2013-10-16,6,198,4,202
2013-10-16,7,559,19,578
2013-10-16,8,957,36,993
2013-10-16,9,419,23,442
2013-10-16,10,262,65,327
2013-10-16,11,300,87,387
2013-10-16,12,328,106,434
2013-10-16,13,328,94,422
2013-10-16,14,287,119,406
2013-10-16,15,383,116,499
2013-10-16,16,532,88,620
2013-10-16,17,1035,92,1127
2013-10-16,18,992,84,1076
2013-10-16,19,620,69,689
2013-10-16,20,454,43,497
2013-10-16,21,331,19,350
2013-10-16,22,240,24,264
2013-10-16,23,153,18,171
2013-10-17,0,62,3,65
2013-10-17,1,25,2,27
2013-10-17,2,13,1,14
2013-10-17,3,8,0,8
2013-10-17,4,7,0,7
2013-10-17,5,45,1,46
2013-10-17,6,211,1,212
2013-10-17,7,618,28,646
2013-10-17,8,956,28,984
2013-10-17,9,471,37,508
2013-10-17,10,228,49,277
2013-10-17,11,229,66,295
2013-10-17,12,337,77,414
2013-10-17,13,294,81,375
2013-10-17,14,255,97,352
2013-10-17,15,290,76,366
2013-10-17,16,538,114,652
2013-10-17,17,1049,112,1161
2013-10-17,18,951,88,1039
2013-10-17,19,635,71,706
2013-10-17,20,505,48,553
2013-10-17,21,339,32,371
2013-10-17,22,180,21,201
2013-10-17,23,173,16,189
2013-10-18,0,90,9,99
2013-10-18,1,37,10,47
2013-10-18,2,18,2,20
2013-10-18,3,10,0,10
2013-10-18,4,9,0,9
2013-10-18,5,44,2,46
2013-10-18,6,171,1,172
2013-10-18,7,555,19,574
2013-10-18,8,989,32,1021
2013-10-18,9,439,63,502
2013-10-18,10,268,111,379
2013-10-18,11,267,125,392
2013-10-18,12,423,160,583
2013-10-18,13,334,135,469
2013-10-18,14,368,153,521
2013-10-18,15,395,188,583
2013-10-18,16,578,189,767
2013-10-18,17,967,209,1176
2013-10-18,18,832,122,954
2013-10-18,19,519,82,601
2013-10-18,20,337,88,425
2013-10-18,21,303,66,369
2013-10-18,22,233,54,287
2013-10-18,23,200,50,250
2013-10-19,0,130,33,163
2013-10-19,1,100,17,117
2013-10-19,2,61,8,69
2013-10-19,3,36,5,41
2013-10-19,4,12,1,13
2013-10-19,5,8,0,8
2013-10-19,6,26,3,29
2013-10-19,7,76,12,88
2013-10-19,8,221,45,266
2013-10-19,9,299,80,379
2013-10-19,10,363,213,576
2013-10-19,11,500,238,738
2013-10-19,12,515,347,862
2013-10-19,13,532,336,868
2013-10-19,14,395,329,724
2013-10-19,15,423,343,766
2013-10-19,16,438,266,704
2013-10-19,17,384,253,637
2013-10-19,18,373,206,579
2013-10-19,19,332,117,449
2013-10-19,20,279,110,389
2013-10-19,21,204,85,289
2013-10-19,22,224,77,301
2013-10-19,23,188,66,254
2013-10-20,0,160,31,191
2013-10-20,1,105,23,128
2013-10-20,2,93,17,110
2013-10-20,3,39,6,45
2013-10-20,4,11,3,14
2013-10-20,5,8,3,11
2013-10-20,6,32,5,37
2013-10-20,7,69,15,84
2013-10-20,8,136,40,176
2013-10-20,9,246,96,342
2013-10-20,10,368,194,562
2013-10-20,11,494,212,706
2013-10-20,12,516,236,752
2013-10-20,13,449,296,745
2013-10-20,14,444,290,734
2013-10-20,15,468,298,766
2013-10-20,16,531,229,760
2013-10-20,17,445,217,662
2013-10-20,18,432,156,588
2013-10-20,19,322,74,396
2013-10-20,20,205,42,247
2013-10-20,21,176,39,215
2013-10-20,22,121,13,134
2013-10-20,23,82,6,88
2013-10-21,0,34,8,42
2013-10-21,1,18,3,21
2013-10-21,2,7,0,7
2013-10-21,3,5,0,5
2013-10-21,4,10,0,10
2013-10-21,5,45,3,48
2013-10-21,6,174,4,178
2013-10-21,7,562,14,576
2013-10-21,8,869,29,898
2013-10-21,9,398,43,441
2013-10-21,10,196,93,289
2013-10-21,11,201,120,321
2013-10-21,12,306,125,431
2013-10-21,13,289,127,416
2013-10-21,14,264,105,369
2013-10-21,15,312,111,423
2013-10-21,16,528,125,653
2013-10-21,17,1021,151,1172
2013-10-21,18,942,93,1035
2013-10-21,19,546,45,591
2013-10-21,20,354,35,389
2013-10-21,21,282,51,333
2013-10-21,22,172,26,198
2013-10-21,23,90,20,110
2013-10-22,0,29,9,38
2013-10-22,1,12,1,13
2013-10-22,2,10,1,11
2013-10-22,3,3,2,5
2013-10-22,4,11,1,12
2013-10-22,5,66,1,67
2013-10-22,6,219,7,226
2013-10-22,7,704,11,715
2013-10-22,8,996,28,1024
2013-10-22,9,410,34,444
2013-10-22,10,197,60,257
2013-10-22,11,208,63,271
2013-10-22,12,277,38,315
2013-10-22,13,292,46,338
2013-10-22,14,245,56,301
2013-10-22,15,321,77,398
2013-10-22,16,573,48,621
2013-10-22,17,1048,94,1142
2013-10-22,18,928,54,982
2013-10-22,19,614,37,651
2013-10-22,20,423,27,450
2013-10-22,21,330,16,346
2013-10-22,22,223,19,242
2013-10-22,23,115,6,121
2013-10-23,0,40,3,43
2013-10-23,1,19,2,21
2013-10-23,2,11,0,11
2013-10-23,3,6,0,6
2013-10-23,4,10,1,11
2013-10-23,5,45,1,46
2013-10-23,6,112,4,116
2013-10-23,7,431,14,445
2013-10-23,8,885,22,907
2013-10-23,9,430,31,461
2013-10-23,10,201,30,231
2013-10-23,11,217,44,261
2013-10-23,12,319,49,368
2013-10-23,13,291,50,341
2013-10-23,14,246,60,306
2013-10-23,15,275,65,340
2013-10-23,16,439,51,490
2013-10-23,17,971,75,1046
2013-10-23,18,843,48,891
2013-10-23,19,541,23,564
2013-10-23,20,336,13,349
2013-10-23,21,298,16,314
2013-10-23,22,181,5,186
2013-10-23,23,121,9,130
2013-10-24,0,50,4,54
2013-10-24,1,25,1,26
2013-10-24,2,4,1,5
2013-10-24,3,4,0,4
2013-10-24,4,5,1,6
2013-10-24,5,40,0,40
2013-10-24,6,176,2,178
2013-10-24,7,578,8,586
2013-10-24,8,930,19,949
2013-10-24,9,398,25,423
2013-10-24,10,188,40,228
2013-10-24,11,199,48,247
2013-10-24,12,284,35,319
2013-10-24,13,237,39,276
2013-10-24,14,248,50,298
2013-10-24,15,308,65,373
2013-10-24,16,421,34,455
2013-10-24,17,909,77,986
2013-10-24,18,792,57,849
2013-10-24,19,478,28,506
2013-10-24,20,386,24,410
2013-10-24,21,246,16,262
2013-10-24,22,186,12,198
2013-10-24,23,140,5,145
2013-10-25,0,75,2,77
2013-10-25,1,26,6,32
2013-10-25,2,14,1,15
2013-10-25,3,4,0,4
2013-10-25,4,10,0,10
2013-10-25,5,50,1,51
2013-10-25,6,133,1,134
2013-10-25,7,430,13,443
2013-10-25,8,828,15,843
2013-10-25,9,404,24,428
2013-10-25,10,182,47,229
2013-10-25,11,220,54,274
2013-10-25,12,317,55,372
2013-10-25,13,341,111,452
2013-10-25,14,299,81,380
2013-10-25,15,386,116,502
2013-10-25,16,514,134,648
2013-10-25,17,835,106,941
2013-10-25,18,661,53,714
2013-10-25,19,401,34,435
2013-10-25,20,307,16,323
2013-10-25,21,193,20,213
2013-10-25,22,176,15,191
2013-10-25,23,147,8,155
2013-10-26,0,129,13,142
2013-10-26,1,104,4,108
2013-10-26,2,72,0,72
2013-10-26,3,21,0,21
2013-10-26,4,4,2,6
2013-10-26,5,15,1,16
2013-10-26,6,18,0,18
2013-10-26,7,76,5,81
2013-10-26,8,185,31,216
2013-10-26,9,278,61,339
2013-10-26,10,350,118,468
2013-10-26,11,418,188,606
2013-10-26,12,449,205,654
2013-10-26,13,474,217,691
2013-10-26,14,455,237,692
2013-10-26,15,459,252,711
2013-10-26,16,441,238,679
2013-10-26,17,415,253,668
2013-10-26,18,340,111,451
2013-10-26,19,300,88,388
2013-10-26,20,244,64,308
2013-10-26,21,186,47,233
2013-10-26,22,160,21,181
2013-10-26,23,118,39,157
2013-10-27,0,122,16,138
2013-10-27,1,104,31,135
2013-10-27,2,102,22,124
2013-10-27,3,49,10,59
2013-10-27,4,21,3,24
2013-10-27,5,12,5,17
2013-10-27,6,49,8,57
2013-10-27,7,76,26,102
2013-10-27,8,146,72,218
2013-10-27,9,268,138,406
2013-10-27,10,403,166,569
2013-10-27,11,388,231,619
2013-10-27,12,492,199,691
2013-10-27,13,467,232,699
2013-10-27,14,450,279,729
2013-10-27,15,426,240,666
2013-10-27,16,440,236,676
2013-10-27,17,392,189,581
2013-10-27,18,371,98,469
2013-10-27,19,239,75,314
2013-10-27,20,194,34,228
2013-10-27,21,157,30,187
2013-10-27,22,110,17,127
2013-10-27,23,59,23,82
2013-10-28,0,30,17,47
2013-10-28,1,18,3,21
2013-10-28,2,7,0,7
2013-10-28,3,5,0,5
2013-10-28,4,4,0,4
2013-10-28,5,44,1,45
2013-10-28,6,145,6,151
2013-10-28,7,493,10,503
2013-10-28,8,870,31,901
2013-10-28,9,376,51,427
2013-10-28,10,169,83,252
2013-10-28,11,209,113,322
2013-10-28,12,256,102,358
2013-10-28,13,242,119,361
2013-10-28,14,233,107,340
2013-10-28,15,295,101,396
2013-10-28,16,490,106,596
2013-10-28,17,1058,93,1151
2013-10-28,18,934,96,1030
2013-10-28,19,533,37,570
2013-10-28,20,400,28,428
2013-10-28,21,272,25,297
2013-10-28,22,171,33,204
2013-10-28,23,84,15,99
2013-10-29,0,34,10,44
2013-10-29,1,14,0,14
2013-10-29,2,2,0,2
2013-10-29,3,4,0,4
2013-10-29,4,9,0,9
2013-10-29,5,49,4,53
2013-10-29,6,184,3,187
2013-10-29,7,629,11,640
2013-10-29,8,1000,39,1039
2013-10-29,9,381,27,408
2013-10-29,10,199,65,264
2013-10-29,11,200,69,269
2013-10-29,12,278,87,365
2013-10-29,13,294,80,374
2013-10-29,14,261,93,354
2013-10-29,15,315,83,398
2013-10-29,16,503,83,586
2013-10-29,17,1087,103,1190
2013-10-29,18,897,85,982
2013-10-29,19,553,46,599
2013-10-29,20,407,30,437
2013-10-29,21,339,17,356
2013-10-29,22,210,16,226
2013-10-29,23,137,12,149
2013-10-30,0,47,4,51
2013-10-30,1,29,1,30
2013-10-30,2,17,1,18
2013-10-30,3,6,0,6
2013-10-30,4,14,1,15
2013-10-30,5,49,1,50
2013-10-30,6,146,5,151
2013-10-30,7,397,8,405
2013-10-30,8,460,24,484
2013-10-30,9,339,20,359
2013-10-30,10,172,32,204
2013-10-30,11,222,52,274
2013-10-30,12,298,51,349
2013-10-30,13,306,85,391
2013-10-30,14,276,72,348
2013-10-30,15,333,79,412
2013-10-30,16,519,104,623
2013-10-30,17,1018,96,1114
2013-10-30,18,905,66,971
2013-10-30,19,555,27,582
2013-10-30,20,435,21,456
2013-10-30,21,319,24,343
2013-10-30,22,228,13,241
2013-10-30,23,159,19,178
2013-10-31,0,76,6,82
2013-10-31,1,19,1,20
2013-10-31,2,10,0,10
2013-10-31,3,6,0,6
2013-10-31,4,8,0,8
2013-10-31,5,55,1,56
2013-10-31,6,163,2,165
2013-10-31,7,551,12,563
2013-10-31,8,898,29,927
2013-10-31,9,412,41,453
2013-10-31,10,210,23,233
2013-10-31,11,227,58,285
2013-10-31,12,325,60,385
2013-10-31,13,311,78,389
2013-10-31,14,274,60,334
2013-10-31,15,347,78,425
2013-10-31,16,582,66,648
2013-10-31,17,1039,73,1112
2013-10-31,18,801,36,837
2013-10-31,19,363,27,390
2013-10-31,20,294,16,310
2013-10-31,21,251,16,267
2013-10-31,22,200,18,218
2013-10-31,23,190,22,212
2013-11-01,0,117,18,135
2013-11-01,1,79,14,93
2013-11-01,2,40,5,45
2013-11-01,3,26,4,30
2013-11-01,4,9,0,9
2013-11-01,5,53,3,56
2013-11-01,6,126,0,126
2013-11-01,7,271,8,279
2013-11-01,8,795,24,819
2013-11-01,9,202,3,205
2013-11-01,10,148,12,160
2013-11-01,11,164,41,205
2013-11-01,12,303,45,348
2013-11-01,13,321,65,386
2013-11-01,14,277,76,353
2013-11-01,15,369,107,476
2013-11-01,16,525,108,633
2013-11-01,17,960,135,1095
2013-11-01,18,746,79,825
2013-11-01,19,498,55,553
2013-11-01,20,358,37,395
2013-11-01,21,321,29,350
2013-11-01,22,242,24,266
2013-11-01,23,175,29,204
2013-11-02,0,176,31,207
2013-11-02,1,104,26,130
2013-11-02,2,105,17,122
2013-11-02,3,42,8,50
2013-11-02,4,17,4,21
2013-11-02,5,14,0,14
2013-11-02,6,20,1,21
2013-11-02,7,82,14,96
2013-11-02,8,189,30,219
2013-11-02,9,279,75,354
2013-11-02,10,437,179,616
2013-11-02,11,514,204,718
2013-11-02,12,567,266,833
2013-11-02,13,518,318,836
2013-11-02,14,513,346,859
2013-11-02,15,530,357,887
2013-11-02,16,442,312,754
2013-11-02,17,443,260,703
2013-11-02,18,406,148,554
2013-11-02,19,308,76,384
2013-11-02,20,212,55,267
2013-11-02,21,221,55,276
2013-11-02,22,213,46,259
2013-11-02,23,155,39,194
2013-11-03,0,127,23,150
2013-11-03,1,236,28,264
2013-11-03,2,50,7,57
2013-11-03,3,23,1,24
2013-11-03,4,4,0,4
2013-11-03,5,10,2,12
2013-11-03,6,34,9,43
2013-11-03,7,72,23,95
2013-11-03,8,161,54,215
2013-11-03,9,283,105,388
2013-11-03,10,432,167,599
2013-11-03,11,420,222,642
2013-11-03,12,483,263,746
2013-11-03,13,465,240,705
2013-11-03,14,420,234,654
2013-11-03,15,468,212,680
2013-11-03,16,465,185,650
2013-11-03,17,384,129,513
2013-11-03,18,288,78,366
2013-11-03,19,247,48,295
2013-11-03,20,191,34,225
2013-11-03,21,118,19,137
2013-11-03,22,91,20,111
2013-11-03,23,65,12,77
2013-11-04,0,16,7,23
2013-11-04,1,10,2,12
2013-11-04,2,2,3,5
2013-11-04,3,4,0,4
2013-11-04,4,7,1,8
2013-11-04,5,47,1,48
2013-11-04,6,173,6,179
2013-11-04,7,585,19,604
2013-11-04,8,762,23,785
2013-11-04,9,318,44,362
2013-11-04,10,165,50,215
2013-11-04,11,192,56,248
2013-11-04,12,261,62,323
2013-11-04,13,204,50,254
2013-11-04,14,191,45,236
2013-11-04,15,263,33,296
2013-11-04,16,419,26,445
2013-11-04,17,807,40,847
2013-11-04,18,667,24,691
2013-11-04,19,484,15,499
2013-11-04,20,295,14,309
2013-11-04,21,203,15,218
2013-11-04,22,134,9,143
2013-11-04,23,91,9,100
2013-11-05,0,27,5,32
2013-11-05,1,10,1,11
2013-11-05,2,7,1,8
2013-11-05,3,5,0,5
2013-11-05,4,8,1,9
2013-11-05,5,56,0,56
2013-11-05,6,203,5,208
2013-11-05,7,683,19,702
2013-11-05,8,909,39,948
2013-11-05,9,374,20,394
2013-11-05,10,176,36,212
2013-11-05,11,208,68,276
2013-11-05,12,291,47,338
2013-11-05,13,295,67,362
2013-11-05,14,253,67,320
2013-11-05,15,285,41,326
2013-11-05,16,526,61,587
2013-11-05,17,912,71,983
2013-11-05,18,805,34,839
2013-11-05,19,525,19,544
2013-11-05,20,350,11,361
2013-11-05,21,268,18,286
2013-11-05,22,205,26,231
2013-11-05,23,101,13,114
2013-11-06,0,46,5,51
2013-11-06,1,14,1,15
2013-11-06,2,7,6,13
2013-11-06,3,4,3,7
2013-11-06,4,8,0,8
2013-11-06,5,51,4,55
2013-11-06,6,210,3,213
2013-11-06,7,680,15,695
2013-11-06,8,951,33,984
2013-11-06,9,381,27,408
2013-11-06,10,197,42,239
2013-11-06,11,231,50,281
2013-11-06,12,316,65,381
2013-11-06,13,304,68,372
2013-11-06,14,237,79,316
2013-11-06,15,314,75,389
2013-11-06,16,506,80,586
2013-11-06,17,992,75,1067
2013-11-06,18,842,36,878
2013-11-06,19,604,48,652
2013-11-06,20,424,31,455
2013-11-06,21,309,17,326
2013-11-06,22,216,15,231
2013-11-06,23,138,20,158
2013-11-07,0,52,9,61
2013-11-07,1,19,3,22
2013-11-07,2,12,8,20
2013-11-07,3,3,0,3
2013-11-07,4,8,0,8
2013-11-07,5,56,0,56
2013-11-07,6,225,6,231
2013-11-07,7,747,22,769
2013-11-07,8,1026,44,1070
2013-11-07,9,434,17,451
2013-11-07,10,218,27,245
2013-11-07,11,148,25,173
2013-11-07,12,157,18,175
2013-11-07,13,217,28,245
2013-11-07,14,245,38,283
2013-11-07,15,300,51,351
2013-11-07,16,464,57,521
2013-11-07,17,843,35,878
2013-11-07,18,782,31,813
2013-11-07,19,500,23,523
2013-11-07,20,386,15,401
2013-11-07,21,295,17,312
2013-11-07,22,222,8,230
2013-11-07,23,130,3,133
2013-11-08,0,66,5,71
2013-11-08,1,32,11,43
2013-11-08,2,13,1,14
2013-11-08,3,2,12,14
2013-11-08,4,8,6,14
2013-11-08,5,49,1,50
2013-11-08,6,140,1,141
2013-11-08,7,514,17,531
2013-11-08,8,869,27,896
2013-11-08,9,384,27,411
2013-11-08,10,208,52,260
2013-11-08,11,263,54,317
2013-11-08,12,283,66,349
2013-11-08,13,312,75,387
2013-11-08,14,259,69,328
2013-11-08,15,332,68,400
2013-11-08,16,459,62,521
2013-11-08,17,793,61,854
2013-11-08,18,641,37,678
2013-11-08,19,376,18,394
2013-11-08,20,284,17,301
2013-11-08,21,192,10,202
2013-11-08,22,174,19,193
2013-11-08,23,128,11,139
2013-11-09,0,110,12,122
2013-11-09,1,79,5,84
2013-11-09,2,56,6,62
2013-11-09,3,18,3,21
2013-11-09,4,7,1,8
2013-11-09,5,7,5,12
2013-11-09,6,27,0,27
2013-11-09,7,80,12,92
2013-11-09,8,189,41,230
2013-11-09,9,261,86,347
2013-11-09,10,332,123,455
2013-11-09,11,442,178,620
2013-11-09,12,468,245,713
2013-11-09,13,412,258,670
2013-11-09,14,435,252,687
2013-11-09,15,444,256,700
2013-11-09,16,435,268,703
2013-11-09,17,333,179,512
2013-11-09,18,274,60,334
2013-11-09,19,257,53,310
2013-11-09,20,197,30,227
2013-11-09,21,176,48,224
2013-11-09,22,148,38,186
2013-11-09,23,163,32,195
2013-11-10,0,143,17,160
2013-11-10,1,115,9,124
2013-11-10,2,77,13,90
2013-11-10,3,22,3,25
2013-11-10,4,6,1,7
2013-11-10,5,6,1,7
2013-11-10,6,25,2,27
2013-11-10,7,69,24,93
2013-11-10,8,125,35,160
2013-11-10,9,240,93,333
2013-11-10,10,347,144,491
2013-11-10,11,404,196,600
2013-11-10,12,511,249,760
2013-11-10,13,489,276,765
2013-11-10,14,444,257,701
2013-11-10,15,419,248,667
2013-11-10,16,396,201,597
2013-11-10,17,316,108,424
2013-11-10,18,241,67,308
2013-11-10,19,220,41,261
2013-11-10,20,154,33,187
2013-11-10,21,144,20,164
2013-11-10,22,129,17,146
2013-11-10,23,68,12,80
2013-11-11,0,42,7,49
2013-11-11,1,15,6,21
2013-11-11,2,10,0,10
2013-11-11,3,7,0,7
2013-11-11,4,6,0,6
2013-11-11,5,17,1,18
2013-11-11,6,84,3,87
2013-11-11,7,287,9,296
2013-11-11,8,604,40,644
2013-11-11,9,391,60,451
2013-11-11,10,308,75,383
2013-11-11,11,315,101,416
2013-11-11,12,323,121,444
2013-11-11,13,350,108,458
2013-11-11,14,314,96,410
2013-11-11,15,338,98,436
2013-11-11,16,396,69,465
2013-11-11,17,623,57,680
2013-11-11,18,611,35,646
2013-11-11,19,417,21,438
2013-11-11,20,299,21,320
2013-11-11,21,226,20,246
2013-11-11,22,162,17,179
2013-11-11,23,71,7,78
2013-11-12,0,33,4,37
2013-11-12,1,16,3,19
2013-11-12,2,4,1,5
2013-11-12,3,1,3,4
2013-11-12,4,7,0,7
2013-11-12,5,58,0,58
2013-11-12,6,177,2,179
2013-11-12,7,559,11,570
2013-11-12,8,865,22,887
2013-11-12,9,336,11,347
2013-11-12,10,125,8,133
2013-11-12,11,133,14,147
2013-11-12,12,196,11,207
2013-11-12,13,177,10,187
2013-11-12,14,149,17,166
2013-11-12,15,195,22,217
2013-11-12,16,361,18,379
2013-11-12,17,697,19,716
2013-11-12,18,620,15,635
2013-11-12,19,418,13,431
2013-11-12,20,275,12,287
2013-11-12,21,251,17,268
2013-11-12,22,128,24,152
2013-11-12,23,69,5,74
2013-11-13,0,29,3,32
2013-11-13,1,12,2,14
2013-11-13,2,6,1,7
2013-11-13,4,11,0,11
2013-11-13,5,48,1,49
2013-11-13,6,158,3,161
2013-11-13,7,526,10,536
2013-11-13,8,941,29,970
2013-11-13,9,366,23,389
2013-11-13,10,200,17,217
2013-11-13,11,146,16,162
2013-11-13,12,231,16,247
2013-11-13,13,212,22,234
2013-11-13,14,173,17,190
2013-11-13,15,193,12,205
2013-11-13,16,353,20,373
2013-11-13,17,702,16,718
2013-11-13,18,695,13,708
2013-11-13,19,429,22,451
2013-11-13,20,298,8,306
2013-11-13,21,249,11,260
2013-11-13,22,142,8,150
2013-11-13,23,66,10,76
2013-11-14,0,44,7,51
2013-11-14,1,11,1,12
2013-11-14,2,7,2,9
2013-11-14,3,1,0,1
2013-11-14,4,8,0,8
2013-11-14,5,41,0,41
2013-11-14,6,149,3,152
2013-11-14,7,522,9,531
2013-11-14,8,943,19,962
2013-11-14,9,395,23,418
2013-11-14,10,176,22,198
2013-11-14,11,189,27,216
2013-11-14,12,281,30,311
2013-11-14,13,272,37,309
2013-11-14,14,222,30,252
2013-11-14,15,257,37,294
2013-11-14,16,417,28,445
2013-11-14,17,764,32,796
2013-11-14,18,736,26,762
2013-11-14,19,483,12,495
2013-11-14,20,379,9,388
2013-11-14,21,278,12,290
2013-11-14,22,199,7,206
2013-11-14,23,121,5,126
2013-11-15,0,67,3,70
2013-11-15,1,31,2,33
2013-11-15,2,21,1,22
2013-11-15,3,7,0,7
2013-11-15,4,6,0,6
2013-11-15,5,51,0,51
2013-11-15,6,130,1,131
2013-11-15,7,516,6,522
2013-11-15,8,860,24,884
2013-11-15,9,388,30,418
2013-11-15,10,214,52,266
2013-11-15,11,238,54,292
2013-11-15,12,307,77,384
2013-11-15,13,311,85,396
2013-11-15,14,295,65,360
2013-11-15,15,334,112,446
2013-11-15,16,480,106,586
2013-11-15,17,814,67,881
2013-11-15,18,630,35,665
2013-11-15,19,438,28,466
2013-11-15,20,324,12,336
2013-11-15,21,224,11,235
2013-11-15,22,131,9,140
2013-11-15,23,72,2,74
2013-11-16,0,34,3,37
2013-11-16,1,42,0,42
2013-11-16,2,33,1,34
2013-11-16,3,13,0,13
2013-11-16,4,5,0,5
2013-11-16,5,6,1,7
2013-11-16,6,15,4,19
2013-11-16,7,59,9,68
2013-11-16,8,144,22,166
2013-11-16,9,264,48,312
2013-11-16,10,313,89,402
2013-11-16,11,425,102,527
2013-11-16,12,442,146,588
2013-11-16,13,471,162,633
2013-11-16,14,436,213,649
2013-11-16,15,439,205,644
2013-11-16,16,453,172,625
2013-11-16,17,352,117,469
2013-11-16,18,314,78,392
2013-11-16,19,247,45,292
2013-11-16,20,206,35,241
2013-11-16,21,197,24,221
2013-11-16,22,193,29,222
2013-11-16,23,172,24,196
2013-11-17,0,140,17,157
2013-11-17,1,123,21,144
2013-11-17,2,101,25,126
2013-11-17,3,38,12,50
2013-11-17,4,7,3,10
2013-11-17,5,6,1,7
2013-11-17,6,19,4,23
2013-11-17,7,46,12,58
2013-11-17,8,130,24,154
2013-11-17,9,222,52,274
2013-11-17,10,346,85,431
2013-11-17,11,440,175,615
2013-11-17,12,504,136,640
2013-11-17,13,468,142,610
2013-11-17,14,431,182,613
2013-11-17,15,464,169,633
2013-11-17,16,481,123,604
2013-11-17,17,412,93,505
2013-11-17,18,314,60,374
2013-11-17,19,252,36,288
2013-11-17,20,204,28,232
2013-11-17,21,162,17,179
2013-11-17,22,118,13,131
2013-11-17,23,71,16,87
2013-11-18,0,40,7,47
2013-11-18,1,10,3,13
2013-11-18,2,7,0,7
2013-11-18,3,1,3,4
2013-11-18,4,6,0,6
2013-11-18,5,37,0,37
2013-11-18,6,173,5,178
2013-11-18,7,573,4,577
2013-11-18,8,979,40,1019
2013-11-18,9,400,36,436
2013-11-18,10,198,63,261
2013-11-18,11,227,57,284
2013-11-18,12,305,47,352
2013-11-18,13,289,50,339
2013-11-18,14,233,71,304
2013-11-18,15,331,56,387
2013-11-18,16,463,53,516
2013-11-18,17,924,58,982
2013-11-18,18,873,58,931
2013-11-18,19,570,29,599
2013-11-18,20,361,28,389
2013-11-18,21,270,13,283
2013-11-18,22,171,11,182
2013-11-18,23,105,15,120
2013-11-19,0,33,3,36
2013-11-19,1,19,1,20
2013-11-19,2,6,2,8
2013-11-19,3,4,1,5
2013-11-19,4,9,0,9
2013-11-19,5,47,1,48
2013-11-19,6,182,5,187
2013-11-19,7,575,9,584
2013-11-19,8,1009,28,1037
2013-11-19,9,421,20,441
2013-11-19,10,185,26,211
2013-11-19,11,196,35,231
2013-11-19,12,249,33,282
2013-11-19,13,262,37,299
2013-11-19,14,206,37,243
2013-11-19,15,253,42,295
2013-11-19,16,431,31,462
2013-11-19,17,796,34,830
2013-11-19,18,726,20,746
2013-11-19,19,526,17,543
2013-11-19,20,328,17,345
2013-11-19,21,296,8,304
2013-11-19,22,171,15,186
2013-11-19,23,89,4,93
2013-11-20,0,43,2,45
2013-11-20,1,11,2,13
2013-11-20,2,8,1,9
2013-11-20,3,1,1,2
2013-11-20,4,10,0,10
2013-11-20,5,51,0,51
2013-11-20,6,181,1,182
2013-11-20,7,531,10,541
2013-11-20,8,932,22,954
2013-11-20,9,398,20,418
2013-11-20,10,192,26,218
2013-11-20,11,207,38,245
2013-11-20,12,260,38,298
2013-11-20,13,246,40,286
2013-11-20,14,233,53,286
2013-11-20,15,268,33,301
2013-11-20,16,406,41,447
2013-11-20,17,782,39,821
2013-11-20,18,713,30,743
2013-11-20,19,488,15,503
2013-11-20,20,346,16,362
2013-11-20,21,261,10,271
2013-11-20,22,203,8,211
2013-11-20,23,117,6,123
2013-11-21,0,42,1,43
2013-11-21,1,12,3,15
2013-11-21,2,13,1,14
2013-11-21,3,2,0,2
2013-11-21,4,9,0,9
2013-11-21,5,51,0,51
2013-11-21,6,166,1,167
2013-11-21,7,511,13,524
2013-11-21,8,926,19,945
2013-11-21,9,389,14,403
2013-11-21,10,212,30,242
2013-11-21,11,219,27,246
2013-11-21,12,264,38,302
2013-11-21,13,264,44,308
2013-11-21,14,213,36,249
2013-11-21,15,303,42,345
2013-11-21,16,413,41,454
2013-11-21,17,775,30,805
2013-11-21,18,745,37,782
2013-11-21,19,504,20,524
2013-11-21,20,389,22,411
2013-11-21,21,291,17,308
2013-11-21,22,196,16,212
2013-11-21,23,141,19,160
2013-11-22,0,81,7,88
2013-11-22,1,38,11,49
2013-11-22,2,14,1,15
2013-11-22,3,4,3,7
2013-11-22,4,8,0,8
2013-11-22,5,45,1,46
2013-11-22,6,159,2,161
2013-11-22,7,447,10,457
2013-11-22,8,972,19,991
2013-11-22,9,418,32,450
2013-11-22,10,236,41,277
2013-11-22,11,246,50,296
2013-11-22,12,329,65,394
2013-11-22,13,300,76,376
2013-11-22,14,299,70,369
2013-11-22,15,336,75,411
2013-11-22,16,467,62,529
2013-11-22,17,828,41,869
2013-11-22,18,694,38,732
2013-11-22,19,511,37,548
2013-11-22,20,284,17,301
2013-11-22,21,248,25,273
2013-11-22,22,269,9,278
2013-11-22,23,194,27,221
2013-11-23,0,149,14,163
2013-11-23,1,103,7,110
2013-11-23,2,80,7,87
2013-11-23,3,40,4,44
2013-11-23,4,8,1,9
2013-11-23,5,10,1,11
2013-11-23,6,19,5,24
2013-11-23,7,77,11,88
2013-11-23,8,125,23,148
2013-11-23,9,264,54,318
2013-11-23,10,332,91,423
2013-11-23,11,424,149,573
2013-11-23,12,431,147,578
2013-11-23,13,431,159,590
2013-11-23,14,410,147,557
2013-11-23,15,405,153,558
2013-11-23,16,314,112,426
2013-11-23,17,280,66,346
2013-11-23,18,259,36,295
2013-11-23,19,225,26,251
2013-11-23,20,150,21,171
2013-11-23,21,139,20,159
2013-11-23,22,99,9,108
2013-11-23,23,93,4,97
2013-11-24,0,85,3,88
2013-11-24,1,61,6,67
2013-11-24,2,55,5,60
2013-11-24,3,18,0,18
2013-11-24,4,8,3,11
2013-11-24,5,5,0,5
2013-11-24,6,8,3,11
2013-11-24,7,26,6,32
2013-11-24,8,62,6,68
2013-11-24,9,123,16,139
2013-11-24,10,167,36,203
2013-11-24,11,256,49,305
2013-11-24,12,254,34,288
2013-11-24,13,255,50,305
2013-11-24,14,199,29,228
2013-11-24,15,213,31,244
2013-11-24,16,247,31,278
2013-11-24,17,211,19,230
2013-11-24,18,156,9,165
2013-11-24,19,117,10,127
2013-11-24,20,95,13,108
2013-11-24,21,76,9,85
2013-11-24,22,73,0,73
2013-11-24,23,53,2,55
2013-11-25,0,22,2,24
2013-11-25,1,4,0,4
2013-11-25,2,1,1,2
2013-11-25,3,5,0,5
2013-11-25,4,5,1,6
2013-11-25,5,28,0,28
2013-11-25,6,120,0,120
2013-11-25,7,394,6,400
2013-11-25,8,730,9,739
2013-11-25,9,330,15,345
2013-11-25,10,141,21,162
2013-11-25,11,162,38,200
2013-11-25,12,203,26,229
2013-11-25,13,162,27,189
2013-11-25,14,174,27,201
2013-11-25,15,184,39,223
2013-11-25,16,351,27,378
2013-11-25,17,570,36,606
2013-11-25,18,496,11,507
2013-11-25,19,354,8,362
2013-11-25,20,203,7,210
2013-11-25,21,160,4,164
2013-11-25,22,87,2,89
2013-11-25,23,64,3,67
2013-11-26,0,27,0,27
2013-11-26,1,9,0,9
2013-11-26,2,8,0,8
2013-11-26,3,2,0,2
2013-11-26,4,5,1,6
2013-11-26,5,31,0,31
2013-11-26,6,137,6,143
2013-11-26,7,379,4,383
2013-11-26,8,348,7,355
2013-11-26,9,114,3,117
2013-11-26,10,42,4,46
2013-11-26,11,43,2,45
2013-11-26,12,48,7,55
2013-11-26,13,48,3,51
2013-11-26,14,46,1,47
2013-11-26,15,42,2,44
2013-11-26,16,87,2,89
2013-11-26,17,121,4,125
2013-11-26,18,135,3,138
2013-11-26,19,61,0,61
2013-11-26,20,32,1,33
2013-11-26,21,26,1,27
2013-11-26,22,21,0,21
2013-11-26,23,10,0,10
2013-11-27,0,6,0,6
2013-11-27,1,2,0,2
2013-11-27,2,2,0,2
2013-11-27,3,1,1,2
2013-11-27,4,8,0,8
2013-11-27,5,17,0,17
2013-11-27,6,34,0,34
2013-11-27,7,106,0,106
2013-11-27,8,339,6,345
2013-11-27,9,255,6,261
2013-11-27,10,77,4,81
2013-11-27,11,77,4,81
2013-11-27,12,73,1,74
2013-11-27,13,85,4,89
2013-11-27,14,102,2,104
2013-11-27,15,182,1,183
2013-11-27,16,166,0,166
2013-11-27,17,182,3,185
2013-11-27,18,159,2,161
2013-11-27,19,106,2,108
2013-11-27,20,80,0,80
2013-11-27,21,64,2,66
2013-11-27,22,39,2,41
2013-11-27,23,34,4,38
2013-11-28,0,15,2,17
2013-11-28,1,18,1,19
2013-11-28,2,16,3,19
2013-11-28,3,12,0,12
2013-11-28,4,8,0,8
2013-11-28,5,5,0,5
2013-11-28,6,23,1,24
2013-11-28,7,27,0,27
2013-11-28,8,65,9,74
2013-11-28,9,78,10,88
2013-11-28,10,110,19,129
2013-11-28,11,100,35,135
2013-11-28,12,98,44,142
2013-11-28,13,99,42,141
2013-11-28,14,102,62,164
2013-11-28,15,97,50,147
2013-11-28,16,70,37,107
2013-11-28,17,38,23,61
2013-11-28,18,29,7,36
2013-11-28,19,20,13,33
2013-11-28,20,38,13,51
2013-11-28,21,35,6,41
2013-11-28,22,41,3,44
2013-11-28,23,42,8,50
2013-11-29,0,16,1,17
2013-11-29,1,12,0,12
2013-11-29,2,5,0,5
2013-11-29,3,5,1,6
2013-11-29,4,1,1,2
2013-11-29,5,7,1,8
2013-11-29,6,27,4,31
2013-11-29,7,59,4,63
2013-11-29,8,119,15,134
2013-11-29,9,106,16,122
2013-11-29,10,100,35,135
2013-11-29,11,128,66,194
2013-11-29,12,161,83,244
2013-11-29,13,176,105,281
2013-11-29,14,192,112,304
2013-11-29,15,196,91,287
2013-11-29,16,222,84,306
2013-11-29,17,186,34,220
2013-11-29,18,113,13,126
2013-11-29,19,108,13,121
2013-11-29,20,84,9,93
2013-11-29,21,64,12,76
2013-11-29,22,58,19,77
2013-11-29,23,51,3,54
2013-11-30,0,25,4,29
2013-11-30,1,25,1,26
2013-11-30,2,22,4,26
2013-11-30,3,8,3,11
2013-11-30,4,4,1,5
2013-11-30,5,2,1,3
2013-11-30,6,13,1,14
2013-11-30,7,17,3,20
2013-11-30,8,52,14,66
2013-11-30,9,90,27,117
2013-11-30,10,124,50,174
2013-11-30,11,176,71,247
2013-11-30,12,174,68,242
2013-11-30,13,190,93,283
2013-11-30,14,190,101,291
2013-11-30,15,209,102,311
2013-11-30,16,189,86,275
2013-11-30,17,147,55,202
2013-11-30,18,109,37,146
2013-11-30,19,105,15,120
2013-11-30,20,100,24,124
2013-11-30,21,84,11,95
2013-11-30,22,97,7,104
2013-11-30,23,67,5,72
2013-12-01,0,52,1,53
2013-12-01,1,43,2,45
2013-12-01,2,25,3,28
2013-12-01,3,15,3,18
2013-12-01,4,7,1,8
2013-12-01,5,5,0,5
2013-12-01,6,15,0,15
2013-12-01,7,28,1,29
2013-12-01,8,68,4,72
2013-12-01,9,126,19,145
2013-12-01,10,182,28,210
2013-12-01,11,216,54,270
2013-12-01,12,260,80,340
2013-12-01,13,243,93,336
2013-12-01,14,302,88,390
2013-12-01,15,256,89,345
2013-12-01,16,288,53,341
2013-12-01,17,235,40,275
2013-12-01,18,175,44,219
2013-12-01,19,142,27,169
2013-12-01,20,103,6,109
2013-12-01,21,89,17,106
2013-12-01,22,76,1,77
2013-12-01,23,57,8,65
2013-12-02,0,26,1,27
2013-12-02,1,15,1,16
2013-12-02,2,8,3,11
2013-12-02,3,3,2,5
2013-12-02,4,10,1,11
2013-12-02,5,42,0,42
2013-12-02,6,158,2,160
2013-12-02,7,480,4,484
2013-12-02,8,844,15,859
2013-12-02,9,317,14,331
2013-12-02,10,153,12,165
2013-12-02,11,145,25,170
2013-12-02,12,230,18,248
2013-12-02,13,206,25,231
2013-12-02,14,179,27,206
2013-12-02,15,216,30,246
2013-12-02,16,379,26,405
2013-12-02,17,748,24,772
2013-12-02,18,627,17,644
2013-12-02,19,482,9,491
2013-12-02,20,315,7,322
2013-12-02,21,224,12,236
2013-12-02,22,120,7,127
2013-12-02,23,103,2,105
2013-12-03,0,36,3,39
2013-12-03,1,11,2,13
2013-12-03,2,6,0,6
2013-12-03,3,1,0,1
2013-12-03,4,9,0,9
2013-12-03,5,45,1,46
2013-12-03,6,174,4,178
2013-12-03,7,560,8,568
2013-12-03,8,942,15,957
2013-12-03,9,443,16,459
2013-12-03,10,187,19,206
2013-12-03,11,205,29,234
2013-12-03,12,270,41,311
2013-12-03,13,250,40,290
2013-12-03,14,209,30,239
2013-12-03,15,275,38,313
2013-12-03,16,449,42,491
2013-12-03,17,832,39,871
2013-12-03,18,743,21,764
2013-12-03,19,483,24,507
2013-12-03,20,346,19,365
2013-12-03,21,281,8,289
2013-12-03,22,170,12,182
2013-12-03,23,105,6,111
2013-12-04,0,43,0,43
2013-12-04,1,12,4,16
2013-12-04,2,17,0,17
2013-12-04,4,13,0,13
2013-12-04,5,49,1,50
2013-12-04,6,185,0,185
2013-12-04,7,556,12,568
2013-12-04,8,984,28,1012
2013-12-04,9,371,9,380
2013-12-04,10,205,27,232
2013-12-04,11,198,47,245
2013-12-04,12,255,28,283
2013-12-04,13,286,34,320
2013-12-04,14,227,43,270
2013-12-04,15,253,34,287
2013-12-04,16,427,48,475
2013-12-04,17,783,23,806
2013-12-04,18,781,31,812
2013-12-04,19,512,15,527
2013-12-04,20,352,21,373
2013-12-04,21,300,21,321
2013-12-04,22,203,10,213
2013-12-04,23,102,1,103
2013-12-05,0,63,2,65
2013-12-05,1,17,0,17
2013-12-05,2,9,0,9
2013-12-05,3,6,0,6
2013-12-05,4,10,0,10
2013-12-05,5,45,0,45
2013-12-05,6,210,7,217
2013-12-05,7,566,17,583
2013-12-05,8,922,27,949
2013-12-05,9,435,30,465
2013-12-05,10,210,31,241
2013-12-05,11,207,33,240
2013-12-05,12,293,51,344
2013-12-05,13,344,62,406
2013-12-05,14,264,47,311
2013-12-05,15,331,41,372
2013-12-05,16,477,54,531
2013-12-05,17,823,45,868
2013-12-05,18,775,26,801
2013-12-05,19,528,33,561
2013-12-05,20,391,32,423
2013-12-05,21,256,27,283
2013-12-05,22,218,12,230
2013-12-05,23,160,5,165
2013-12-06,0,89,10,99
2013-12-06,1,36,0,36
2013-12-06,2,16,1,17
2013-12-06,3,7,0,7
2013-12-06,4,7,0,7
2013-12-06,5,49,0,49
2013-12-06,6,115,2,117
2013-12-06,7,246,5,251
2013-12-06,8,520,13,533
2013-12-06,9,240,9,249
2013-12-06,10,140,20,160
2013-12-06,11,76,18,94
2013-12-06,12,84,15,99
2013-12-06,13,134,8,142
2013-12-06,14,78,4,82
2013-12-06,15,67,4,71
2013-12-06,16,120,3,123
2013-12-06,17,198,6,204
2013-12-06,18,176,1,177
2013-12-06,19,146,3,149
2013-12-06,20,111,4,115
2013-12-06,21,70,5,75
2013-12-06,22,30,14,44
2013-12-06,23,44,0,44
2013-12-07,0,29,0,29
2013-12-07,1,18,1,19
2013-12-07,2,47,2,49
2013-12-07,3,23,1,24
2013-12-07,4,8,0,8
2013-12-07,5,5,1,6
2013-12-07,6,18,6,24
2013-12-07,7,62,6,68
2013-12-07,8,130,11,141
2013-12-07,9,214,30,244
2013-12-07,10,301,44,345
2013-12-07,11,364,64,428
2013-12-07,12,370,63,433
2013-12-07,13,388,72,460
2013-12-07,14,352,62,414
2013-12-07,15,360,75,435
2013-12-07,16,325,39,364
2013-12-07,17,260,34,294
2013-12-07,18,237,26,263
2013-12-07,19,230,21,251
2013-12-07,20,167,6,173
2013-12-07,21,133,14,147
2013-12-07,22,131,10,141
2013-12-07,23,113,5,118
2013-12-08,0,131,8,139
2013-12-08,1,78,9,87
2013-12-08,2,62,1,63
2013-12-08,3,23,3,26
2013-12-08,4,6,0,6
2013-12-08,5,8,1,9
2013-12-08,6,9,1,10
2013-12-08,7,32,4,36
2013-12-08,8,85,3,88
2013-12-08,9,87,12,99
2013-12-08,10,117,12,129
2013-12-08,11,121,5,126
2013-12-08,12,111,7,118
2013-12-08,13,75,2,77
2013-12-08,14,48,2,50
2013-12-08,15,58,4,62
2013-12-08,16,37,4,41
2013-12-08,17,42,1,43
2013-12-08,18,39,3,42
2013-12-08,19,25,3,28
2013-12-08,20,26,2,28
2013-12-08,21,21,1,22
2013-12-08,22,10,0,10
2013-12-08,23,18,0,18
2013-12-09,0,3,0,3
2013-12-09,1,1,0,1
2013-12-09,2,4,0,4
2013-12-09,3,2,0,2
2013-12-09,4,3,2,5
2013-12-09,5,18,1,19
2013-12-09,6,37,1,38
2013-12-09,7,67,0,67
2013-12-09,8,149,2,151
2013-12-09,9,199,4,203
2013-12-09,10,177,2,179
2013-12-09,11,112,1,113
2013-12-09,12,103,0,103
2013-12-09,13,129,2,131
2013-12-09,14,106,7,113
2013-12-09,15,150,6,156
2013-12-09,16,237,9,246
2013-12-09,17,483,11,494
2013-12-09,18,477,7,484
2013-12-09,19,323,5,328
2013-12-09,20,237,2,239
2013-12-09,21,170,2,172
2013-12-09,22,122,1,123
2013-12-09,23,70,2,72
2013-12-10,0,31,2,33
2013-12-10,1,11,0,11
2013-12-10,2,0,1,1
2013-12-10,3,2,0,2
2013-12-10,4,7,0,7
2013-12-10,5,27,1,28
2013-12-10,6,61,0,61
2013-12-10,7,58,3,61
2013-12-10,8,91,1,92
2013-12-10,9,51,1,52
2013-12-10,10,49,5,54
2013-12-10,11,54,1,55
2013-12-10,12,103,4,107
2013-12-10,13,113,3,116
2013-12-10,14,145,5,150
2013-12-10,15,187,14,201
2013-12-10,16,232,15,247
2013-12-10,17,325,14,339
2013-12-10,18,338,8,346
2013-12-10,19,214,8,222
2013-12-10,20,174,6,180
2013-12-10,21,140,4,144
2013-12-10,22,126,1,127
2013-12-10,23,58,2,60
2013-12-11,0,35,0,35
2013-12-11,1,13,1,14
2013-12-11,2,5,0,5
2013-12-11,3,2,0,2
2013-12-11,4,4,0,4
2013-12-11,5,35,1,36
2013-12-11,6,115,2,117
2013-12-11,7,350,5,355
2013-12-11,8,721,15,736
2013-12-11,9,355,6,361
2013-12-11,10,131,16,147
2013-12-11,11,166,21,187
2013-12-11,12,194,19,213
2013-12-11,13,167,14,181
2013-12-11,14,159,14,173
2013-12-11,15,201,13,214
2013-12-11,16,325,26,351
2013-12-11,17,610,12,622
2013-12-11,18,558,14,572
2013-12-11,19,378,12,390
2013-12-11,20,286,13,299
2013-12-11,21,218,9,227
2013-12-11,22,138,4,142
2013-12-11,23,80,7,87
2013-12-12,0,41,1,42
2013-12-12,1,15,2,17
2013-12-12,2,7,0,7
2013-12-12,3,4,2,6
2013-12-12,4,3,0,3
2013-12-12,5,40,1,41
2013-12-12,6,132,1,133
2013-12-12,7,367,3,370
2013-12-12,8,691,13,704
2013-12-12,9,348,14,362
2013-12-12,10,167,11,178
2013-12-12,11,145,9,154
2013-12-12,12,159,8,167
2013-12-12,13,177,9,186
2013-12-12,14,145,10,155
2013-12-12,15,209,13,222
2013-12-12,16,314,10,324
2013-12-12,17,539,9,548
2013-12-12,18,470,10,480
2013-12-12,19,328,8,336
2013-12-12,20,243,10,253
2013-12-12,21,181,6,187
2013-12-12,22,134,6,140
2013-12-12,23,67,2,69
2013-12-13,0,53,0,53
2013-12-13,1,26,2,28
2013-12-13,2,10,1,11
2013-12-13,3,5,0,5
2013-12-13,4,4,0,4
2013-12-13,5,47,2,49
2013-12-13,6,114,0,114
2013-12-13,7,330,3,333
2013-12-13,8,694,6,700
2013-12-13,9,392,7,399
2013-12-13,10,182,14,196
2013-12-13,11,185,16,201
2013-12-13,12,225,19,244
2013-12-13,13,217,24,241
2013-12-13,14,221,19,240
2013-12-13,15,243,28,271
2013-12-13,16,371,32,403
2013-12-13,17,562,21,583
2013-12-13,18,498,13,511
2013-12-13,19,315,12,327
2013-12-13,20,222,7,229
2013-12-13,21,205,9,214
2013-12-13,22,155,6,161
2013-12-13,23,102,5,107
2013-12-14,0,100,12,112
2013-12-14,1,83,3,86
2013-12-14,2,46,4,50
2013-12-14,3,26,2,28
2013-12-14,4,3,1,4
2013-12-14,5,10,1,11
2013-12-14,6,13,1,14
2013-12-14,7,50,2,52
2013-12-14,8,128,12,140
2013-12-14,9,176,11,187
2013-12-14,10,238,24,262
2013-12-14,11,277,38,315
2013-12-14,12,315,36,351
2013-12-14,13,301,45,346
2013-12-14,14,240,19,259
2013-12-14,15,170,18,188
2013-12-14,16,59,7,66
2013-12-14,17,48,4,52
2013-12-14,18,47,3,50
2013-12-14,19,52,4,56
2013-12-14,20,30,4,34
2013-12-14,21,28,1,29
2013-12-14,22,46,1,47
2013-12-14,23,55,0,55
2013-12-15,0,63,1,64
2013-12-15,1,47,2,49
2013-12-15,2,66,2,68
2013-12-15,3,24,2,26
2013-12-15,4,7,2,9
2013-12-15,5,3,1,4
2013-12-15,6,11,0,11
2013-12-15,7,34,3,37
2013-12-15,8,75,7,82
2013-12-15,9,162,14,176
2013-12-15,10,240,44,284
2013-12-15,11,298,53,351
2013-12-15,12,390,59,449
2013-12-15,13,377,62,439
2013-12-15,14,339,81,420
2013-12-15,15,351,57,408
2013-12-15,16,347,52,399
2013-12-15,17,239,45,284
2013-12-15,18,192,14,206
2013-12-15,19,156,11,167
2013-12-15,20,112,15,127
2013-12-15,21,104,6,110
2013-12-15,22,77,5,82
2013-12-15,23,48,1,49
2013-12-16,0,38,2,40
2013-12-16,1,9,4,13
2013-12-16,2,3,1,4
2013-12-16,3,2,0,2
2013-12-16,4,6,2,8
2013-12-16,5,36,1,37
2013-12-16,6,150,1,151
2013-12-16,7,404,5,409
2013-12-16,8,761,8,769
2013-12-16,9,378,7,385
2013-12-16,10,138,11,149
2013-12-16,11,138,19,157
2013-12-16,12,204,28,232
2013-12-16,13,214,34,248
2013-12-16,14,172,10,182
2013-12-16,15,218,20,238
2013-12-16,16,305,20,325
2013-12-16,17,621,10,631
2013-12-16,18,531,12,543
2013-12-16,19,417,19,436
2013-12-16,20,244,5,249
2013-12-16,21,196,11,207
2013-12-16,22,115,6,121
2013-12-16,23,73,3,76
2013-12-17,0,29,1,30
2013-12-17,1,17,0,17
2013-12-17,2,3,0,3
2013-12-17,3,3,2,5
2013-12-17,4,6,0,6
2013-12-17,5,47,0,47
2013-12-17,6,162,1,163
2013-12-17,7,424,4,428
2013-12-17,8,840,6,846
2013-12-17,9,394,6,400
2013-12-17,10,179,13,192
2013-12-17,11,189,14,203
2013-12-17,12,193,16,209
2013-12-17,13,215,26,241
2013-12-17,14,171,12,183
2013-12-17,15,229,16,245
2013-12-17,16,325,17,342
2013-12-17,17,403,13,416
2013-12-17,18,387,16,403
2013-12-17,19,292,17,309
2013-12-17,20,248,4,252
2013-12-17,21,183,9,192
2013-12-17,22,124,3,127
2013-12-17,23,85,6,91
2013-12-18,0,31,2,33
2013-12-18,1,14,1,15
2013-12-18,2,7,0,7
2013-12-18,3,3,0,3
2013-12-18,4,5,0,5
2013-12-18,5,38,1,39
2013-12-18,6,136,0,136
2013-12-18,7,430,4,434
2013-12-18,8,763,12,775
2013-12-18,9,344,13,357
2013-12-18,10,139,22,161
2013-12-18,11,155,26,181
2013-12-18,12,194,20,214
2013-12-18,13,205,39,244
2013-12-18,14,182,15,197
2013-12-18,15,211,34,245
2013-12-18,16,343,35,378
2013-12-18,17,633,27,660
2013-12-18,18,553,11,564
2013-12-18,19,379,6,385
2013-12-18,20,292,5,297
2013-12-18,21,204,7,211
2013-12-18,22,131,5,136
2013-12-18,23,88,7,95
2013-12-19,0,28,1,29
2013-12-19,1,14,2,16
2013-12-19,2,10,0,10
2013-12-19,3,3,0,3
2013-12-19,4,6,0,6
2013-12-19,5,42,0,42
2013-12-19,6,134,2,136
2013-12-19,7,390,2,392
2013-12-19,8,759,10,769
2013-12-19,9,376,20,396
2013-12-19,10,158,19,177
2013-12-19,11,185,28,213
2013-12-19,12,262,52,314
2013-12-19,13,245,35,280
2013-12-19,14,224,58,282
2013-12-19,15,311,50,361
2013-12-19,16,386,51,437
2013-12-19,17,688,67,755
2013-12-19,18,697,10,707
2013-12-19,19,439,26,465
2013-12-19,20,291,14,305
2013-12-19,21,228,13,241
2013-12-19,22,175,10,185
2013-12-19,23,121,11,132
2013-12-20,0,74,8,82
2013-12-20,1,39,6,45
2013-12-20,2,14,7,21
2013-12-20,3,6,0,6
2013-12-20,4,5,1,6
2013-12-20,5,47,1,48
2013-12-20,6,127,2,129
2013-12-20,7,387,2,389
2013-12-20,8,680,20,700
2013-12-20,9,458,23,481
2013-12-20,10,188,34,222
2013-12-20,11,230,36,266
2013-12-20,12,298,53,351
2013-12-20,13,286,43,329
2013-12-20,14,254,60,314
2013-12-20,15,307,66,373
2013-12-20,16,419,54,473
2013-12-20,17,605,51,656
2013-12-20,18,474,19,493
2013-12-20,19,339,18,357
2013-12-20,20,226,28,254
2013-12-20,21,181,22,203
2013-12-20,22,162,18,180
2013-12-20,23,125,8,133
2013-12-21,0,102,11,113
2013-12-21,1,67,4,71
2013-12-21,2,63,8,71
2013-12-21,3,19,3,22
2013-12-21,4,2,2,4
2013-12-21,5,3,1,4
2013-12-21,6,18,3,21
2013-12-21,7,48,7,55
2013-12-21,8,102,21,123
2013-12-21,9,185,55,240
2013-12-21,10,262,73,335
2013-12-21,11,344,112,456
2013-12-21,12,350,142,492
2013-12-21,13,408,178,586
2013-12-21,14,455,220,675
2013-12-21,15,450,238,688
2013-12-21,16,397,241,638
2013-12-21,17,318,177,495
2013-12-21,18,260,103,363
2013-12-21,19,201,65,266
2013-12-21,20,145,61,206
2013-12-21,21,151,49,200
2013-12-21,22,137,37,174
2013-12-21,23,105,27,132
2013-12-22,0,75,38,113
2013-12-22,1,68,16,84
2013-12-22,2,41,1,42
2013-12-22,3,15,7,22
2013-12-22,4,3,5,8
2013-12-22,5,3,1,4
2013-12-22,6,11,0,11
2013-12-22,7,31,3,34
2013-12-22,8,45,6,51
2013-12-22,9,39,8,47
2013-12-22,10,74,22,96
2013-12-22,11,100,23,123
2013-12-22,12,158,45,203
2013-12-22,13,179,57,236
2013-12-22,14,203,76,279
2013-12-22,15,193,77,270
2013-12-22,16,233,90,323
2013-12-22,17,185,59,244
2013-12-22,18,115,36,151
2013-12-22,19,123,20,143
2013-12-22,20,101,17,118
2013-12-22,21,85,28,113
2013-12-22,22,44,14,58
2013-12-22,23,46,11,57
2013-12-23,0,13,4,17
2013-12-23,1,7,2,9
2013-12-23,2,1,0,1
2013-12-23,3,2,0,2
2013-12-23,4,2,0,2
2013-12-23,5,10,0,10
2013-12-23,6,27,1,28
2013-12-23,7,83,3,86
2013-12-23,8,109,8,117
2013-12-23,9,78,15,93
2013-12-23,10,28,8,36
2013-12-23,11,40,16,56
2013-12-23,12,58,14,72
2013-12-23,13,86,8,94
2013-12-23,14,129,9,138
2013-12-23,15,132,21,153
2013-12-23,16,172,9,181
2013-12-23,17,251,15,266
2013-12-23,18,205,5,210
2013-12-23,19,147,11,158
2013-12-23,20,104,4,108
2013-12-23,21,69,0,69
2013-12-23,22,48,4,52
2013-12-23,23,42,2,44
2013-12-24,0,25,1,26
2013-12-24,1,5,0,5
2013-12-24,2,2,0,2
2013-12-24,3,3,0,3
2013-12-24,4,7,0,7
2013-12-24,5,19,0,19
2013-12-24,6,55,2,57
2013-12-24,7,105,2,107
2013-12-24,8,203,5,208
2013-12-24,9,150,7,157
2013-12-24,10,100,34,134
2013-12-24,11,156,38,194
2013-12-24,12,168,50,218
2013-12-24,13,227,43,270
2013-12-24,14,206,23,229
2013-12-24,15,180,22,202
2013-12-24,16,144,11,155
2013-12-24,17,110,13,123
2013-12-24,18,63,10,73
2013-12-24,19,44,4,48
2013-12-24,20,31,2,33
2013-12-24,21,27,3,30
2013-12-24,22,15,5,20
2013-12-24,23,24,1,25
2013-12-25,0,6,0,6
2013-12-25,1,11,1,12
2013-12-25,2,1,0,1
2013-12-25,3,2,0,2
2013-12-25,5,3,1,4
2013-12-25,6,4,1,5
2013-12-25,7,6,0,6
2013-12-25,8,19,3,22
2013-12-25,9,24,18,42
2013-12-25,10,34,16,50
2013-12-25,11,51,37,88
2013-12-25,12,62,54,116
2013-12-25,13,61,61,122
2013-12-25,14,51,49,100
2013-12-25,15,55,36,91
2013-12-25,16,53,37,90
2013-12-25,17,43,11,54
2013-12-25,18,35,9,44
2013-12-25,19,37,7,44
2013-12-25,20,26,6,32
2013-12-25,21,26,5,31
2013-12-25,22,22,2,24
2013-12-25,23,15,0,15
2013-12-26,0,9,0,9
2013-12-26,1,2,0,2
2013-12-26,2,1,0,1
2013-12-26,4,2,0,2
2013-12-26,5,13,0,13
2013-12-26,6,28,0,28
2013-12-26,7,85,1,86
2013-12-26,8,157,1,158
2013-12-26,9,141,6,147
2013-12-26,10,75,16,91
2013-12-26,11,94,33,127
2013-12-26,12,133,54,187
2013-12-26,13,130,55,185
2013-12-26,14,110,48,158
2013-12-26,15,152,66,218
2013-12-26,16,177,64,241
2013-12-26,17,230,40,270
2013-12-26,18,159,12,171
2013-12-26,19,112,10,122
2013-12-26,20,80,7,87
2013-12-26,21,50,2,52
2013-12-26,22,46,6,52
2013-12-26,23,35,4,39
2013-12-27,0,19,0,19
2013-12-27,1,8,2,10
2013-12-27,2,6,1,7
2013-12-27,4,1,0,1
2013-12-27,5,22,1,23
2013-12-27,6,46,1,47
2013-12-27,7,126,2,128
2013-12-27,8,224,14,238
2013-12-27,9,181,22,203
2013-12-27,10,107,70,177
2013-12-27,11,133,98,231
2013-12-27,12,154,59,213
2013-12-27,13,178,91,269
2013-12-27,14,200,77,277
2013-12-27,15,181,87,268
2013-12-27,16,248,91,339
2013-12-27,17,301,66,367
2013-12-27,18,201,33,234
2013-12-27,19,139,26,165
2013-12-27,20,112,20,132
2013-12-27,21,66,17,83
2013-12-27,22,73,19,92
2013-12-27,23,58,3,61
2013-12-28,0,47,1,48
2013-12-28,1,34,5,39
2013-12-28,2,20,1,21
2013-12-28,3,4,2,6
2013-12-28,4,5,0,5
2013-12-28,5,5,0,5
2013-12-28,6,10,1,11
2013-12-28,7,27,4,31
2013-12-28,8,49,8,57
2013-12-28,9,86,48,134
2013-12-28,10,133,109,242
2013-12-28,11,155,158,313
2013-12-28,12,194,219,413
2013-12-28,13,219,217,436
2013-12-28,14,257,287,544
2013-12-28,15,222,262,484
2013-12-28,16,233,240,473
2013-12-28,17,190,151,341
2013-12-28,18,151,86,237
2013-12-28,19,107,52,159
2013-12-28,20,88,27,115
2013-12-28,21,115,35,150
2013-12-28,22,70,19,89
2013-12-28,23,64,4,68
2013-12-29,0,46,9,55
2013-12-29,1,46,15,61
2013-12-29,2,26,1,27
2013-12-29,3,17,1,18
2013-12-29,4,3,1,4
2013-12-29,5,1,0,1
2013-12-29,6,1,1,2
2013-12-29,7,10,2,12
2013-12-29,8,11,0,11
2013-12-29,9,16,2,18
2013-12-29,10,19,5,24
2013-12-29,11,20,1,21
2013-12-29,12,17,1,18
2013-12-29,13,34,12,46
2013-12-29,14,76,24,100
2013-12-29,15,112,20,132
2013-12-29,16,145,37,182
2013-12-29,17,133,22,155
2013-12-29,18,116,35,151
2013-12-29,19,83,20,103
2013-12-29,20,60,18,78
2013-12-29,21,67,31,98
2013-12-29,22,63,18,81
2013-12-29,23,32,11,43
2013-12-30,0,19,12,31
2013-12-30,1,11,2,13
2013-12-30,2,5,0,5
2013-12-30,3,3,0,3
2013-12-30,4,4,1,5
2013-12-30,5,27,0,27
2013-12-30,6,90,0,90
2013-12-30,7,229,3,232
2013-12-30,8,397,16,413
2013-12-30,9,259,46,305
2013-12-30,10,140,51,191
2013-12-30,11,160,58,218
2013-12-30,12,166,67,233
2013-12-30,13,186,71,257
2013-12-30,14,170,78,248
2013-12-30,15,210,75,285
2013-12-30,16,267,73,340
2013-12-30,17,426,45,471
2013-12-30,18,343,22,365
2013-12-30,19,234,13,247
2013-12-30,20,122,15,137
2013-12-30,21,86,17,103
2013-12-30,22,73,5,78
2013-12-30,23,55,4,59
2013-12-31,0,25,0,25
2013-12-31,1,14,0,14
2013-12-31,2,6,2,8
2013-12-31,3,1,0,1
2013-12-31,4,6,1,7
2013-12-31,5,17,1,18
2013-12-31,6,64,0,64
2013-12-31,7,183,2,185
2013-12-31,8,396,15,411
2013-12-31,9,255,28,283
2013-12-31,10,151,38,189
2013-12-31,11,164,72,236
2013-12-31,12,230,53,283
2013-12-31,13,264,48,312
2013-12-31,14,295,58,353
2013-12-31,15,364,74,438
2013-12-31,16,310,61,371
2013-12-31,17,230,22,252
2013-12-31,18,181,15,196
2013-12-31,19,143,7,150
2013-12-31,20,87,13,100
2013-12-31,21,87,11,98
2013-12-31,22,68,4,72
2013-12-31,23,54,6,60
2014-01-01,0,63,4,67
2014-01-01,1,99,5,104
2014-01-01,2,97,24,121
2014-01-01,3,51,13,64
2014-01-01,4,10,0,10
2014-01-01,5,11,0,11
2014-01-01,6,10,0,10
2014-01-01,7,10,0,10
2014-01-01,8,25,1,26
2014-01-01,9,55,12,67
2014-01-01,10,72,20,92
2014-01-01,11,142,37,179
2014-01-01,12,193,67,260
2014-01-01,13,188,94,282
2014-01-01,14,215,121,336
2014-01-01,15,187,107,294
2014-01-01,16,200,81,281
2014-01-01,17,155,53,208
2014-01-01,18,130,17,147
2014-01-01,19,116,23,139
2014-01-01,20,83,22,105
2014-01-01,21,85,6,91
2014-01-01,22,51,16,67
2014-01-01,23,33,7,40
2014-01-02,0,14,2,16
2014-01-02,1,2,0,2
2014-01-02,2,1,0,1
2014-01-02,4,1,0,1
2014-01-02,5,21,3,24
2014-01-02,6,108,1,109
2014-01-02,7,267,5,272
2014-01-02,8,585,10,595
2014-01-02,9,324,15,339
2014-01-02,10,115,19,134
2014-01-02,11,130,19,149
2014-01-02,12,170,28,198
2014-01-02,13,180,43,223
2014-01-02,14,176,45,221
2014-01-02,15,196,40,236
2014-01-02,16,190,17,207
2014-01-02,17,234,21,255
2014-01-02,18,160,10,170
2014-01-02,19,65,7,72
2014-01-02,20,42,0,42
2014-01-02,21,21,2,23
2014-01-02,22,14,1,15
2014-01-02,23,12,0,12
2014-01-03,0,6,1,7
2014-01-03,1,6,3,9
2014-01-03,2,3,0,3
2014-01-03,4,2,0,2
2014-01-03,5,11,0,11
2014-01-03,6,17,1,18
2014-01-03,7,51,0,51
2014-01-03,8,130,2,132
2014-01-03,9,99,2,101
2014-01-03,10,45,14,59
2014-01-03,11,49,4,53
2014-01-03,12,71,0,71
2014-01-03,13,71,6,77
2014-01-03,14,70,9,79
2014-01-03,15,96,11,107
2014-01-03,16,111,8,119
2014-01-03,17,215,7,222
2014-01-03,18,192,2,194
2014-01-03,19,98,5,103
2014-01-03,20,67,0,67
2014-01-03,21,53,0,53
2014-01-03,22,40,0,40
2014-01-03,23,30,0,30
2014-01-04,0,20,1,21
2014-01-04,1,16,0,16
2014-01-04,2,13,0,13
2014-01-04,3,6,2,8
2014-01-04,4,1,0,1
2014-01-04,5,6,0,6
2014-01-04,6,4,0,4
2014-01-04,7,21,1,22
2014-01-04,8,52,1,53
2014-01-04,9,91,4,95
2014-01-04,10,117,11,128
2014-01-04,11,167,12,179
2014-01-04,12,177,15,192
2014-01-04,13,155,12,167
2014-01-04,14,164,21,185
2014-01-04,15,192,23,215
2014-01-04,16,194,6,200
2014-01-04,17,137,14,151
2014-01-04,18,142,7,149
2014-01-04,19,127,4,131
2014-01-04,20,89,6,95
2014-01-04,21,73,3,76
2014-01-04,22,61,9,70
2014-01-04,23,59,6,65
2014-01-05,0,59,5,64
2014-01-05,1,44,1,45
2014-01-05,2,34,1,35
2014-01-05,3,19,0,19
2014-01-05,4,4,0,4
2014-01-05,5,3,0,3
2014-01-05,6,2,0,2
2014-01-05,7,14,3,17
2014-01-05,8,21,0,21
2014-01-05,9,43,0,43
2014-01-05,10,84,1,85
2014-01-05,11,120,6,126
2014-01-05,12,145,11,156
2014-01-05,13,175,13,188
2014-01-05,14,161,13,174
2014-01-05,15,163,28,191
2014-01-05,16,214,20,234
2014-01-05,17,193,16,209
2014-01-05,18,99,8,107
2014-01-05,19,101,3,104
2014-01-05,20,112,0,112
2014-01-05,21,53,2,55
2014-01-05,22,31,2,33
2014-01-05,23,31,2,33
2014-01-06,0,15,0,15
2014-01-06,1,4,0,4
2014-01-06,2,2,0,2
2014-01-06,3,2,0,2
2014-01-06,4,2,0,2
2014-01-06,5,15,0,15
2014-01-06,6,81,0,81
2014-01-06,7,168,3,171
2014-01-06,8,594,5,599
2014-01-06,9,235,6,241
2014-01-06,10,104,7,111
2014-01-06,11,103,10,113
2014-01-06,12,143,14,157
2014-01-06,13,147,7,154
2014-01-06,14,115,11,126
2014-01-06,15,171,10,181
2014-01-06,16,244,9,253
2014-01-06,17,466,13,479
2014-01-06,18,359,10,369
2014-01-06,19,207,4,211
2014-01-06,20,88,8,96
2014-01-06,21,75,4,79
2014-01-06,22,26,1,27
2014-01-06,23,18,1,19
2014-01-07,0,18,0,18
2014-01-07,1,4,0,4
2014-01-07,2,1,0,1
2014-01-07,3,1,0,1
2014-01-07,4,2,0,2
2014-01-07,5,23,0,23
2014-01-07,6,49,0,49
2014-01-07,7,143,4,147
2014-01-07,8,303,4,307
2014-01-07,9,205,2,207
2014-01-07,10,65,3,68
2014-01-07,11,46,3,49
2014-01-07,12,76,0,76
2014-01-07,13,67,1,68
2014-01-07,14,69,2,71
2014-01-07,15,71,4,75
2014-01-07,16,136,0,136
2014-01-07,17,274,1,275
2014-01-07,18,274,2,276
2014-01-07,19,172,1,173
2014-01-07,20,93,0,93
2014-01-07,21,68,1,69
2014-01-07,22,56,1,57
2014-01-07,23,37,0,37
2014-01-08,0,8,0,8
2014-01-08,1,1,0,1
2014-01-08,2,1,0,1
2014-01-08,3,1,0,1
2014-01-08,4,3,0,3
2014-01-08,5,23,0,23
2014-01-08,6,91,1,92
2014-01-08,7,208,2,210
2014-01-08,8,537,4,541
2014-01-08,9,295,2,297
2014-01-08,10,83,4,87
2014-01-08,11,107,7,114
2014-01-08,12,127,8,135
2014-01-08,13,125,4,129
2014-01-08,14,129,8,137
2014-01-08,15,143,4,147
2014-01-08,16,224,10,234
2014-01-08,17,493,6,499
2014-01-08,18,432,8,440
2014-01-08,19,324,4,328
2014-01-08,20,171,1,172
2014-01-08,21,120,0,120
2014-01-08,22,77,1,78
2014-01-08,23,57,1,58
2014-01-09,0,11,1,12
2014-01-09,1,4,1,5
2014-01-09,2,1,1,2
2014-01-09,3,3,0,3
2014-01-09,4,2,0,2
2014-01-09,5,35,0,35
2014-01-09,6,128,2,130
2014-01-09,7,324,2,326
2014-01-09,8,738,5,743
2014-01-09,9,343,3,346
2014-01-09,10,133,17,150
2014-01-09,11,115,19,134
2014-01-09,12,187,34,221
2014-01-09,13,188,28,216
2014-01-09,14,155,11,166
2014-01-09,15,195,21,216
2014-01-09,16,269,16,285
2014-01-09,17,533,8,541
2014-01-09,18,468,8,476
2014-01-09,19,343,3,346
2014-01-09,20,247,2,249
2014-01-09,21,162,4,166
2014-01-09,22,109,2,111
2014-01-09,23,65,2,67
2014-01-10,0,40,2,42
2014-01-10,1,9,0,9
2014-01-10,2,7,0,7
2014-01-10,3,3,0,3
2014-01-10,4,3,0,3
2014-01-10,5,20,0,20
2014-01-10,6,39,0,39
2014-01-10,7,76,1,77
2014-01-10,8,131,0,131
2014-01-10,9,95,2,97
2014-01-10,10,35,0,35
2014-01-10,11,65,5,70
2014-01-10,12,123,3,126
2014-01-10,13,78,8,86
2014-01-10,14,54,6,60
2014-01-10,15,98,14,112
2014-01-10,16,102,5,107
2014-01-10,17,206,9,215
2014-01-10,18,179,7,186
2014-01-10,19,85,3,88
2014-01-10,20,114,6,120
2014-01-10,21,75,1,76
2014-01-10,22,70,2,72
2014-01-10,23,55,7,62
2014-01-11,0,62,2,64
2014-01-11,1,47,6,53
2014-01-11,2,29,1,30
2014-01-11,3,16,0,16
2014-01-11,4,6,0,6
2014-01-11,5,5,0,5
2014-01-11,6,3,0,3
2014-01-11,7,22,0,22
2014-01-11,8,57,3,60
2014-01-11,9,110,2,112
2014-01-11,10,62,0,62
2014-01-11,11,73,1,74
2014-01-11,12,85,1,86
2014-01-11,13,94,0,94
2014-01-11,14,119,6,125
2014-01-11,15,114,4,118
2014-01-11,16,84,2,86
2014-01-11,17,113,1,114
2014-01-11,18,148,8,156
2014-01-11,19,172,20,192
2014-01-11,20,119,23,142
2014-01-11,21,114,7,121
2014-01-11,22,96,5,101
2014-01-11,23,108,5,113
2014-01-12,0,102,3,105
2014-01-12,1,85,4,89
2014-01-12,2,65,3,68
2014-01-12,3,29,0,29
2014-01-12,4,8,0,8
2014-01-12,5,3,1,4
2014-01-12,6,7,4,11
2014-01-12,7,28,7,35
2014-01-12,8,80,27,107
2014-01-12,9,163,21,184
2014-01-12,10,247,67,314
2014-01-12,11,322,66,388
2014-01-12,12,392,110,502
2014-01-12,13,411,135,546
2014-01-12,14,389,137,526
2014-01-12,15,424,110,534
2014-01-12,16,447,90,537
2014-01-12,17,314,71,385
2014-01-12,18,278,44,322
2014-01-12,19,197,34,231
2014-01-12,20,183,34,217
2014-01-12,21,117,14,131
2014-01-12,22,73,11,84
2014-01-12,23,50,6,56
2014-01-13,0,14,3,17
2014-01-13,1,6,2,8
2014-01-13,2,5,4,9
2014-01-13,3,1,0,1
2014-01-13,4,4,0,4
2014-01-13,5,36,0,36
2014-01-13,6,137,2,139
2014-01-13,7,410,27,437
2014-01-13,8,799,20,819
2014-01-13,9,355,32,387
2014-01-13,10,130,44,174
2014-01-13,11,174,43,217
2014-01-13,12,267,65,332
2014-01-13,13,265,67,332
2014-01-13,14,198,63,261
2014-01-13,15,217,88,305
2014-01-13,16,401,65,466
2014-01-13,17,783,67,850
2014-01-13,18,686,21,707
2014-01-13,19,488,39,527
2014-01-13,20,319,26,345
2014-01-13,21,228,28,256
2014-01-13,22,142,18,160
2014-01-13,23,64,8,72
2014-01-14,0,24,8,32
2014-01-14,1,9,2,11
2014-01-14,2,2,0,2
2014-01-14,3,1,1,2
2014-01-14,4,3,0,3
2014-01-14,5,44,1,45
2014-01-14,6,137,3,140
2014-01-14,7,293,11,304
2014-01-14,8,736,33,769
2014-01-14,9,311,36,347
2014-01-14,10,91,17,108
2014-01-14,11,56,5,61
2014-01-14,12,44,4,48
2014-01-14,13,39,5,44
2014-01-14,14,70,10,80
2014-01-14,15,154,21,175
2014-01-14,16,286,31,317
2014-01-14,17,603,35,638
2014-01-14,18,649,28,677
2014-01-14,19,407,41,448
2014-01-14,20,299,18,317
2014-01-14,21,218,18,236
2014-01-14,22,164,14,178
2014-01-14,23,74,3,77
2014-01-15,0,30,4,34
2014-01-15,1,11,2,13
2014-01-15,2,8,2,10
2014-01-15,4,2,0,2
2014-01-15,5,37,1,38
2014-01-15,6,136,2,138
2014-01-15,7,417,16,433
2014-01-15,8,804,18,822
2014-01-15,9,357,29,386
2014-01-15,10,151,21,172
2014-01-15,11,175,31,206
2014-01-15,12,224,48,272
2014-01-15,13,197,45,242
2014-01-15,14,194,50,244
2014-01-15,15,241,50,291
2014-01-15,16,393,36,429
2014-01-15,17,735,59,794
2014-01-15,18,681,35,716
2014-01-15,19,427,20,447
2014-01-15,20,292,19,311
2014-01-15,21,204,10,214
2014-01-15,22,154,10,164
2014-01-15,23,73,8,81
2014-01-16,0,37,3,40
2014-01-16,1,6,2,8
2014-01-16,2,5,0,5
2014-01-16,3,3,0,3
2014-01-16,4,4,2,6
2014-01-16,5,42,2,44
2014-01-16,6,143,2,145
2014-01-16,7,406,6,412
2014-01-16,8,831,23,854
2014-01-16,9,374,25,399
2014-01-16,10,143,19,162
2014-01-16,11,145,41,186
2014-01-16,12,198,32,230
2014-01-16,13,195,45,240
2014-01-16,14,152,41,193
2014-01-16,15,210,31,241
2014-01-16,16,349,28,377
2014-01-16,17,636,20,656
2014-01-16,18,648,26,674
2014-01-16,19,399,16,415
2014-01-16,20,276,5,281
2014-01-16,21,195,7,202
2014-01-16,22,142,3,145
2014-01-16,23,92,6,98
2014-01-17,0,45,6,51
2014-01-17,1,13,1,14
2014-01-17,2,10,2,12
2014-01-17,3,2,0,2
2014-01-17,4,3,0,3
2014-01-17,5,35,1,36
2014-01-17,6,118,1,119
2014-01-17,7,347,2,349
2014-01-17,8,771,10,781
2014-01-17,9,396,10,406
2014-01-17,10,172,27,199
2014-01-17,11,190,24,214
2014-01-17,12,255,41,296
2014-01-17,13,260,54,314
2014-01-17,14,242,64,306
2014-01-17,15,265,63,328
2014-01-17,16,384,78,462
2014-01-17,17,632,52,684
2014-01-17,18,530,29,559
2014-01-17,19,347,21,368
2014-01-17,20,212,13,225
2014-01-17,21,156,16,172
2014-01-17,22,120,12,132
2014-01-17,23,101,5,106
2014-01-18,0,87,7,94
2014-01-18,1,74,5,79
2014-01-18,2,32,4,36
2014-01-18,3,21,1,22
2014-01-18,4,8,0,8
2014-01-18,5,5,0,5
2014-01-18,6,16,0,16
2014-01-18,7,42,3,45
2014-01-18,8,85,7,92
2014-01-18,9,152,27,179
2014-01-18,10,211,46,257
2014-01-18,11,263,36,299
2014-01-18,12,237,49,286
2014-01-18,13,237,36,273
2014-01-18,14,193,48,241
2014-01-18,15,216,53,269
2014-01-18,16,219,31,250
2014-01-18,17,181,28,209
2014-01-18,18,143,7,150
2014-01-18,19,135,7,142
2014-01-18,20,122,4,126
2014-01-18,21,87,6,93
2014-01-18,22,58,2,60
2014-01-18,23,65,3,68
2014-01-19,0,60,3,63
2014-01-19,1,50,0,50
2014-01-19,2,44,3,47
2014-01-19,3,18,0,18
2014-01-19,4,3,0,3
2014-01-19,5,1,2,3
2014-01-19,6,6,1,7
2014-01-19,7,19,2,21
2014-01-19,8,55,2,57
2014-01-19,9,93,20,113
2014-01-19,10,190,35,225
2014-01-19,11,262,64,326
2014-01-19,12,315,99,414
2014-01-19,13,308,83,391
2014-01-19,14,350,79,429
2014-01-19,15,281,109,390
2014-01-19,16,264,73,337
2014-01-19,17,249,61,310
2014-01-19,18,236,23,259
2014-01-19,19,145,11,156
2014-01-19,20,126,10,136
2014-01-19,21,116,12,128
2014-01-19,22,125,17,142
2014-01-19,23,63,11,74
2014-01-20,0,43,5,48
2014-01-20,1,28,4,32
2014-01-20,2,14,1,15
2014-01-20,3,7,0,7
2014-01-20,4,3,0,3
2014-01-20,5,7,0,7
2014-01-20,6,40,2,42
2014-01-20,7,72,2,74
2014-01-20,8,137,8,145
2014-01-20,9,165,6,171
2014-01-20,10,190,54,244
2014-01-20,11,281,67,348
2014-01-20,12,357,118,475
2014-01-20,13,441,100,541
2014-01-20,14,369,113,482
2014-01-20,15,402,154,556
2014-01-20,16,422,119,541
2014-01-20,17,408,58,466
2014-01-20,18,323,32,355
2014-01-20,19,230,18,248
2014-01-20,20,190,5,195
2014-01-20,21,148,4,152
2014-01-20,22,97,6,103
2014-01-20,23,62,4,66
2014-01-21,0,24,4,28
2014-01-21,1,8,2,10
2014-01-21,3,1,0,1
2014-01-21,4,5,0,5
2014-01-21,5,38,1,39
2014-01-21,6,89,1,90
2014-01-21,7,185,2,187
2014-01-21,8,369,6,375
2014-01-21,9,258,5,263
2014-01-21,10,157,7,164
2014-01-21,11,105,6,111
2014-01-21,12,65,3,68
2014-01-21,13,60,0,60
2014-01-21,14,43,0,43
2014-01-21,15,52,2,54
2014-01-21,16,48,1,49
2014-01-21,17,51,0,51
2014-01-21,18,48,2,50
2014-01-21,19,21,0,21
2014-01-21,20,32,0,32
2014-01-21,21,16,0,16
2014-01-21,22,14,1,15
2014-01-21,23,13,2,15
2014-01-22,0,7,0,7
2014-01-22,1,4,1,5
2014-01-22,2,3,0,3
2014-01-22,3,0,1,1
2014-01-22,5,7,0,7
2014-01-22,6,19,0,19
2014-01-22,7,27,0,27
2014-01-22,8,94,0,94
2014-01-22,9,120,1,121
2014-01-22,10,83,1,84
2014-01-22,11,44,0,44
2014-01-22,12,46,0,46
2014-01-22,13,56,0,56
2014-01-22,14,45,0,45
2014-01-22,15,56,1,57
2014-01-22,16,98,1,99
2014-01-22,17,190,1,191
2014-01-22,18,164,2,166
2014-01-22,19,137,2,139
2014-01-22,20,89,0,89
2014-01-22,21,65,0,65
2014-01-22,22,36,0,36
2014-01-22,23,23,2,25
2014-01-23,0,9,0,9
2014-01-23,1,1,0,1
2014-01-23,2,1,0,1
2014-01-23,3,1,0,1
2014-01-23,4,1,0,1
2014-01-23,5,19,0,19
2014-01-23,6,50,0,50
2014-01-23,7,146,0,146
2014-01-23,8,341,2,343
2014-01-23,9,181,3,184
2014-01-23,10,75,1,76
2014-01-23,11,82,2,84
2014-01-23,12,87,6,93
2014-01-23,13,91,4,95
2014-01-23,14,97,4,101
2014-01-23,15,94,2,96
2014-01-23,16,115,2,117
2014-01-23,17,302,5,307
2014-01-23,18,259,1,260
2014-01-23,19,163,1,164
2014-01-23,20,119,1,120
2014-01-23,21,79,0,79
2014-01-23,22,53,0,53
2014-01-23,23,26,0,26
2014-01-24,0,13,1,14
2014-01-24,1,3,0,3
2014-01-24,2,5,0,5
2014-01-24,3,2,0,2
2014-01-24,4,1,0,1
2014-01-24,5,21,0,21
2014-01-24,6,60,0,60
2014-01-24,7,139,2,141
2014-01-24,8,327,4,331
2014-01-24,9,201,5,206
2014-01-24,10,94,2,96
2014-01-24,11,102,2,104
2014-01-24,12,105,1,106
2014-01-24,13,111,2,113
2014-01-24,14,107,7,114
2014-01-24,15,130,1,131
2014-01-24,16,161,0,161
2014-01-24,17,326,5,331
2014-01-24,18,246,2,248
2014-01-24,19,161,3,164
2014-01-24,20,98,1,99
2014-01-24,21,78,1,79
2014-01-24,22,54,0,54
2014-01-24,23,38,1,39
2014-01-25,0,34,0,34
2014-01-25,1,39,1,40
2014-01-25,2,27,2,29
2014-01-25,3,7,0,7
2014-01-25,4,2,0,2
2014-01-25,5,3,0,3
2014-01-25,6,11,0,11
2014-01-25,7,24,0,24
2014-01-25,8,75,0,75
2014-01-25,9,76,0,76
2014-01-25,10,141,0,141
2014-01-25,11,168,4,172
2014-01-25,12,156,5,161
2014-01-25,13,179,3,182
2014-01-25,14,156,13,169
2014-01-25,15,174,8,182
2014-01-25,16,168,22,190
2014-01-25,17,173,13,186
2014-01-25,18,132,7,139
2014-01-25,19,127,4,131
2014-01-25,20,86,3,89
2014-01-25,21,68,4,72
2014-01-25,22,73,2,75
2014-01-25,23,67,2,69
2014-01-26,0,64,1,65
2014-01-26,1,42,1,43
2014-01-26,2,32,0,32
2014-01-26,3,17,0,17
2014-01-26,4,3,0,3
2014-01-26,5,2,0,2
2014-01-26,6,4,0,4
2014-01-26,7,18,1,19
2014-01-26,8,48,1,49
2014-01-26,9,97,3,100
2014-01-26,10,148,8,156
2014-01-26,11,218,21,239
2014-01-26,12,219,14,233
2014-01-26,13,236,13,249
2014-01-26,14,193,17,210
2014-01-26,15,201,14,215
2014-01-26,16,202,21,223
2014-01-26,17,203,6,209
2014-01-26,18,136,6,142
2014-01-26,19,113,0,113
2014-01-26,20,77,0,77
2014-01-26,21,71,3,74
2014-01-26,22,46,0,46
2014-01-26,23,34,0,34
2014-01-27,0,17,0,17
2014-01-27,1,4,0,4
2014-01-27,2,3,0,3
2014-01-27,3,3,0,3
2014-01-27,4,5,0,5
2014-01-27,5,29,1,30
2014-01-27,6,126,0,126
2014-01-27,7,334,4,338
2014-01-27,8,707,3,710
2014-01-27,9,373,8,381
2014-01-27,10,127,12,139
2014-01-27,11,126,3,129
2014-01-27,12,185,6,191
2014-01-27,13,164,4,168
2014-01-27,14,158,5,163
2014-01-27,15,164,3,167
2014-01-27,16,248,2,250
2014-01-27,17,512,8,520
2014-01-27,18,424,6,430
2014-01-27,19,264,2,266
2014-01-27,20,213,1,214
2014-01-27,21,117,0,117
2014-01-27,22,72,1,73
2014-01-27,23,40,0,40
2014-01-28,0,11,0,11
2014-01-28,1,9,0,9
2014-01-28,2,1,0,1
2014-01-28,4,4,0,4
2014-01-28,5,27,0,27
2014-01-28,6,91,1,92
2014-01-28,7,222,1,223
2014-01-28,8,495,2,497
2014-01-28,9,227,4,231
2014-01-28,10,81,5,86
2014-01-28,11,71,4,75
2014-01-28,12,110,0,110
2014-01-28,13,104,2,106
2014-01-28,14,88,5,93
2014-01-28,15,115,2,117
2014-01-28,16,174,3,177
2014-01-28,17,358,4,362
2014-01-28,18,345,2,347
2014-01-28,19,214,1,215
2014-01-28,20,155,2,157
2014-01-28,21,102,0,102
2014-01-28,22,54,1,55
2014-01-28,23,32,0,32
2014-01-29,0,15,0,15
2014-01-29,1,2,0,2
2014-01-29,4,2,0,2
2014-01-29,5,18,0,18
2014-01-29,6,58,0,58
2014-01-29,7,145,0,145
2014-01-29,8,368,5,373
2014-01-29,9,228,2,230
2014-01-29,10,98,2,100
2014-01-29,11,93,2,95
2014-01-29,12,102,3,105
2014-01-29,13,102,5,107
2014-01-29,14,92,6,98
2014-01-29,15,119,8,127
2014-01-29,16,187,6,193
2014-01-29,17,395,3,398
2014-01-29,18,397,5,402
2014-01-29,19,239,5,244
2014-01-29,20,172,3,175
2014-01-29,21,119,2,121
2014-01-29,22,104,1,105
2014-01-29,23,47,0,47
2014-01-30,0,21,1,22
2014-01-30,1,13,0,13
2014-01-30,2,4,0,4
2014-01-30,4,3,0,3
2014-01-30,5,30,0,30
2014-01-30,6,103,0,103
2014-01-30,7,254,2,256
2014-01-30,8,581,2,583
2014-01-30,9,280,2,282
2014-01-30,10,124,2,126
2014-01-30,11,126,4,130
2014-01-30,12,151,7,158
2014-01-30,13,125,5,130
2014-01-30,14,132,7,139
2014-01-30,15,171,7,178
2014-01-30,16,240,7,247
2014-01-30,17,495,9,504
2014-01-30,18,468,4,472
2014-01-30,19,291,3,294
2014-01-30,20,176,3,179
2014-01-30,21,159,3,162
2014-01-30,22,105,0,105
2014-01-30,23,58,0,58
2014-01-31,0,28,0,28
2014-01-31,1,13,1,14
2014-01-31,2,4,1,5
2014-01-31,3,10,0,10
2014-01-31,4,1,0,1
2014-01-31,5,30,0,30
2014-01-31,6,115,1,116
2014-01-31,7,319,2,321
2014-01-31,8,660,3,663
2014-01-31,9,329,2,331
2014-01-31,10,139,9,148
2014-01-31,11,173,19,192
2014-01-31,12,229,24,253
2014-01-31,13,230,19,249
2014-01-31,14,209,41,250
2014-01-31,15,244,31,275
2014-01-31,16,334,29,363
2014-01-31,17,640,25,665
2014-01-31,18,488,5,493
2014-01-31,19,346,12,358
2014-01-31,20,242,4,246
2014-01-31,21,145,4,149
2014-01-31,22,167,4,171
2014-01-31,23,90,3,93
2014-02-01,0,83,0,83
2014-02-01,1,59,4,63
2014-02-01,2,46,4,50
2014-02-01,3,16,4,20
2014-02-01,4,5,0,5
2014-02-01,5,4,0,4
2014-02-01,6,12,1,13
2014-02-01,7,39,0,39
2014-02-01,8,124,0,124
2014-02-01,9,208,10,218
2014-02-01,10,258,36,294
2014-02-01,11,310,60,370
2014-02-01,12,372,71,443
2014-02-01,13,389,88,477
2014-02-01,14,425,91,516
2014-02-01,15,449,115,564
2014-02-01,16,409,106,515
2014-02-01,17,330,83,413
2014-02-01,18,264,46,310
2014-02-01,19,225,12,237
2014-02-01,20,157,7,164
2014-02-01,21,168,14,182
2014-02-01,22,133,10,143
2014-02-01,23,90,5,95
2014-02-02,0,92,6,98
2014-02-02,1,74,6,80
2014-02-02,2,65,1,66
2014-02-02,3,12,1,13
2014-02-02,4,4,3,7
2014-02-02,5,5,1,6
2014-02-02,6,13,2,15
2014-02-02,7,35,3,38
2014-02-02,8,99,12,111
2014-02-02,9,179,15,194
2014-02-02,10,239,57,296
2014-02-02,11,353,53,406
2014-02-02,12,411,87,498
2014-02-02,13,379,101,480
2014-02-02,14,375,128,503
2014-02-02,15,424,127,551
2014-02-02,16,411,92,503
2014-02-02,17,446,64,510
2014-02-02,18,286,29,315
2014-02-02,19,117,11,128
2014-02-02,20,100,6,106
2014-02-02,21,119,9,128
2014-02-02,22,242,12,254
2014-02-02,23,107,10,117
2014-02-03,0,10,1,11
2014-02-03,1,7,0,7
2014-02-03,2,3,0,3
2014-02-03,3,1,0,1
2014-02-03,5,8,0,8
2014-02-03,6,23,0,23
2014-02-03,7,57,0,57
2014-02-03,8,86,1,87
2014-02-03,9,62,0,62
2014-02-03,10,26,1,27
2014-02-03,11,32,1,33
2014-02-03,12,44,0,44
2014-02-03,13,39,0,39
2014-02-03,14,57,2,59
2014-02-03,15,110,2,112
2014-02-03,16,189,9,198
2014-02-03,17,437,12,449
2014-02-03,18,401,9,410
2014-02-03,19,297,9,306
2014-02-03,20,217,7,224
2014-02-03,21,169,2,171
2014-02-03,22,86,1,87
2014-02-03,23,40,4,44
2014-02-04,0,14,0,14
2014-02-04,1,11,0,11
2014-02-04,2,6,0,6
2014-02-04,4,1,0,1
2014-02-04,5,30,0,30
2014-02-04,6,147,1,148
2014-02-04,7,378,5,383
2014-02-04,8,778,7,785
2014-02-04,9,328,8,336
2014-02-04,10,159,9,168
2014-02-04,11,151,12,163
2014-02-04,12,206,10,216
2014-02-04,13,190,6,196
2014-02-04,14,124,9,133
2014-02-04,15,189,5,194
2014-02-04,16,280,11,291
2014-02-04,17,616,14,630
2014-02-04,18,557,14,571
2014-02-04,19,367,6,373
2014-02-04,20,254,7,261
2014-02-04,21,156,4,160
2014-02-04,22,76,1,77
2014-02-04,23,29,1,30
2014-02-05,0,11,0,11
2014-02-05,1,4,0,4
2014-02-05,4,3,0,3
2014-02-05,5,17,0,17
2014-02-05,6,58,0,58
2014-02-05,7,115,0,115
2014-02-05,8,201,2,203
2014-02-05,9,180,6,186
2014-02-05,10,78,1,79
2014-02-05,11,87,7,94
2014-02-05,12,118,5,123
2014-02-05,13,123,11,134
2014-02-05,14,143,9,152
2014-02-05,15,138,12,150
2014-02-05,16,255,9,264
2014-02-05,17,591,18,609
2014-02-05,18,531,15,546
2014-02-05,19,385,13,398
2014-02-05,20,239,6,245
2014-02-05,21,176,1,177
2014-02-05,22,115,1,116
2014-02-05,23,62,0,62
2014-02-06,0,22,0,22
2014-02-06,1,19,0,19
2014-02-06,2,3,0,3
2014-02-06,4,4,0,4
2014-02-06,5,23,1,24
2014-02-06,6,126,1,127
2014-02-06,7,324,0,324
2014-02-06,8,733,8,741
2014-02-06,9,317,14,331
2014-02-06,10,133,10,143
2014-02-06,11,149,11,160
2014-02-06,12,171,10,181
2014-02-06,13,187,10,197
2014-02-06,14,136,20,156
2014-02-06,15,189,15,204
2014-02-06,16,264,5,269
2014-02-06,17,578,10,588
2014-02-06,18,551,9,560
2014-02-06,19,400,7,407
2014-02-06,20,272,7,279
2014-02-06,21,208,8,216
2014-02-06,22,131,4,135
2014-02-06,23,86,0,86
2014-02-07,0,32,2,34
2014-02-07,1,17,0,17
2014-02-07,2,8,0,8
2014-02-07,3,3,0,3
2014-02-07,4,3,0,3
2014-02-07,5,40,0,40
2014-02-07,6,116,0,116
2014-02-07,7,331,0,331
2014-02-07,8,673,6,679
2014-02-07,9,365,10,375
2014-02-07,10,145,11,156
2014-02-07,11,165,26,191
2014-02-07,12,202,19,221
2014-02-07,13,206,13,219
2014-02-07,14,211,22,233
2014-02-07,15,273,29,302
2014-02-07,16,331,8,339
2014-02-07,17,607,21,628
2014-02-07,18,520,11,531
2014-02-07,19,354,15,369
2014-02-07,20,190,8,198
2014-02-07,21,143,1,144
2014-02-07,22,123,10,133
2014-02-07,23,116,8,124
2014-02-08,0,74,0,74
2014-02-08,1,58,2,60
2014-02-08,2,38,1,39
2014-02-08,3,17,0,17
2014-02-08,4,5,1,6
2014-02-08,5,10,0,10
2014-02-08,6,11,0,11
2014-02-08,7,47,1,48
2014-02-08,8,115,7,122
2014-02-08,9,168,19,187
2014-02-08,10,229,25,254
2014-02-08,11,300,38,338
2014-02-08,12,309,36,345
2014-02-08,13,310,63,373
2014-02-08,14,270,45,315
2014-02-08,15,306,37,343
2014-02-08,16,269,45,314
2014-02-08,17,290,33,323
2014-02-08,18,213,16,229
2014-02-08,19,179,9,188
2014-02-08,20,140,6,146
2014-02-08,21,117,2,119
2014-02-08,22,94,3,97
2014-02-08,23,78,1,79
2014-02-09,0,71,3,74
2014-02-09,1,61,4,65
2014-02-09,2,65,5,70
2014-02-09,3,12,2,14
2014-02-09,4,6,1,7
2014-02-09,5,1,0,1
2014-02-09,6,11,0,11
2014-02-09,7,31,1,32
2014-02-09,8,65,3,68
2014-02-09,9,116,9,125
2014-02-09,10,182,20,202
2014-02-09,11,255,30,285
2014-02-09,12,311,34,345
2014-02-09,13,316,16,332
2014-02-09,14,292,18,310
2014-02-09,15,273,15,288
2014-02-09,16,171,5,176
2014-02-09,17,149,10,159
2014-02-09,18,132,8,140
2014-02-09,19,117,8,125
2014-02-09,20,101,15,116
2014-02-09,21,71,5,76
2014-02-09,22,69,0,69
2014-02-09,23,30,0,30
2014-02-10,0,20,1,21
2014-02-10,1,3,0,3
2014-02-10,2,5,0,5
2014-02-10,3,4,0,4
2014-02-10,4,3,0,3
2014-02-10,5,42,0,42
2014-02-10,6,125,0,125
2014-02-10,7,298,1,299
2014-02-10,8,635,7,642
2014-02-10,9,314,6,320
2014-02-10,10,118,8,126
2014-02-10,11,126,13,139
2014-02-10,12,167,14,181
2014-02-10,13,150,9,159
2014-02-10,14,119,10,129
2014-02-10,15,155,9,164
2014-02-10,16,251,16,267
2014-02-10,17,519,14,533
2014-02-10,18,484,7,491
2014-02-10,19,276,3,279
2014-02-10,20,216,3,219
2014-02-10,21,147,5,152
2014-02-10,22,78,1,79
2014-02-10,23,49,0,49
2014-02-11,0,12,0,12
2014-02-11,1,10,0,10
2014-02-11,2,4,1,5
2014-02-11,3,1,0,1
2014-02-11,4,2,0,2
2014-02-11,5,33,0,33
2014-02-11,6,123,0,123
2014-02-11,7,346,3,349
2014-02-11,8,647,9,656
2014-02-11,9,311,6,317
2014-02-11,10,120,10,130
2014-02-11,11,141,27,168
2014-02-11,12,152,9,161
2014-02-11,13,161,16,177
2014-02-11,14,115,13,128
2014-02-11,15,164,9,173
2014-02-11,16,277,10,287
2014-02-11,17,531,31,562
2014-02-11,18,559,11,570
2014-02-11,19,349,9,358
2014-02-11,20,193,10,203
2014-02-11,21,168,4,172
2014-02-11,22,101,2,103
2014-02-11,23,46,1,47
2014-02-12,0,13,0,13
2014-02-12,1,5,0,5
2014-02-12,2,3,0,3
2014-02-12,3,1,0,1
2014-02-12,4,5,0,5
2014-02-12,5,29,0,29
2014-02-12,6,116,0,116
2014-02-12,7,306,1,307
2014-02-12,8,576,10,586
2014-02-12,9,310,3,313
2014-02-12,10,125,2,127
2014-02-12,11,130,7,137
2014-02-12,12,156,8,164
2014-02-12,13,132,4,136
2014-02-12,14,137,7,144
2014-02-12,15,146,8,154
2014-02-12,16,236,9,245
2014-02-12,17,467,9,476
2014-02-12,18,446,6,452
2014-02-12,19,305,1,306
2014-02-12,20,112,4,116
2014-02-12,21,60,0,60
2014-02-12,22,26,1,27
2014-02-12,23,19,4,23
2014-02-13,0,22,2,24
2014-02-13,1,15,1,16
2014-02-13,2,7,0,7
2014-02-13,3,2,0,2
2014-02-13,5,2,0,2
2014-02-13,6,1,0,1
2014-02-14,10,3,0,3
2014-02-14,11,95,5,100
2014-02-14,12,99,1,100
2014-02-14,13,120,6,126
2014-02-14,14,113,11,124
2014-02-14,15,171,12,183
2014-02-14,16,207,12,219
2014-02-14,17,322,14,336
2014-02-14,18,267,5,272
2014-02-14,19,158,2,160
2014-02-14,20,95,1,96
2014-02-14,21,67,3,70
2014-02-14,22,71,1,72
2014-02-14,23,50,0,50
2014-02-15,0,41,0,41
2014-02-15,1,29,2,31
2014-02-15,2,30,0,30
2014-02-15,3,14,1,15
2014-02-15,4,11,0,11
2014-02-15,5,7,1,8
2014-02-15,6,10,0,10
2014-02-15,7,27,1,28
2014-02-15,8,41,1,42
2014-02-15,9,45,2,47
2014-02-15,10,76,2,78
2014-02-15,11,91,10,101
2014-02-15,12,104,16,120
2014-02-15,13,116,14,130
2014-02-15,14,132,16,148
2014-02-15,15,123,27,150
2014-02-15,16,135,13,148
2014-02-15,17,155,17,172
2014-02-15,18,133,8,141
2014-02-15,19,90,5,95
2014-02-15,20,58,0,58
2014-02-15,21,59,2,61
2014-02-15,22,36,1,37
2014-02-15,23,46,0,46
2014-02-16,0,42,0,42
2014-02-16,1,44,0,44
2014-02-16,2,31,1,32
2014-02-16,3,13,0,13
2014-02-16,4,5,0,5
2014-02-16,5,5,1,6
2014-02-16,6,8,0,8
2014-02-16,7,21,3,24
2014-02-16,8,44,4,48
2014-02-16,9,86,16,102
2014-02-16,10,143,24,167
2014-02-16,11,185,17,202
2014-02-16,12,234,64,298
2014-02-16,13,203,40,243
2014-02-16,14,194,39,233
2014-02-16,15,204,40,244
2014-02-16,16,231,51,282
2014-02-16,17,199,30,229
2014-02-16,18,176,14,190
2014-02-16,19,110,16,126
2014-02-16,20,103,9,112
2014-02-16,21,72,9,81
2014-02-16,22,53,5,58
2014-02-16,23,48,1,49
2014-02-17,0,23,0,23
2014-02-17,1,24,0,24
2014-02-17,2,8,1,9
2014-02-17,3,10,0,10
2014-02-17,4,2,0,2
2014-02-17,5,8,1,9
2014-02-17,6,32,0,32
2014-02-17,7,62,2,64
2014-02-17,8,160,8,168
2014-02-17,9,150,27,177
2014-02-17,10,144,25,169
2014-02-17,11,198,31,229
2014-02-17,12,220,44,264
2014-02-17,13,244,28,272
2014-02-17,14,227,26,253
2014-02-17,15,244,31,275
2014-02-17,16,243,28,271
2014-02-17,17,250,41,291
2014-02-17,18,272,16,288
2014-02-17,19,164,6,170
2014-02-17,20,115,7,122
2014-02-17,21,87,2,89
2014-02-17,22,51,2,53
2014-02-17,23,43,4,47
2014-02-18,0,19,0,19
2014-02-18,1,4,0,4
2014-02-18,2,1,0,1
2014-02-18,3,1,0,1
2014-02-18,4,1,0,1
2014-02-18,5,23,1,24
2014-02-18,6,86,0,86
2014-02-18,7,217,3,220
2014-02-18,8,517,5,522
2014-02-18,9,250,13,263
2014-02-18,10,126,12,138
2014-02-18,11,144,16,160
2014-02-18,12,179,23,202
2014-02-18,13,208,14,222
2014-02-18,14,185,27,212
2014-02-18,15,212,23,235
2014-02-18,16,335,33,368
2014-02-18,17,668,48,716
2014-02-18,18,619,22,641
2014-02-18,19,384,4,388
2014-02-18,20,268,10,278
2014-02-18,21,199,8,207
2014-02-18,22,114,6,120
2014-02-18,23,57,1,58
2014-02-19,0,23,0,23
2014-02-19,1,17,0,17
2014-02-19,2,4,0,4
2014-02-19,3,1,0,1
2014-02-19,4,4,0,4
2014-02-19,5,31,1,32
2014-02-19,6,143,2,145
2014-02-19,7,377,3,380
2014-02-19,8,661,9,670
2014-02-19,9,109,5,114
2014-02-19,10,55,6,61
2014-02-19,11,116,11,127
2014-02-19,12,220,17,237
2014-02-19,13,191,24,215
2014-02-19,14,226,18,244
2014-02-19,15,223,21,244
2014-02-19,16,334,30,364
2014-02-19,17,768,28,796
2014-02-19,18,620,24,644
2014-02-19,19,453,12,465
2014-02-19,20,353,8,361
2014-02-19,21,224,12,236
2014-02-19,22,148,9,157
2014-02-19,23,77,4,81
2014-02-20,0,34,1,35
2014-02-20,1,13,0,13
2014-02-20,2,7,0,7
2014-02-20,3,1,0,1
2014-02-20,4,1,0,1
2014-02-20,5,52,0,52
2014-02-20,6,150,1,151
2014-02-20,7,429,4,433
2014-02-20,8,825,12,837
2014-02-20,9,361,19,380
2014-02-20,10,159,34,193
2014-02-20,11,184,37,221
2014-02-20,12,211,30,241
2014-02-20,13,202,22,224
2014-02-20,14,173,37,210
2014-02-20,15,244,52,296
2014-02-20,16,345,44,389
2014-02-20,17,772,45,817
2014-02-20,18,674,22,696
2014-02-20,19,457,19,476
2014-02-20,20,325,11,336
2014-02-20,21,246,7,253
2014-02-20,22,179,6,185
2014-02-20,23,104,26,130
2014-02-21,0,39,5,44
2014-02-21,1,18,0,18
2014-02-21,2,11,1,12
2014-02-21,3,4,1,5
2014-02-21,4,8,0,8
2014-02-21,5,49,0,49
2014-02-21,6,133,10,143
2014-02-21,7,410,4,414
2014-02-21,8,838,18,856
2014-02-21,9,385,22,407
2014-02-21,10,168,25,193
2014-02-21,11,182,24,206
2014-02-21,12,129,18,147
2014-02-21,13,80,16,96
2014-02-21,14,113,11,124
2014-02-21,15,189,20,209
2014-02-21,16,311,28,339
2014-02-21,17,704,43,747
2014-02-21,18,550,32,582
2014-02-21,19,407,15,422
2014-02-21,20,238,20,258
2014-02-21,21,195,15,210
2014-02-21,22,145,6,151
2014-02-21,23,131,12,143
2014-02-22,0,78,7,85
2014-02-22,1,73,5,78
2014-02-22,2,54,3,57
2014-02-22,3,20,3,23
2014-02-22,4,5,0,5
2014-02-22,5,8,3,11
2014-02-22,6,16,2,18
2014-02-22,7,57,9,66
2014-02-22,8,161,22,183
2014-02-22,9,229,35,264
2014-02-22,10,300,94,394
2014-02-22,11,404,139,543
2014-02-22,12,519,279,798
2014-02-22,13,530,297,827
2014-02-22,14,564,414,978
2014-02-22,15,571,279,850
2014-02-22,16,526,142,668
2014-02-22,17,448,105,553
2014-02-22,18,405,48,453
2014-02-22,19,269,23,292
2014-02-22,20,218,18,236
2014-02-22,21,152,12,164
2014-02-22,22,136,6,142
2014-02-22,23,121,8,129
2014-02-23,0,129,5,134
2014-02-23,1,76,0,76
2014-02-23,2,79,1,80
2014-02-23,3,34,4,38
2014-02-23,4,6,1,7
2014-02-23,5,10,0,10
2014-02-23,6,9,1,10
2014-02-23,7,57,3,60
2014-02-23,8,115,10,125
2014-02-23,9,175,21,196
2014-02-23,10,298,29,327
2014-02-23,11,326,27,353
2014-02-23,12,420,40,460
2014-02-23,13,501,17,518
2014-02-23,14,542,85,627
2014-02-23,15,526,173,699
2014-02-23,16,519,192,711
2014-02-23,17,438,116,554
2014-02-23,18,329,58,387
2014-02-23,19,237,27,264
2014-02-23,20,149,12,161
2014-02-23,21,118,11,129
2014-02-23,22,74,4,78
2014-02-23,23,57,4,61
2014-02-24,0,22,1,23
2014-02-24,1,7,1,8
2014-02-24,2,4,0,4
2014-02-24,3,4,1,5
2014-02-24,4,3,0,3
2014-02-24,5,37,0,37
2014-02-24,6,146,7,153
2014-02-24,7,412,6,418
2014-02-24,8,736,4,740
2014-02-24,9,314,10,324
2014-02-24,10,149,21,170
2014-02-24,11,149,25,174
2014-02-24,12,170,33,203
2014-02-24,13,185,18,203
2014-02-24,14,128,37,165
2014-02-24,15,187,25,212
2014-02-24,16,323,32,355
2014-02-24,17,615,27,642
2014-02-24,18,560,11,571
2014-02-24,19,357,13,370
2014-02-24,20,254,6,260
2014-02-24,21,158,10,168
2014-02-24,22,116,5,121
2014-02-24,23,65,2,67
2014-02-25,0,16,1,17
2014-02-25,1,6,0,6
2014-02-25,2,4,1,5
2014-02-25,3,2,0,2
2014-02-25,4,5,0,5
2014-02-25,5,33,0,33
2014-02-25,6,168,2,170
2014-02-25,7,396,6,402
2014-02-25,8,698,15,713
2014-02-25,9,214,6,220
2014-02-25,10,57,0,57
2014-02-25,11,40,6,46
2014-02-25,12,57,5,62
2014-02-25,13,90,13,103
2014-02-25,14,88,10,98
2014-02-25,15,174,11,185
2014-02-25,16,250,19,269
2014-02-25,17,575,21,596
2014-02-25,18,541,19,560
2014-02-25,19,389,9,398
2014-02-25,20,243,2,245
2014-02-25,21,207,6,213
2014-02-25,22,103,4,107
2014-02-25,23,48,1,49
2014-02-26,0,23,1,24
2014-02-26,1,6,0,6
2014-02-26,2,3,0,3
2014-02-26,3,2,1,3
2014-02-26,4,8,0,8
2014-02-26,5,42,0,42
2014-02-26,6,90,1,91
2014-02-26,7,166,4,170
2014-02-26,8,270,1,271
2014-02-26,9,149,2,151
2014-02-26,10,71,2,73
2014-02-26,11,97,4,101
2014-02-26,12,140,10,150
2014-02-26,13,156,14,170
2014-02-26,14,150,6,156
2014-02-26,15,156,17,173
2014-02-26,16,277,9,286
2014-02-26,17,578,15,593
2014-02-26,18,514,7,521
2014-02-26,19,366,3,369
2014-02-26,20,227,2,229
2014-02-26,21,163,0,163
2014-02-26,22,110,3,113
2014-02-26,23,55,0,55
2014-02-27,0,28,1,29
2014-02-27,1,7,0,7
2014-02-27,2,4,0,4
2014-02-27,3,3,0,3
2014-02-27,4,5,0,5
2014-02-27,5,31,0,31
2014-02-27,6,114,2,116
2014-02-27,7,353,5,358
2014-02-27,8,696,6,702
2014-02-27,9,343,4,347
2014-02-27,10,162,6,168
2014-02-27,11,163,17,180
2014-02-27,12,178,10,188
2014-02-27,13,173,18,191
2014-02-27,14,164,14,178
2014-02-27,15,193,10,203
2014-02-27,16,274,6,280
2014-02-27,17,541,27,568
2014-02-27,18,470,15,485
2014-02-27,19,325,8,333
2014-02-27,20,224,7,231
2014-02-27,21,142,3,145
2014-02-27,22,86,0,86
2014-02-27,23,44,0,44
2014-02-28,0,17,0,17
2014-02-28,1,14,1,15
2014-02-28,2,6,0,6
2014-02-28,3,2,0,2
2014-02-28,4,3,0,3
2014-02-28,5,27,1,28
2014-02-28,6,84,2,86
2014-02-28,7,241,2,243
2014-02-28,8,520,14,534
2014-02-28,9,294,9,303
2014-02-28,10,141,6,147
2014-02-28,11,140,21,161
2014-02-28,12,168,10,178
2014-02-28,13,186,16,202
2014-02-28,14,151,17,168
2014-02-28,15,165,19,184
2014-02-28,16,262,28,290
2014-02-28,17,493,11,504
2014-02-28,18,379,4,383
2014-02-28,19,242,6,248
2014-02-28,20,145,1,146
2014-02-28,21,93,1,94
2014-02-28,22,89,2,91
2014-02-28,23,58,2,60
2014-03-01,0,59,2,61
2014-03-01,1,45,0,45
2014-03-01,2,26,0,26
2014-03-01,3,7,1,8
2014-03-01,4,4,0,4
2014-03-01,5,2,0,2
2014-03-01,6,19,0,19
2014-03-01,7,44,2,46
2014-03-01,8,99,5,104
2014-03-01,9,159,28,187
2014-03-01,10,212,44,256
2014-03-01,11,276,49,325
2014-03-01,12,287,69,356
2014-03-01,13,304,60,364
2014-03-01,14,293,107,400
2014-03-01,15,305,105,410
2014-03-01,16,322,106,428
2014-03-01,17,288,99,387
2014-03-01,18,265,64,329
2014-03-01,19,219,31,250
2014-03-01,20,174,16,190
2014-03-01,21,134,9,143
2014-03-01,22,103,3,106
2014-03-01,23,108,6,114
2014-03-02,0,94,3,97
2014-03-02,1,72,0,72
2014-03-02,2,46,6,52
2014-03-02,3,29,8,37
2014-03-02,4,11,0,11
2014-03-02,5,7,0,7
2014-03-02,6,9,2,11
2014-03-02,7,25,3,28
2014-03-02,8,74,18,92
2014-03-02,9,159,25,184
2014-03-02,10,266,54,320
2014-03-02,11,365,59,424
2014-03-02,12,426,99,525
2014-03-02,13,368,92,460
2014-03-02,14,356,91,447
2014-03-02,15,133,32,165
2014-03-02,16,88,13,101
2014-03-02,17,98,21,119
2014-03-02,18,90,3,93
2014-03-02,19,76,5,81
2014-03-02,20,75,4,79
2014-03-02,21,38,2,40
2014-03-02,22,38,0,38
2014-03-02,23,10,0,10
2014-03-03,0,16,0,16
2014-03-03,1,8,0,8
2014-03-03,2,5,0,5
2014-03-03,4,2,0,2
2014-03-03,5,8,0,8
2014-03-03,6,4,0,4
2014-03-03,7,10,3,13
2014-03-03,8,8,1,9
2014-03-03,9,9,1,10
2014-03-03,10,11,0,11
2014-03-03,11,15,1,16
2014-03-03,12,11,0,11
2014-03-03,13,11,0,11
2014-03-03,14,20,0,20
2014-03-03,15,33,0,33
2014-03-03,16,34,3,37
2014-03-03,17,46,0,46
2014-03-03,18,44,1,45
2014-03-03,19,44,0,44
2014-03-03,20,18,2,20
2014-03-03,21,19,1,20
2014-03-03,22,15,2,17
2014-03-03,23,11,1,12
2014-03-04,0,8,2,10
2014-03-04,1,2,0,2
2014-03-04,2,1,0,1
2014-03-04,3,1,0,1
2014-03-04,4,2,1,3
2014-03-04,5,17,0,17
2014-03-04,6,31,1,32
2014-03-04,7,54,3,57
2014-03-04,8,148,1,149
2014-03-04,9,114,5,119
2014-03-04,10,113,3,116
2014-03-04,11,58,1,59
2014-03-04,12,80,4,84
2014-03-04,13,91,0,91
2014-03-04,14,66,4,70
2014-03-04,15,93,5,98
2014-03-04,16,143,2,145
2014-03-04,17,274,3,277
2014-03-04,18,276,9,285
2014-03-04,19,227,4,231
2014-03-04,20,154,7,161
2014-03-04,21,122,2,124
2014-03-04,22,75,5,80
2014-03-04,23,32,0,32
2014-03-05,0,15,0,15
2014-03-05,1,4,0,4
2014-03-05,2,2,0,2
2014-03-05,3,3,0,3
2014-03-05,4,5,0,5
2014-03-05,5,26,0,26
2014-03-05,6,94,1,95
2014-03-05,7,251,5,256
2014-03-05,8,509,10,519
2014-03-05,9,261,7,268
2014-03-05,10,101,14,115
2014-03-05,11,127,11,138
2014-03-05,12,152,16,168
2014-03-05,13,165,17,182
2014-03-05,14,134,16,150
2014-03-05,15,165,29,194
2014-03-05,16,289,35,324
2014-03-05,17,547,29,576
2014-03-05,18,509,6,515
2014-03-05,19,326,18,344
2014-03-05,20,256,11,267
2014-03-05,21,169,6,175
2014-03-05,22,111,0,111
2014-03-05,23,54,6,60
2014-03-06,0,25,6,31
2014-03-06,1,6,6,12
2014-03-06,2,1,0,1
2014-03-06,4,2,0,2
2014-03-06,5,31,0,31
2014-03-06,6,110,1,111
2014-03-06,7,324,6,330
2014-03-06,8,669,12,681
2014-03-06,9,307,4,311
2014-03-06,10,120,16,136
2014-03-06,11,128,22,150
2014-03-06,12,184,28,212
2014-03-06,13,156,18,174
2014-03-06,14,117,21,138
2014-03-06,15,181,19,200
2014-03-06,16,239,10,249
2014-03-06,17,592,24,616
2014-03-06,18,559,18,577
2014-03-06,19,291,3,294
2014-03-06,20,235,5,240
2014-03-06,21,171,2,173
2014-03-06,22,75,14,89
2014-03-06,23,69,5,74
2014-03-07,0,33,0,33
2014-03-07,1,16,0,16
2014-03-07,2,6,11,17
2014-03-07,3,2,1,3
2014-03-07,4,7,0,7
2014-03-07,5,33,0,33
2014-03-07,6,104,0,104
2014-03-07,7,311,5,316
2014-03-07,8,626,6,632
2014-03-07,9,302,5,307
2014-03-07,10,146,12,158
2014-03-07,11,163,21,184
2014-03-07,12,206,19,225
2014-03-07,13,217,17,234
2014-03-07,14,210,21,231
2014-03-07,15,231,29,260
2014-03-07,16,325,27,352
2014-03-07,17,552,21,573
2014-03-07,18,465,15,480
2014-03-07,19,297,9,306
2014-03-07,20,220,10,230
2014-03-07,21,143,12,155
2014-03-07,22,94,9,103
2014-03-07,23,99,6,105
2014-03-08,0,70,2,72
2014-03-08,1,51,2,53
2014-03-08,2,28,4,32
2014-03-08,3,18,2,20
2014-03-08,4,5,1,6
2014-03-08,5,6,0,6
2014-03-08,6,14,1,15
2014-03-08,7,48,1,49
2014-03-08,8,166,12,178
2014-03-08,9,237,38,275
2014-03-08,10,309,89,398
2014-03-08,11,403,175,578
2014-03-08,12,458,236,694
2014-03-08,13,461,335,796
2014-03-08,14,543,375,918
2014-03-08,15,552,406,958
2014-03-08,16,514,410,924
2014-03-08,17,449,301,750
2014-03-08,18,390,180,570
2014-03-08,19,263,84,347
2014-03-08,20,168,47,215
2014-03-08,21,173,41,214
2014-03-08,22,150,41,191
2014-03-08,23,130,27,157
2014-03-09,0,115,17,132
2014-03-09,1,76,4,80
2014-03-09,3,70,6,76
2014-03-09,4,33,6,39
2014-03-09,5,5,2,7
2014-03-09,6,9,0,9
2014-03-09,7,35,2,37
2014-03-09,8,87,15,102
2014-03-09,9,126,21,147
2014-03-09,10,247,101,348
2014-03-09,11,324,96,420
2014-03-09,12,382,130,512
2014-03-09,13,429,180,609
2014-03-09,14,382,163,545
2014-03-09,15,426,185,611
2014-03-09,16,399,195,594
2014-03-09,17,370,184,554
2014-03-09,18,307,89,396
2014-03-09,19,216,37,253
2014-03-09,20,141,22,163
2014-03-09,21,104,12,116
2014-03-09,22,85,13,98
2014-03-09,23,60,8,68
2014-03-10,0,24,6,30
2014-03-10,1,8,4,12
2014-03-10,2,6,0,6
2014-03-10,3,5,0,5
2014-03-10,4,11,0,11
2014-03-10,5,33,0,33
2014-03-10,6,144,3,147
2014-03-10,7,344,6,350
2014-03-10,8,746,23,769
2014-03-10,9,379,35,414
2014-03-10,10,135,36,171
2014-03-10,11,136,46,182
2014-03-10,12,187,48,235
2014-03-10,13,197,47,244
2014-03-10,14,161,58,219
2014-03-10,15,215,110,325
2014-03-10,16,387,98,485
2014-03-10,17,776,110,886
2014-03-10,18,794,76,870
2014-03-10,19,526,55,581
2014-03-10,20,297,19,316
2014-03-10,21,232,28,260
2014-03-10,22,124,17,141
2014-03-10,23,74,19,93
2014-03-11,0,28,6,34
2014-03-11,1,3,0,3
2014-03-11,2,6,0,6
2014-03-11,3,3,0,3
2014-03-11,4,10,0,10
2014-03-11,5,34,0,34
2014-03-11,6,179,1,180
2014-03-11,7,468,16,484
2014-03-11,8,933,20,953
2014-03-11,9,419,33,452
2014-03-11,10,157,30,187
2014-03-11,11,161,74,235
2014-03-11,12,221,85,306
2014-03-11,13,245,120,365
2014-03-11,14,158,109,267
2014-03-11,15,270,123,393
2014-03-11,16,396,149,545
2014-03-11,17,893,151,1044
2014-03-11,18,905,152,1057
2014-03-11,19,617,90,707
2014-03-11,20,378,61,439
2014-03-11,21,289,33,322
2014-03-11,22,179,35,214
2014-03-11,23,102,18,120
2014-03-12,0,32,2,34
2014-03-12,1,15,6,21
2014-03-12,2,11,2,13
2014-03-12,3,3,0,3
2014-03-12,4,8,0,8
2014-03-12,5,48,0,48
2014-03-12,6,188,4,192
2014-03-12,7,463,8,471
2014-03-12,8,937,19,956
2014-03-12,9,372,44,416
2014-03-12,10,141,53,194
2014-03-12,11,198,71,269
2014-03-12,12,243,51,294
2014-03-12,13,228,75,303
2014-03-12,14,162,60,222
2014-03-12,15,156,49,205
2014-03-12,16,361,97,458
2014-03-12,17,755,84,839
2014-03-12,18,442,30,472
2014-03-12,19,269,27,296
2014-03-12,20,202,6,208
2014-03-12,21,142,11,153
2014-03-12,22,105,0,105
2014-03-12,23,46,3,49
2014-03-13,0,10,1,11
2014-03-13,1,5,1,6
2014-03-13,2,2,1,3
2014-03-13,3,0,1,1
2014-03-13,4,2,0,2
2014-03-13,5,31,0,31
2014-03-13,6,84,0,84
2014-03-13,7,243,4,247
2014-03-13,8,518,10,528
2014-03-13,9,285,8,293
2014-03-13,10,87,15,102
2014-03-13,11,104,13,117
2014-03-13,12,117,14,131
2014-03-13,13,122,18,140
2014-03-13,14,132,15,147
2014-03-13,15,136,24,160
2014-03-13,16,203,15,218
2014-03-13,17,435,20,455
2014-03-13,18,471,23,494
2014-03-13,19,267,5,272
2014-03-13,20,195,7,202
2014-03-13,21,157,5,162
2014-03-13,22,103,8,111
2014-03-13,23,63,4,67
2014-03-14,0,31,1,32
2014-03-14,1,13,0,13
2014-03-14,2,7,0,7
2014-03-14,3,1,0,1
2014-03-14,4,4,0,4
2014-03-14,5,38,0,38
2014-03-14,6,103,1,104
2014-03-14,7,273,5,278
2014-03-14,8,694,14,708
2014-03-14,9,358,18,376
2014-03-14,10,152,25,177
2014-03-14,11,157,49,206
2014-03-14,12,223,69,292
2014-03-14,13,241,102,343
2014-03-14,14,214,146,360
2014-03-14,15,312,122,434
2014-03-14,16,402,144,546
2014-03-14,17,732,131,863
2014-03-14,18,688,83,771
2014-03-14,19,443,54,497
2014-03-14,20,256,54,310
2014-03-14,21,202,69,271
2014-03-14,22,164,23,187
2014-03-14,23,122,9,131
2014-03-15,0,112,12,124
2014-03-15,1,77,6,83
2014-03-15,2,40,2,42
2014-03-15,3,16,1,17
2014-03-15,4,13,4,17
2014-03-15,5,16,2,18
2014-03-15,6,116,13,129
2014-03-15,7,105,28,133
2014-03-15,8,189,76,265
2014-03-15,9,342,110,452
2014-03-15,10,402,160,562
2014-03-15,11,437,265,702
2014-03-15,12,525,326,851
2014-03-15,13,568,412,980
2014-03-15,14,564,382,946
2014-03-15,15,531,449,980
2014-03-15,16,532,433,965
2014-03-15,17,489,401,890
2014-03-15,18,442,296,738
2014-03-15,19,335,153,488
2014-03-15,20,222,88,310
2014-03-15,21,201,64,265
2014-03-15,22,161,35,196
2014-03-15,23,156,35,191
2014-03-16,0,104,20,124
2014-03-16,1,101,7,108
2014-03-16,2,70,11,81
2014-03-16,3,19,14,33
2014-03-16,4,4,0,4
2014-03-16,5,5,0,5
2014-03-16,6,8,1,9
2014-03-16,7,24,15,39
2014-03-16,8,70,21,91
2014-03-16,9,195,52,247
2014-03-16,10,258,103,361
2014-03-16,11,340,128,468
2014-03-16,12,359,184,543
2014-03-16,13,385,188,573
2014-03-16,14,355,140,495
2014-03-16,15,314,134,448
2014-03-16,16,294,85,379
2014-03-16,17,236,90,326
2014-03-16,18,206,41,247
2014-03-16,19,93,17,110
2014-03-16,20,52,7,59
2014-03-16,21,32,4,36
2014-03-16,22,15,0,15
2014-03-16,23,12,0,12
2014-03-17,0,4,1,5
2014-03-17,1,4,0,4
2014-03-17,2,1,0,1
2014-03-17,3,3,0,3
2014-03-17,4,1,0,1
2014-03-17,5,3,0,3
2014-03-17,6,4,0,4
2014-03-17,7,7,0,7
2014-03-17,8,20,0,20
2014-03-17,9,28,2,30
2014-03-17,10,24,7,31
2014-03-17,11,38,3,41
2014-03-17,12,33,4,37
2014-03-17,13,59,3,62
2014-03-17,14,71,9,80
2014-03-17,15,79,5,84
2014-03-17,16,102,7,109
2014-03-17,17,139,4,143
2014-03-17,18,161,5,166
2014-03-17,19,172,4,176
2014-03-17,20,99,3,102
2014-03-17,21,75,2,77
2014-03-17,22,52,1,53
2014-03-17,23,39,1,40
2014-03-18,0,16,1,17
2014-03-18,1,8,0,8
2014-03-18,2,4,0,4
2014-03-18,4,2,0,2
2014-03-18,5,19,0,19
2014-03-18,6,100,0,100
2014-03-18,7,229,3,232
2014-03-18,8,500,3,503
2014-03-18,9,285,2,287
2014-03-18,10,117,10,127
2014-03-18,11,79,7,86
2014-03-18,12,137,20,157
2014-03-18,13,129,20,149
2014-03-18,14,142,24,166
2014-03-18,15,182,28,210
2014-03-18,16,255,27,282
2014-03-18,17,597,25,622
2014-03-18,18,592,19,611
2014-03-18,19,401,14,415
2014-03-18,20,283,5,288
2014-03-18,21,190,8,198
2014-03-18,22,120,3,123
2014-03-18,23,52,0,52
2014-03-19,0,19,0,19
2014-03-19,1,13,0,13
2014-03-19,2,3,0,3
2014-03-19,3,2,0,2
2014-03-19,4,4,0,4
2014-03-19,5,27,0,27
2014-03-19,6,136,0,136
2014-03-19,7,380,2,382
2014-03-19,8,783,4,787
2014-03-19,9,359,12,371
2014-03-19,10,144,10,154
2014-03-19,11,89,8,97
2014-03-19,12,77,8,85
2014-03-19,13,108,8,116
2014-03-19,14,85,20,105
2014-03-19,15,84,6,90
2014-03-19,16,123,6,129
2014-03-19,17,179,8,187
2014-03-19,18,198,4,202
2014-03-19,19,292,3,295
2014-03-19,20,217,0,217
2014-03-19,21,150,6,156
2014-03-19,22,115,1,116
2014-03-19,23,55,6,61
2014-03-20,0,27,4,31
2014-03-20,1,8,0,8
2014-03-20,2,7,1,8
2014-03-20,3,4,0,4
2014-03-20,4,5,1,6
2014-03-20,5,30,0,30
2014-03-20,6,137,2,139
2014-03-20,7,403,3,406
2014-03-20,8,817,15,832
2014-03-20,9,413,15,428
2014-03-20,10,185,22,207
2014-03-20,11,177,41,218
2014-03-20,12,242,84,326
2014-03-20,13,257,86,343
2014-03-20,14,231,74,305
2014-03-20,15,259,91,350
2014-03-20,16,420,83,503
2014-03-20,17,829,84,913
2014-03-20,18,807,62,869
2014-03-20,19,523,50,573
2014-03-20,20,368,21,389
2014-03-20,21,265,22,287
2014-03-20,22,193,21,214
2014-03-20,23,110,15,125
2014-03-21,0,58,8,66
2014-03-21,1,24,2,26
2014-03-21,2,9,2,11
2014-03-21,3,7,0,7
2014-03-21,4,8,0,8
2014-03-21,5,36,1,37
2014-03-21,6,127,1,128
2014-03-21,7,409,9,418
2014-03-21,8,858,15,873
2014-03-21,9,371,28,399
2014-03-21,10,222,49,271
2014-03-21,11,203,64,267
2014-03-21,12,266,68,334
2014-03-21,13,258,104,362
2014-03-21,14,217,114,331
2014-03-21,15,282,75,357
2014-03-21,16,457,114,571
2014-03-21,17,825,117,942
2014-03-21,18,718,84,802
2014-03-21,19,466,65,531
2014-03-21,20,301,35,336
2014-03-21,21,235,19,254
2014-03-21,22,170,19,189
2014-03-21,23,143,14,157
2014-03-22,0,102,10,112
2014-03-22,1,83,9,92
2014-03-22,2,51,12,63
2014-03-22,3,25,1,26
2014-03-22,4,9,1,10
2014-03-22,5,8,0,8
2014-03-22,6,22,5,27
2014-03-22,7,63,2,65
2014-03-22,8,162,30,192
2014-03-22,9,248,73,321
2014-03-22,10,339,160,499
2014-03-22,11,445,310,755
2014-03-22,12,462,347,809
2014-03-22,13,500,415,915
2014-03-22,14,547,572,1119
2014-03-22,15,506,593,1099
2014-03-22,16,489,602,1091
2014-03-22,17,462,517,979
2014-03-22,18,464,436,900
2014-03-22,19,347,282,629
2014-03-22,20,276,131,407
2014-03-22,21,202,91,293
2014-03-22,22,173,56,229
2014-03-22,23,153,54,207
2014-03-23,0,119,24,143
2014-03-23,1,72,17,89
2014-03-23,2,54,15,69
2014-03-23,3,21,6,27
2014-03-23,4,9,1,10
2014-03-23,5,7,5,12
2014-03-23,6,17,1,18
2014-03-23,7,44,7,51
2014-03-23,8,95,20,115
2014-03-23,9,163,61,224
2014-03-23,10,298,95,393
2014-03-23,11,334,115,449
2014-03-23,12,354,133,487
2014-03-23,13,352,137,489
2014-03-23,14,342,127,469
2014-03-23,15,344,87,431
2014-03-23,16,284,104,388
2014-03-23,17,298,66,364
2014-03-23,18,343,55,398
2014-03-23,19,232,54,286
2014-03-23,20,143,22,165
2014-03-23,21,103,13,116
2014-03-23,22,66,14,80
2014-03-23,23,35,5,40
2014-03-24,0,15,4,19
2014-03-24,1,8,2,10
2014-03-24,2,3,0,3
2014-03-24,3,1,0,1
2014-03-24,4,4,1,5
2014-03-24,5,39,0,39
2014-03-24,6,113,2,115
2014-03-24,7,321,5,326
2014-03-24,8,629,16,645
2014-03-24,9,357,13,370
2014-03-24,10,118,46,164
2014-03-24,11,110,34,144
2014-03-24,12,184,49,233
2014-03-24,13,151,45,196
2014-03-24,14,144,46,190
2014-03-24,15,157,42,199
2014-03-24,16,256,42,298
2014-03-24,17,623,54,677
2014-03-24,18,595,41,636
2014-03-24,19,412,42,454
2014-03-24,20,253,18,271
2014-03-24,21,189,11,200
2014-03-24,22,86,4,90
2014-03-24,23,54,2,56
2014-03-25,0,27,0,27
2014-03-25,1,9,0,9
2014-03-25,2,4,0,4
2014-03-25,3,3,0,3
2014-03-25,4,7,0,7
2014-03-25,5,33,0,33
2014-03-25,6,124,6,130
2014-03-25,7,387,8,395
2014-03-25,8,421,9,430
2014-03-25,9,182,4,186
2014-03-25,10,70,6,76
2014-03-25,11,47,2,49
2014-03-25,12,47,1,48
2014-03-25,13,48,6,54
2014-03-25,14,49,4,53
2014-03-25,15,87,5,92
2014-03-25,16,181,6,187
2014-03-25,17,361,15,376
2014-03-25,18,283,6,289
2014-03-25,19,201,6,207
2014-03-25,20,155,4,159
2014-03-25,21,120,3,123
2014-03-25,22,93,8,101
2014-03-25,23,48,6,54
2014-03-26,0,20,0,20
2014-03-26,1,4,0,4
2014-03-26,2,3,0,3
2014-03-26,4,7,0,7
2014-03-26,5,32,2,34
2014-03-26,6,107,3,110
2014-03-26,7,324,10,334
2014-03-26,8,633,7,640
2014-03-26,9,307,12,319
2014-03-26,10,116,7,123
2014-03-26,11,111,12,123
2014-03-26,12,172,20,192
2014-03-26,13,160,9,169
2014-03-26,14,118,16,134
2014-03-26,15,171,19,190
2014-03-26,16,273,19,292
2014-03-26,17,553,39,592
2014-03-26,18,556,31,587
2014-03-26,19,351,5,356
2014-03-26,20,261,16,277
2014-03-26,21,202,10,212
2014-03-26,22,153,7,160
2014-03-26,23,51,4,55
2014-03-27,0,22,1,23
2014-03-27,1,8,0,8
2014-03-27,2,5,1,6
2014-03-27,3,1,0,1
2014-03-27,4,6,0,6
2014-03-27,5,35,1,36
2014-03-27,6,106,2,108
2014-03-27,7,371,6,377
2014-03-27,8,774,22,796
2014-03-27,9,380,21,401
2014-03-27,10,150,29,179
2014-03-27,11,177,42,219
2014-03-27,12,215,56,271
2014-03-27,13,201,56,257
2014-03-27,14,149,39,188
2014-03-27,15,242,54,296
2014-03-27,16,318,57,375
2014-03-27,17,677,70,747
2014-03-27,18,744,58,802
2014-03-27,19,465,33,498
2014-03-27,20,298,24,322
2014-03-27,21,238,19,257
2014-03-27,22,138,18,156
2014-03-27,23,108,12,120
2014-03-28,0,60,10,70
2014-03-28,1,26,6,32
2014-03-28,2,14,6,20
2014-03-28,3,4,0,4
2014-03-28,4,5,0,5
2014-03-28,5,38,1,39
2014-03-28,6,144,2,146
2014-03-28,7,309,3,312
2014-03-28,8,490,12,502
2014-03-28,9,343,14,357
2014-03-28,10,136,19,155
2014-03-28,11,114,21,135
2014-03-28,12,152,19,171
2014-03-28,13,209,52,261
2014-03-28,14,218,87,305
2014-03-28,15,281,101,382
2014-03-28,16,426,118,544
2014-03-28,17,746,123,869
2014-03-28,18,710,83,793
2014-03-28,19,438,53,491
2014-03-28,20,306,59,365
2014-03-28,21,241,46,287
2014-03-28,22,215,37,252
2014-03-28,23,149,24,173
2014-03-29,0,173,10,183
2014-03-29,1,85,13,98
2014-03-29,2,72,8,80
2014-03-29,3,16,2,18
2014-03-29,4,11,1,12
2014-03-29,5,7,1,8
2014-03-29,6,8,2,10
2014-03-29,7,34,5,39
2014-03-29,8,101,9,110
2014-03-29,9,115,18,133
2014-03-29,10,136,17,153
2014-03-29,11,191,42,233
2014-03-29,12,225,49,274
2014-03-29,13,157,37,194
2014-03-29,14,87,17,104
2014-03-29,15,77,9,86
2014-03-29,16,53,13,66
2014-03-29,17,54,6,60
2014-03-29,18,71,6,77
2014-03-29,19,42,2,44
2014-03-29,20,51,6,57
2014-03-29,21,60,5,65
2014-03-29,22,61,4,65
2014-03-29,23,88,5,93
2014-03-30,0,51,7,58
2014-03-30,1,54,9,63
2014-03-30,2,35,1,36
2014-03-30,3,17,3,20
2014-03-30,4,3,0,3
2014-03-30,5,1,1,2
2014-03-30,6,5,0,5
2014-03-30,7,11,1,12
2014-03-30,8,54,2,56
2014-03-30,9,54,3,57
2014-03-30,10,61,2,63
2014-03-30,11,42,2,44
2014-03-30,12,52,4,56
2014-03-30,13,50,3,53
2014-03-30,14,40,0,40
2014-03-30,15,64,1,65
2014-03-30,16,46,1,47
2014-03-30,17,34,6,40
2014-03-30,18,31,3,34
2014-03-30,19,22,2,24
2014-03-30,20,28,0,28
2014-03-30,21,31,3,34
2014-03-30,22,28,1,29
2014-03-30,23,24,3,27
2014-03-31,0,16,1,17
2014-03-31,1,6,4,10
2014-03-31,2,5,1,6
2014-03-31,3,2,1,3
2014-03-31,4,7,0,7
2014-03-31,5,27,1,28
2014-03-31,6,121,4,125
2014-03-31,7,424,7,431
2014-03-31,8,784,22,806
2014-03-31,9,345,43,388
2014-03-31,10,124,63,187
2014-03-31,11,191,119,310
2014-03-31,12,264,115,379
2014-03-31,13,257,124,381
2014-03-31,14,228,166,394
2014-03-31,15,257,154,411
2014-03-31,16,449,150,599
2014-03-31,17,913,135,1048
2014-03-31,18,881,107,988
2014-03-31,19,617,67,684
2014-03-31,20,385,51,436
2014-03-31,21,248,17,265
2014-03-31,22,149,28,177
2014-03-31,23,66,12,78
2014-04-01,0,29,1,30
2014-04-01,1,12,4,16
2014-04-01,2,9,3,12
2014-04-01,4,8,0,8
2014-04-01,5,51,4,55
2014-04-01,6,171,8,179
2014-04-01,7,559,18,577
2014-04-01,8,979,19,998
2014-04-01,9,411,43,454
2014-04-01,10,193,75,268
2014-04-01,11,179,112,291
2014-04-01,12,257,100,357
2014-04-01,13,277,150,427
2014-04-01,14,250,114,364
2014-04-01,15,278,171,449
2014-04-01,16,444,143,587
2014-04-01,17,1041,154,1195
2014-04-01,18,1012,143,1155
2014-04-01,19,653,105,758
2014-04-01,20,449,53,502
2014-04-01,21,292,50,342
2014-04-01,22,206,27,233
2014-04-01,23,104,10,114
2014-04-02,0,44,6,50
2014-04-02,1,23,2,25
2014-04-02,2,7,3,10
2014-04-02,3,4,1,5
2014-04-02,4,7,0,7
2014-04-02,5,46,2,48
2014-04-02,6,207,8,215
2014-04-02,7,550,23,573
2014-04-02,8,967,24,991
2014-04-02,9,391,42,433
2014-04-02,10,165,64,229
2014-04-02,11,177,68,245
2014-04-02,12,270,74,344
2014-04-02,13,256,98,354
2014-04-02,14,235,135,370
2014-04-02,15,268,144,412
2014-04-02,16,420,111,531
2014-04-02,17,958,158,1116
2014-04-02,18,925,128,1053
2014-04-02,19,625,107,732
2014-04-02,20,399,54,453
2014-04-02,21,339,34,373
2014-04-02,22,174,35,209
2014-04-02,23,101,7,108
2014-04-03,0,38,3,41
2014-04-03,1,19,1,20
2014-04-03,2,6,0,6
2014-04-03,3,3,1,4
2014-04-03,4,7,1,8
2014-04-03,5,38,1,39
2014-04-03,6,173,6,179
2014-04-03,7,558,18,576
2014-04-03,8,956,26,982
2014-04-03,9,489,75,564
2014-04-03,10,197,116,313
2014-04-03,11,224,93,317
2014-04-03,12,314,123,437
2014-04-03,13,304,108,412
2014-04-03,14,266,137,403
2014-04-03,15,314,145,459
2014-04-03,16,410,130,540
2014-04-03,17,878,128,1006
2014-04-03,18,906,101,1007
2014-04-03,19,569,84,653
2014-04-03,20,379,47,426
2014-04-03,21,296,43,339
2014-04-03,22,205,34,239
2014-04-03,23,126,11,137
2014-04-04,0,44,4,48
2014-04-04,1,34,1,35
2014-04-04,2,11,0,11
2014-04-04,3,5,7,12
2014-04-04,4,8,3,11
2014-04-04,5,50,2,52
2014-04-04,6,149,5,154
2014-04-04,7,443,10,453
2014-04-04,8,918,37,955
2014-04-04,9,418,48,466
2014-04-04,10,240,80,320
2014-04-04,11,273,105,378
2014-04-04,12,354,147,501
2014-04-04,13,309,94,403
2014-04-04,14,248,165,413
2014-04-04,15,337,152,489
2014-04-04,16,569,170,739
2014-04-04,17,890,154,1044
2014-04-04,18,701,97,798
2014-04-04,19,471,83,554
2014-04-04,20,346,52,398
2014-04-04,21,250,43,293
2014-04-04,22,211,37,248
2014-04-04,23,93,9,102
2014-04-05,0,74,9,83
2014-04-05,1,67,8,75
2014-04-05,2,58,16,74
2014-04-05,3,24,12,36
2014-04-05,4,8,0,8
2014-04-05,5,17,2,19
2014-04-05,6,25,10,35
2014-04-05,7,85,18,103
2014-04-05,8,236,54,290
2014-04-05,9,321,156,477
2014-04-05,10,365,266,631
2014-04-05,11,469,420,889
2014-04-05,12,512,539,1051
2014-04-05,13,515,571,1086
2014-04-05,14,527,534,1061
2014-04-05,15,499,516,1015
2014-04-05,16,449,480,929
2014-04-05,17,490,382,872
2014-04-05,18,407,263,670
2014-04-05,19,288,145,433
2014-04-05,20,216,64,280
2014-04-05,21,185,78,263
2014-04-05,22,149,60,209
2014-04-05,23,144,21,165
2014-04-06,0,97,16,113
2014-04-06,1,63,14,77
2014-04-06,2,59,10,69
2014-04-06,3,24,6,30
2014-04-06,4,7,0,7
2014-04-06,5,20,2,22
2014-04-06,6,111,15,126
2014-04-06,7,86,19,105
2014-04-06,8,142,50,192
2014-04-06,9,283,113,396
2014-04-06,10,375,228,603
2014-04-06,11,463,277,740
2014-04-06,12,543,367,910
2014-04-06,13,506,424,930
2014-04-06,14,496,441,937
2014-04-06,15,531,447,978
2014-04-06,16,592,445,1037
2014-04-06,17,493,335,828
2014-04-06,18,409,231,640
2014-04-06,19,323,111,434
2014-04-06,20,230,46,276
2014-04-06,21,107,20,127
2014-04-06,22,117,40,157
2014-04-06,23,64,19,83
2014-04-07,0,24,11,35
2014-04-07,1,4,10,14
2014-04-07,2,4,2,6
2014-04-07,3,2,1,3
2014-04-07,4,12,0,12
2014-04-07,5,40,0,40
2014-04-07,6,109,7,116
2014-04-07,7,269,6,275
2014-04-07,8,447,15,462
2014-04-07,9,137,6,143
2014-04-07,10,50,7,57
2014-04-07,11,34,6,40
2014-04-07,12,51,5,56
2014-04-07,13,42,4,46
2014-04-07,14,71,8,79
2014-04-07,15,36,4,40
2014-04-07,16,79,8,87
2014-04-07,17,261,8,269
2014-04-07,18,244,13,257
2014-04-07,19,258,9,267
2014-04-07,20,188,6,194
2014-04-07,21,118,7,125
2014-04-07,22,93,0,93
2014-04-07,23,80,5,85
2014-04-08,0,29,5,34
2014-04-08,1,9,3,12
2014-04-08,2,4,0,4
2014-04-08,3,2,0,2
2014-04-08,4,5,0,5
2014-04-08,5,40,1,41
2014-04-08,6,168,6,174
2014-04-08,7,475,12,487
2014-04-08,8,880,10,890
2014-04-08,9,376,23,399
2014-04-08,10,198,52,250
2014-04-08,11,191,74,265
2014-04-08,12,305,88,393
2014-04-08,13,302,87,389
2014-04-08,14,254,113,367
2014-04-08,15,322,98,420
2014-04-08,16,473,108,581
2014-04-08,17,1038,119,1157
2014-04-08,18,987,107,1094
2014-04-08,19,665,93,758
2014-04-08,20,427,43,470
2014-04-08,21,302,39,341
2014-04-08,22,193,9,202
2014-04-08,23,107,7,114
2014-04-09,0,27,5,32
2014-04-09,1,18,5,23
2014-04-09,2,1,5,6
2014-04-09,3,6,1,7
2014-04-09,4,9,0,9
2014-04-09,5,67,2,69
2014-04-09,6,194,15,209
2014-04-09,7,613,28,641
2014-04-09,8,1001,41,1042
2014-04-09,9,424,57,481
2014-04-09,10,204,89,293
2014-04-09,11,248,120,368
2014-04-09,12,292,109,401
2014-04-09,13,288,116,404
2014-04-09,14,268,122,390
2014-04-09,15,287,114,401
2014-04-09,16,469,128,597
2014-04-09,17,1051,155,1206
2014-04-09,18,1057,120,1177
2014-04-09,19,720,119,839
2014-04-09,20,454,65,519
2014-04-09,21,325,27,352
2014-04-09,22,237,23,260
2014-04-09,23,128,19,147
2014-04-10,0,48,11,59
2014-04-10,1,14,5,19
2014-04-10,2,6,0,6
2014-04-10,3,7,1,8
2014-04-10,4,8,0,8
2014-04-10,5,60,2,62
2014-04-10,6,217,19,236
2014-04-10,7,603,33,636
2014-04-10,8,953,37,990
2014-04-10,9,437,64,501
2014-04-10,10,213,109,322
2014-04-10,11,231,124,355
2014-04-10,12,359,178,537
2014-04-10,13,340,235,575
2014-04-10,14,313,218,531
2014-04-10,15,358,245,603
2014-04-10,16,526,206,732
2014-04-10,17,1061,249,1310
2014-04-10,18,1078,214,1292
2014-04-10,19,791,152,943
2014-04-10,20,497,108,605
2014-04-10,21,366,58,424
2014-04-10,22,249,46,295
2014-04-10,23,159,33,192
2014-04-11,0,56,16,72
2014-04-11,1,35,10,45
2014-04-11,2,12,4,16
2014-04-11,3,5,3,8
2014-04-11,4,5,1,6
2014-04-11,5,63,4,67
2014-04-11,6,214,32,246
2014-04-11,7,561,28,589
2014-04-11,8,938,49,987
2014-04-11,9,479,96,575
2014-04-11,10,236,150,386
2014-04-11,11,310,171,481
2014-04-11,12,384,225,609
2014-04-11,13,384,220,604
2014-04-11,14,350,310,660
2014-04-11,15,427,298,725
2014-04-11,16,666,362,1028
2014-04-11,17,1029,326,1355
2014-04-11,18,887,275,1162
2014-04-11,19,552,187,739
2014-04-11,20,291,75,366
2014-04-11,21,164,55,219
2014-04-11,22,226,51,277
2014-04-11,23,176,34,210
2014-04-12,0,118,22,140
2014-04-12,1,91,16,107
2014-04-12,2,66,12,78
2014-04-12,3,12,6,18
2014-04-12,4,4,1,5
2014-04-12,5,17,9,26
2014-04-12,6,57,38,95
2014-04-12,7,138,90,228
2014-04-12,8,282,151,433
2014-04-12,9,416,234,650
2014-04-12,10,509,443,952
2014-04-12,11,554,547,1101
2014-04-12,12,569,753,1322
2014-04-12,13,617,791,1408
2014-04-12,14,601,817,1418
2014-04-12,15,550,814,1364
2014-04-12,16,551,764,1315
2014-04-12,17,541,707,1248
2014-04-12,18,549,612,1161
2014-04-12,19,445,421,866
2014-04-12,20,311,275,586
2014-04-12,21,282,180,462
2014-04-12,22,195,139,334
2014-04-12,23,171,76,247
2014-04-13,0,137,58,195
2014-04-13,1,104,19,123
2014-04-13,2,69,15,84
2014-04-13,3,26,19,45
2014-04-13,4,12,5,17
2014-04-13,5,15,9,24
2014-04-13,6,28,31,59
2014-04-13,7,92,92,184
2014-04-13,8,186,170,356
2014-04-13,9,357,290,647
2014-04-13,10,447,520,967
2014-04-13,11,539,700,1239
2014-04-13,12,543,722,1265
2014-04-13,13,523,814,1337
2014-04-13,14,534,783,1317
2014-04-13,15,535,684,1219
2014-04-13,16,553,652,1205
2014-04-13,17,566,515,1081
2014-04-13,18,489,453,942
2014-04-13,19,430,389,819
2014-04-13,20,358,216,574
2014-04-13,21,183,148,331
2014-04-13,22,167,81,248
2014-04-13,23,76,65,141
2014-04-14,0,41,21,62
2014-04-14,1,17,10,27
2014-04-14,2,0,2,2
2014-04-14,3,1,0,1
2014-04-14,4,6,2,8
2014-04-14,5,48,6,54
2014-04-14,6,204,14,218
2014-04-14,7,603,29,632
2014-04-14,8,811,85,896
2014-04-14,9,351,157,508
2014-04-14,10,157,230,387
2014-04-14,11,221,253,474
2014-04-14,12,289,264,553
2014-04-14,13,296,267,563
2014-04-14,14,238,279,517
2014-04-14,15,286,313,599
2014-04-14,16,497,299,796
2014-04-14,17,1037,247,1284
2014-04-14,18,914,210,1124
2014-04-14,19,546,144,690
2014-04-14,20,379,109,488
2014-04-14,21,288,85,373
2014-04-14,22,160,34,194
2014-04-14,23,102,22,124
2014-04-15,0,20,5,25
2014-04-15,1,8,8,16
2014-04-15,2,3,8,11
2014-04-15,3,3,3,6
2014-04-15,4,8,3,11
2014-04-15,5,44,1,45
2014-04-15,6,129,6,135
2014-04-15,7,169,6,175
2014-04-15,8,137,8,145
2014-04-15,9,61,6,67
2014-04-15,10,52,22,74
2014-04-15,11,125,19,144
2014-04-15,12,140,40,180
2014-04-15,13,44,12,56
2014-04-15,14,25,9,34
2014-04-15,15,37,2,39
2014-04-15,16,76,16,92
2014-04-15,17,124,3,127
2014-04-15,18,146,6,152
2014-04-15,19,69,2,71
2014-04-15,20,62,2,64
2014-04-15,21,58,1,59
2014-04-15,22,40,1,41
2014-04-15,23,46,1,47
2014-04-16,0,14,0,14
2014-04-16,1,7,3,10
2014-04-16,2,7,0,7
2014-04-16,3,2,0,2
2014-04-16,4,9,0,9
2014-04-16,5,37,1,38
2014-04-16,6,137,2,139
2014-04-16,7,385,2,387
2014-04-16,8,707,29,736
2014-04-16,9,351,35,386
2014-04-16,10,176,49,225
2014-04-16,11,178,79,257
2014-04-16,12,262,82,344
2014-04-16,13,240,94,334
2014-04-16,14,209,146,355
2014-04-16,15,224,185,409
2014-04-16,16,405,161,566
2014-04-16,17,881,175,1056
2014-04-16,18,778,124,902
2014-04-16,19,570,87,657
2014-04-16,20,346,40,386
2014-04-16,21,247,33,280
2014-04-16,22,143,23,166
2014-04-16,23,100,6,106
2014-04-17,0,38,1,39
2014-04-17,1,11,7,18
2014-04-17,2,10,1,11
2014-04-17,3,4,0,4
2014-04-17,4,7,1,8
2014-04-17,5,38,2,40
2014-04-17,6,170,5,175
2014-04-17,7,460,7,467
2014-04-17,8,872,42,914
2014-04-17,9,363,70,433
2014-04-17,10,182,101,283
2014-04-17,11,214,96,310
2014-04-17,12,276,129,405
2014-04-17,13,304,143,447
2014-04-17,14,259,137,396
2014-04-17,15,283,172,455
2014-04-17,16,452,161,613
2014-04-17,17,913,156,1069
2014-04-17,18,872,111,983
2014-04-17,19,526,91,617
2014-04-17,20,359,26,385
2014-04-17,21,259,34,293
2014-04-17,22,148,15,163
2014-04-17,23,89,7,96
2014-04-18,0,53,2,55
2014-04-18,1,23,4,27
2014-04-18,2,10,0,10
2014-04-18,3,5,0,5
2014-04-18,4,10,1,11
2014-04-18,5,46,3,49
2014-04-18,6,146,5,151
2014-04-18,7,358,8,366
2014-04-18,8,748,48,796
2014-04-18,9,397,79,476
2014-04-18,10,250,147,397
2014-04-18,11,250,138,388
2014-04-18,12,326,200,526
2014-04-18,13,334,218,552
2014-04-18,14,329,234,563
2014-04-18,15,432,249,681
2014-04-18,16,548,267,815
2014-04-18,17,795,229,1024
2014-04-18,18,635,165,800
2014-04-18,19,465,114,579
2014-04-18,20,283,66,349
2014-04-18,21,247,75,322
2014-04-18,22,199,38,237
2014-04-18,23,129,33,162
2014-04-19,0,84,16,100
2014-04-19,1,60,17,77
2014-04-19,2,45,3,48
2014-04-19,3,25,2,27
2014-04-19,4,4,3,7
2014-04-19,5,11,3,14
2014-04-19,6,14,8,22
2014-04-19,7,75,22,97
2014-04-19,8,181,71,252
2014-04-19,9,293,141,434
2014-04-19,10,335,301,636
2014-04-19,11,434,477,911
2014-04-19,12,534,518,1052
2014-04-19,13,447,549,996
2014-04-19,14,452,669,1121
2014-04-19,15,519,736,1255
2014-04-19,16,512,666,1178
2014-04-19,17,456,574,1030
2014-04-19,18,416,436,852
2014-04-19,19,327,285,612
2014-04-19,20,262,182,444
2014-04-19,21,197,112,309
2014-04-19,22,172,73,245
2014-04-19,23,161,46,207
2014-04-20,0,112,27,139
2014-04-20,1,78,12,90
2014-04-20,2,62,11,73
2014-04-20,3,23,2,25
2014-04-20,4,8,2,10
2014-04-20,5,12,14,26
2014-04-20,6,21,18,39
2014-04-20,7,65,34,99
2014-04-20,8,151,61,212
2014-04-20,9,237,120,357
2014-04-20,10,359,234,593
2014-04-20,11,363,339,702
2014-04-20,12,465,388,853
2014-04-20,13,467,454,921
2014-04-20,14,426,426,852
2014-04-20,15,451,487,938
2014-04-20,16,402,419,821
2014-04-20,17,442,382,824
2014-04-20,18,405,239,644
2014-04-20,19,354,201,555
2014-04-20,20,216,86,302
2014-04-20,21,159,75,234
2014-04-20,22,98,50,148
2014-04-20,23,42,14,56
2014-04-21,0,22,6,28
2014-04-21,1,11,2,13
2014-04-21,2,11,0,11
2014-04-21,3,1,0,1
2014-04-21,4,8,1,9
2014-04-21,5,47,2,49
2014-04-21,6,171,10,181
2014-04-21,7,497,23,520
2014-04-21,8,846,34,880
2014-04-21,9,362,80,442
2014-04-21,10,205,121,326
2014-04-21,11,199,143,342
2014-04-21,12,311,151,462
2014-04-21,13,266,146,412
2014-04-21,14,230,193,423
2014-04-21,15,287,221,508
2014-04-21,16,501,205,706
2014-04-21,17,1082,227,1309
2014-04-21,18,972,158,1130
2014-04-21,19,642,115,757
2014-04-21,20,400,78,478
2014-04-21,21,292,65,357
2014-04-21,22,178,36,214
2014-04-21,23,100,12,112
2014-04-22,0,38,15,53
2014-04-22,1,12,14,26
2014-04-22,2,4,9,13
2014-04-22,3,1,9,10
2014-04-22,4,5,0,5
2014-04-22,5,55,4,59
2014-04-22,6,231,8,239
2014-04-22,7,671,16,687
2014-04-22,8,1033,48,1081
2014-04-22,9,403,57,460
2014-04-22,10,220,90,310
2014-04-22,11,220,95,315
2014-04-22,12,347,148,495
2014-04-22,13,217,97,314
2014-04-22,14,89,26,115
2014-04-22,15,219,87,306
2014-04-22,16,425,112,537
2014-04-22,17,986,145,1131
2014-04-22,18,905,77,982
2014-04-22,19,615,71,686
2014-04-22,20,467,53,520
2014-04-22,21,337,30,367
2014-04-22,22,224,35,259
2014-04-22,23,121,17,138
2014-04-23,0,44,4,48
2014-04-23,1,22,2,24
2014-04-23,2,1,0,1
2014-04-23,3,5,0,5
2014-04-23,4,7,1,8
2014-04-23,5,55,3,58
2014-04-23,6,206,8,214
2014-04-23,7,653,24,677
2014-04-23,8,963,33,996
2014-04-23,9,386,58,444
2014-04-23,10,171,73,244
2014-04-23,11,218,100,318
2014-04-23,12,269,84,353
2014-04-23,13,257,128,385
2014-04-23,14,253,107,360
2014-04-23,15,272,98,370
2014-04-23,16,466,121,587
2014-04-23,17,1019,119,1138
2014-04-23,18,960,91,1051
2014-04-23,19,551,68,619
2014-04-23,20,384,37,421
2014-04-23,21,271,26,297
2014-04-23,22,199,13,212
2014-04-23,23,92,3,95
2014-04-24,0,39,2,41
2014-04-24,1,14,0,14
2014-04-24,2,7,0,7
2014-04-24,3,1,0,1
2014-04-24,4,4,0,4
2014-04-24,5,43,4,47
2014-04-24,6,211,4,215
2014-04-24,7,563,15,578
2014-04-24,8,960,31,991
2014-04-24,9,419,66,485
2014-04-24,10,199,80,279
2014-04-24,11,208,107,315
2014-04-24,12,331,151,482
2014-04-24,13,313,130,443
2014-04-24,14,281,111,392
2014-04-24,15,320,162,482
2014-04-24,16,505,173,678
2014-04-24,17,1008,137,1145
2014-04-24,18,950,122,1072
2014-04-24,19,666,99,765
2014-04-24,20,430,65,495
2014-04-24,21,315,65,380
2014-04-24,22,246,51,297
2014-04-24,23,163,33,196
2014-04-25,0,80,24,104
2014-04-25,1,24,5,29
2014-04-25,2,8,10,18
2014-04-25,3,8,0,8
2014-04-25,4,5,0,5
2014-04-25,5,46,3,49
2014-04-25,6,171,8,179
2014-04-25,7,532,23,555
2014-04-25,8,968,49,1017
2014-04-25,9,432,69,501
2014-04-25,10,236,98,334
2014-04-25,11,278,135,413
2014-04-25,12,354,169,523
2014-04-25,13,360,159,519
2014-04-25,14,305,203,508
2014-04-25,15,424,170,594
2014-04-25,16,495,163,658
2014-04-25,17,142,23,165
2014-04-25,18,131,13,144
2014-04-25,19,287,47,334
2014-04-25,20,231,50,281
2014-04-25,21,168,41,209
2014-04-25,22,196,52,248
2014-04-25,23,145,34,179
2014-04-26,0,111,11,122
2014-04-26,1,63,19,82
2014-04-26,2,50,10,60
2014-04-26,3,15,3,18
2014-04-26,4,7,3,10
2014-04-26,5,12,2,14
2014-04-26,6,33,7,40
2014-04-26,7,110,29,139
2014-04-26,8,223,58,281
2014-04-26,9,346,169,515
2014-04-26,10,452,299,751
2014-04-26,11,533,454,987
2014-04-26,12,559,476,1035
2014-04-26,13,541,540,1081
2014-04-26,14,480,529,1009
2014-04-26,15,519,535,1054
2014-04-26,16,527,500,1027
2014-04-26,17,532,462,994
2014-04-26,18,444,340,784
2014-04-26,19,358,216,574
2014-04-26,20,223,126,349
2014-04-26,21,135,63,198
2014-04-26,22,145,64,209
2014-04-26,23,133,44,177
2014-04-27,0,144,38,182
2014-04-27,1,100,38,138
2014-04-27,2,54,22,76
2014-04-27,3,20,19,39
2014-04-27,4,11,2,13
2014-04-27,5,27,11,38
2014-04-27,6,33,58,91
2014-04-27,7,101,151,252
2014-04-27,8,228,167,395
2014-04-27,9,292,204,496
2014-04-27,10,416,243,659
2014-04-27,11,519,324,843
2014-04-27,12,606,411,1017
2014-04-27,13,552,424,976
2014-04-27,14,454,405,859
2014-04-27,15,502,381,883
2014-04-27,16,484,351,835
2014-04-27,17,525,397,922
2014-04-27,18,472,296,768
2014-04-27,19,364,193,557
2014-04-27,20,288,136,424
2014-04-27,21,159,89,248
2014-04-27,22,118,83,201
2014-04-27,23,76,53,129
2014-04-28,0,49,25,74
2014-04-28,1,11,15,26
2014-04-28,2,9,7,16
2014-04-28,3,3,0,3
2014-04-28,4,2,0,2
2014-04-28,5,57,5,62
2014-04-28,6,200,4,204
2014-04-28,7,591,17,608
2014-04-28,8,924,46,970
2014-04-28,9,357,100,457
2014-04-28,10,177,140,317
2014-04-28,11,209,147,356
2014-04-28,12,277,169,446
2014-04-28,13,286,139,425
2014-04-28,14,249,150,399
2014-04-28,15,260,108,368
2014-04-28,16,243,63,306
2014-04-28,17,432,48,480
2014-04-28,18,262,38,300
2014-04-28,19,227,10,237
2014-04-28,20,92,6,98
2014-04-28,21,101,7,108
2014-04-28,22,90,4,94
2014-04-28,23,54,5,59
2014-04-29,0,14,2,16
2014-04-29,1,4,1,5
2014-04-29,2,10,0,10
2014-04-29,3,2,0,2
2014-04-29,4,2,0,2
2014-04-29,5,51,0,51
2014-04-29,6,156,3,159
2014-04-29,7,322,13,335
2014-04-29,8,552,26,578
2014-04-29,9,122,5,127
2014-04-29,10,63,11,74
2014-04-29,11,62,6,68
2014-04-29,12,59,7,66
2014-04-29,13,81,10,91
2014-04-29,14,54,10,64
2014-04-29,15,53,12,65
2014-04-29,16,88,13,101
2014-04-29,17,291,31,322
2014-04-29,18,335,18,353
2014-04-29,19,303,16,319
2014-04-29,20,192,17,209
2014-04-29,21,44,5,49
2014-04-29,22,27,0,27
2014-04-29,23,20,2,22
2014-04-30,0,15,1,16
2014-04-30,1,11,1,12
2014-04-30,2,7,0,7
2014-04-30,4,3,0,3
2014-04-30,5,31,0,31
2014-04-30,6,81,6,87
2014-04-30,7,103,1,104
2014-04-30,8,148,3,151
2014-04-30,9,55,0,55
2014-04-30,10,31,4,35
2014-04-30,11,45,2,47
2014-04-30,12,25,1,26
2014-04-30,13,46,4,50
2014-04-30,14,38,3,41
2014-04-30,15,45,6,51
2014-04-30,16,132,8,140
2014-04-30,17,126,1,127
2014-04-30,18,92,3,95
2014-04-30,19,158,2,160
2014-04-30,20,202,4,206
2014-04-30,21,146,4,150
2014-04-30,22,122,3,125
2014-04-30,23,74,0,74
2014-05-01,0,35,0,35
2014-05-01,1,11,0,11
2014-05-01,2,3,1,4
2014-05-01,3,4,0,4
2014-05-01,4,5,1,6
2014-05-01,5,37,1,38
2014-05-01,6,176,3,179
2014-05-01,7,480,16,496
2014-05-01,8,856,25,881
2014-05-01,9,434,36,470
2014-05-01,10,247,55,302
2014-05-01,11,249,71,320
2014-05-01,12,335,99,434
2014-05-01,13,335,108,443
2014-05-01,14,278,94,372
2014-05-01,15,285,116,401
2014-05-01,16,521,111,632
2014-05-01,17,1024,134,1158
2014-05-01,18,1059,136,1195
2014-05-01,19,685,105,790
2014-05-01,20,521,65,586
2014-05-01,21,335,52,387
2014-05-01,22,219,25,244
2014-05-01,23,172,18,190
2014-05-02,0,74,5,79
2014-05-02,1,32,4,36
2014-05-02,2,24,3,27
2014-05-02,3,5,0,5
2014-05-02,4,7,0,7
2014-05-02,5,66,1,67
2014-05-02,6,156,3,159
2014-05-02,7,531,22,553
2014-05-02,8,965,40,1005
2014-05-02,9,453,72,525
2014-05-02,10,214,103,317
2014-05-02,11,271,137,408
2014-05-02,12,387,134,521
2014-05-02,13,360,149,509
2014-05-02,14,331,175,506
2014-05-02,15,374,160,534
2014-05-02,16,610,148,758
2014-05-02,17,1019,158,1177
2014-05-02,18,877,148,1025
2014-05-02,19,568,151,719
2014-05-02,20,381,105,486
2014-05-02,21,306,65,371
2014-05-02,22,265,52,317
2014-05-02,23,177,45,222
2014-05-03,0,151,25,176
2014-05-03,1,77,18,95
2014-05-03,2,68,10,78
2014-05-03,3,22,3,25
2014-05-03,4,7,3,10
2014-05-03,5,9,7,16
2014-05-03,6,39,2,41
2014-05-03,7,113,21,134
2014-05-03,8,229,35,264
2014-05-03,9,410,134,544
2014-05-03,10,415,237,652
2014-05-03,11,486,300,786
2014-05-03,12,540,382,922
2014-05-03,13,555,425,980
2014-05-03,14,516,447,963
2014-05-03,15,486,458,944
2014-05-03,16,527,421,948
2014-05-03,17,520,402,922
2014-05-03,18,429,284,713
2014-05-03,19,402,225,627
2014-05-03,20,303,115,418
2014-05-03,21,265,113,378
2014-05-03,22,225,91,316
2014-05-03,23,179,51,230
2014-05-04,0,135,46,181
2014-05-04,1,102,13,115
2014-05-04,2,59,12,71
2014-05-04,3,29,2,31
2014-05-04,4,7,5,12
2014-05-04,5,3,3,6
2014-05-04,6,16,7,23
2014-05-04,7,81,21,102
2014-05-04,8,167,65,232
2014-05-04,9,274,154,428
2014-05-04,10,469,273,742
2014-05-04,11,507,365,872
2014-05-04,12,554,437,991
2014-05-04,13,597,363,960
2014-05-04,14,514,373,887
2014-05-04,15,513,347,860
2014-05-04,16,528,347,875
2014-05-04,17,539,315,854
2014-05-04,18,505,244,749
2014-05-04,19,414,159,573
2014-05-04,20,282,101,383
2014-05-04,21,167,75,242
2014-05-04,22,165,54,219
2014-05-04,23,75,29,104
2014-05-05,0,25,9,34
2014-05-05,1,8,4,12
2014-05-05,2,2,0,2
2014-05-05,3,3,0,3
2014-05-05,4,3,0,3
2014-05-05,5,43,2,45
2014-05-05,6,213,8,221
2014-05-05,7,581,41,622
2014-05-05,8,898,30,928
2014-05-05,9,384,84,468
2014-05-05,10,203,103,306
2014-05-05,11,211,135,346
2014-05-05,12,286,143,429
2014-05-05,13,308,119,427
2014-05-05,14,255,106,361
2014-05-05,15,298,138,436
2014-05-05,16,460,147,607
2014-05-05,17,1015,168,1183
2014-05-05,18,927,101,1028
2014-05-05,19,330,39,369
2014-05-05,20,84,10,94
2014-05-05,21,53,5,58
2014-05-05,22,38,4,42
2014-05-05,23,61,2,63
2014-05-06,0,14,5,19
2014-05-06,1,18,6,24
2014-05-06,2,10,0,10
2014-05-06,3,1,2,3
2014-05-06,4,4,0,4
2014-05-06,5,58,2,60
2014-05-06,6,201,14,215
2014-05-06,7,627,29,656
2014-05-06,8,997,43,1040
2014-05-06,9,394,55,449
2014-05-06,10,199,88,287
2014-05-06,11,248,82,330
2014-05-06,12,321,101,422
2014-05-06,13,292,114,406
2014-05-06,14,285,133,418
2014-05-06,15,275,119,394
2014-05-06,16,543,165,708
2014-05-06,17,1150,233,1383
2014-05-06,18,1067,154,1221
2014-05-06,19,692,127,819
2014-05-06,20,502,98,600
2014-05-06,21,356,83,439
2014-05-06,22,268,55,323
2014-05-06,23,137,36,173
2014-05-07,0,50,24,74
2014-05-07,1,22,11,33
2014-05-07,2,6,9,15
2014-05-07,3,1,1,2
2014-05-07,4,3,0,3
2014-05-07,5,74,4,78
2014-05-07,6,240,17,257
2014-05-07,7,673,39,712
2014-05-07,8,1071,49,1120
2014-05-07,9,415,63,478
2014-05-07,10,196,63,259
2014-05-07,11,221,75,296
2014-05-07,12,67,16,83
2014-05-07,13,63,18,81
2014-05-07,14,159,44,203
2014-05-07,15,253,60,313
2014-05-07,16,453,66,519
2014-05-07,17,987,85,1072
2014-05-07,18,956,97,1053
2014-05-07,19,607,67,674
2014-05-07,20,463,36,499
2014-05-07,21,319,34,353
2014-05-07,22,219,28,247
2014-05-07,23,115,23,138
2014-05-08,0,49,11,60
2014-05-08,1,17,7,24
2014-05-08,2,10,3,13
2014-05-08,3,6,0,6
2014-05-08,4,5,8,13
2014-05-08,5,51,0,51
2014-05-08,6,225,12,237
2014-05-08,7,608,16,624
2014-05-08,8,927,48,975
2014-05-08,9,411,69,480
2014-05-08,10,199,57,256
2014-05-08,11,241,92,333
2014-05-08,12,345,103,448
2014-05-08,13,309,127,436
2014-05-08,14,258,134,392
2014-05-08,15,317,101,418
2014-05-08,16,529,108,637
2014-05-08,17,1139,149,1288
2014-05-08,18,1076,138,1214
2014-05-08,19,757,127,884
2014-05-08,20,498,91,589
2014-05-08,21,398,53,451
2014-05-08,22,292,72,364
2014-05-08,23,177,34,211
2014-05-09,0,78,24,102
2014-05-09,1,42,9,51
2014-05-09,2,14,7,21
2014-05-09,3,10,2,12
2014-05-09,4,8,0,8
2014-05-09,5,49,1,50
2014-05-09,6,208,12,220
2014-05-09,7,541,14,555
2014-05-09,8,926,36,962
2014-05-09,9,407,59,466
2014-05-09,10,199,90,289
2014-05-09,11,279,149,428
2014-05-09,12,396,183,579
2014-05-09,13,356,167,523
2014-05-09,14,357,185,542
2014-05-09,15,430,226,656
2014-05-09,16,566,194,760
2014-05-09,17,975,193,1168
2014-05-09,18,859,135,994
2014-05-09,19,547,88,635
2014-05-09,20,383,80,463
2014-05-09,21,304,61,365
2014-05-09,22,270,50,320
2014-05-09,23,198,42,240
2014-05-10,0,148,10,158
2014-05-10,1,112,12,124
2014-05-10,2,62,11,73
2014-05-10,3,25,12,37
2014-05-10,4,12,3,15
2014-05-10,5,15,2,17
2014-05-10,6,47,7,54
2014-05-10,7,119,18,137
2014-05-10,8,247,44,291
2014-05-10,9,365,106,471
2014-05-10,10,462,262,724
2014-05-10,11,473,265,738
2014-05-10,12,405,215,620
2014-05-10,13,246,125,371
2014-05-10,14,375,190,565
2014-05-10,15,345,226,571
2014-05-10,16,222,174,396
2014-05-10,17,367,204,571
2014-05-10,18,384,247,631
2014-05-10,19,380,180,560
2014-05-10,20,239,86,325
2014-05-10,21,233,58,291
2014-05-10,22,201,58,259
2014-05-10,23,159,73,232
2014-05-11,0,118,23,141
2014-05-11,1,112,24,136
2014-05-11,2,104,13,117
2014-05-11,3,38,9,47
2014-05-11,4,9,2,11
2014-05-11,5,11,0,11
2014-05-11,6,27,7,34
2014-05-11,7,78,22,100
2014-05-11,8,177,71,248
2014-05-11,9,313,127,440
2014-05-11,10,425,230,655
2014-05-11,11,504,286,790
2014-05-11,12,529,354,883
2014-05-11,13,518,423,941
2014-05-11,14,505,405,910
2014-05-11,15,517,463,980
2014-05-11,16,549,385,934
2014-05-11,17,501,371,872
2014-05-11,18,522,259,781
2014-05-11,19,449,220,669
2014-05-11,20,331,168,499
2014-05-11,21,190,142,332
2014-05-11,22,178,76,254
2014-05-11,23,142,42,184
2014-05-12,0,33,17,50
2014-05-12,1,16,7,23
2014-05-12,2,12,1,13
2014-05-12,3,7,2,9
2014-05-12,4,7,0,7
2014-05-12,5,61,0,61
2014-05-12,6,224,4,228
2014-05-12,7,625,23,648
2014-05-12,8,892,64,956
2014-05-12,9,377,83,460
2014-05-12,10,186,116,302
2014-05-12,11,219,146,365
2014-05-12,12,289,154,443
2014-05-12,13,272,154,426
2014-05-12,14,243,151,394
2014-05-12,15,279,123,402
2014-05-12,16,493,158,651
2014-05-12,17,1012,162,1174
2014-05-12,18,1001,121,1122
2014-05-12,19,631,123,754
2014-05-12,20,268,51,319
2014-05-12,21,272,31,303
2014-05-12,22,184,29,213
2014-05-12,23,95,16,111
2014-05-13,0,31,8,39
2014-05-13,1,13,13,26
2014-05-13,2,11,9,20
2014-05-13,3,4,0,4
2014-05-13,4,9,0,9
2014-05-13,5,76,1,77
2014-05-13,6,262,6,268
2014-05-13,7,722,29,751
2014-05-13,8,925,48,973
2014-05-13,9,400,62,462
2014-05-13,10,171,104,275
2014-05-13,11,205,97,302
2014-05-13,12,296,128,424
2014-05-13,13,326,186,512
2014-05-13,14,213,127,340
2014-05-13,15,243,119,362
2014-05-13,16,474,127,601
2014-05-13,17,1046,145,1191
2014-05-13,18,993,159,1152
2014-05-13,19,719,115,834
2014-05-13,20,475,93,568
2014-05-13,21,333,30,363
2014-05-13,22,227,31,258
2014-05-13,23,97,22,119
2014-05-14,0,48,5,53
2014-05-14,1,27,7,34
2014-05-14,2,10,2,12
2014-05-14,3,3,0,3
2014-05-14,4,7,1,8
2014-05-14,5,61,3,64
2014-05-14,6,237,9,246
2014-05-14,7,620,29,649
2014-05-14,8,928,57,985
2014-05-14,9,446,61,507
2014-05-14,10,205,94,299
2014-05-14,11,221,106,327
2014-05-14,12,282,109,391
2014-05-14,13,299,132,431
2014-05-14,14,280,147,427
2014-05-14,15,299,114,413
2014-05-14,16,520,144,664
2014-05-14,17,1052,142,1194
2014-05-14,18,961,123,1084
2014-05-14,19,603,92,695
2014-05-14,20,434,55,489
2014-05-14,21,288,53,341
2014-05-14,22,240,28,268
2014-05-14,23,117,20,137
2014-05-15,0,32,6,38
2014-05-15,1,27,16,43
2014-05-15,2,12,4,16
2014-05-15,3,2,14,16
2014-05-15,4,7,2,9
2014-05-15,5,48,1,49
2014-05-15,6,260,15,275
2014-05-15,7,682,26,708
2014-05-15,8,983,47,1030
2014-05-15,9,441,47,488
2014-05-15,10,191,98,289
2014-05-15,11,239,125,364
2014-05-15,12,291,94,385
2014-05-15,13,294,119,413
2014-05-15,14,251,154,405
2014-05-15,15,329,140,469
2014-05-15,16,577,146,723
2014-05-15,17,1036,167,1203
2014-05-15,18,773,106,879
2014-05-15,19,563,71,634
2014-05-15,20,370,57,427
2014-05-15,21,307,36,343
2014-05-15,22,85,13,98
2014-05-15,23,83,13,96
2014-05-16,0,37,0,37
2014-05-16,1,7,0,7
2014-05-16,2,4,1,5
2014-05-16,3,4,0,4
2014-05-16,4,3,0,3
2014-05-16,5,14,0,14
2014-05-16,6,23,2,25
2014-05-16,7,90,9,99
2014-05-16,8,161,8,169
2014-05-16,9,317,26,343
2014-05-16,10,187,21,208
2014-05-16,11,233,54,287
2014-05-16,12,337,103,440
2014-05-16,13,337,143,480
2014-05-16,14,340,122,462
2014-05-16,15,357,175,532
2014-05-16,16,578,199,777
2014-05-16,17,943,173,1116
2014-05-16,18,820,158,978
2014-05-16,19,575,97,672
2014-05-16,20,400,99,499
2014-05-16,21,318,79,397
2014-05-16,22,214,46,260
2014-05-16,23,186,33,219
2014-05-17,0,109,26,135
2014-05-17,1,104,17,121
2014-05-17,2,71,12,83
2014-05-17,3,25,5,30
2014-05-17,4,10,7,17
2014-05-17,5,12,1,13
2014-05-17,6,37,5,42
2014-05-17,7,105,16,121
2014-05-17,8,226,57,283
2014-05-17,9,320,125,445
2014-05-17,10,406,197,603
2014-05-17,11,461,303,764
2014-05-17,12,550,372,922
2014-05-17,13,549,433,982
2014-05-17,14,539,450,989
2014-05-17,15,563,484,1047
2014-05-17,16,508,416,924
2014-05-17,17,466,386,852
2014-05-17,18,469,292,761
2014-05-17,19,433,214,647
2014-05-17,20,297,160,457
2014-05-17,21,282,127,409
2014-05-17,22,235,89,324
2014-05-17,23,175,57,232
2014-05-18,0,144,30,174
2014-05-18,1,115,17,132
2014-05-18,2,79,12,91
2014-05-18,3,49,10,59
2014-05-18,4,11,4,15
2014-05-18,5,12,9,21
2014-05-18,6,28,4,32
2014-05-18,7,78,19,97
2014-05-18,8,171,48,219
2014-05-18,9,286,131,417
2014-05-18,10,423,208,631
2014-05-18,11,458,316,774
2014-05-18,12,617,344,961
2014-05-18,13,561,400,961
2014-05-18,14,515,371,886
2014-05-18,15,478,382,860
2014-05-18,16,523,326,849
2014-05-18,17,498,329,827
2014-05-18,18,469,200,669
2014-05-18,19,360,157,517
2014-05-18,20,303,100,403
2014-05-18,21,189,89,278
2014-05-18,22,152,71,223
2014-05-18,23,79,32,111
2014-05-19,0,33,13,46
2014-05-19,1,10,1,11
2014-05-19,2,8,4,12
2014-05-19,3,2,0,2
2014-05-19,4,7,0,7
2014-05-19,5,54,8,62
2014-05-19,6,202,10,212
2014-05-19,7,636,40,676
2014-05-19,8,846,48,894
2014-05-19,9,334,84,418
2014-05-19,10,203,159,362
2014-05-19,11,215,173,388
2014-05-19,12,318,146,464
2014-05-19,13,327,172,499
2014-05-19,14,292,195,487
2014-05-19,15,334,171,505
2014-05-19,16,526,171,697
2014-05-19,17,1098,229,1327
2014-05-19,18,999,163,1162
2014-05-19,19,667,130,797
2014-05-19,20,498,80,578
2014-05-19,21,360,67,427
2014-05-19,22,209,41,250
2014-05-19,23,116,34,150
2014-05-20,0,48,16,64
2014-05-20,1,17,3,20
2014-05-20,2,6,0,6
2014-05-20,3,6,2,8
2014-05-20,4,5,0,5
2014-05-20,5,69,4,73
2014-05-20,6,245,13,258
2014-05-20,7,716,28,744
2014-05-20,8,1036,50,1086
2014-05-20,9,407,65,472
2014-05-20,10,179,100,279
2014-05-20,11,204,129,333
2014-05-20,12,342,146,488
2014-05-20,13,336,158,494
2014-05-20,14,297,117,414
2014-05-20,15,321,130,451
2014-05-20,16,560,173,733
2014-05-20,17,1054,217,1271
2014-05-20,18,1025,194,1219
2014-05-20,19,648,170,818
2014-05-20,20,485,137,622
2014-05-20,21,382,107,489
2014-05-20,22,264,81,345
2014-05-20,23,128,27,155
2014-05-21,0,49,17,66
2014-05-21,1,11,6,17
2014-05-21,2,9,4,13
2014-05-21,3,4,0,4
2014-05-21,4,9,5,14
2014-05-21,5,66,2,68
2014-05-21,6,251,15,266
2014-05-21,7,680,33,713
2014-05-21,8,941,48,989
2014-05-21,9,432,58,490
2014-05-21,10,213,58,271
2014-05-21,11,237,100,337
2014-05-21,12,279,104,383
2014-05-21,13,306,111,417
2014-05-21,14,275,93,368
2014-05-21,15,363,119,482
2014-05-21,16,530,138,668
2014-05-21,17,744,116,860
2014-05-21,18,437,50,487
2014-05-21,19,479,75,554
2014-05-21,20,453,69,522
2014-05-21,21,193,32,225
2014-05-21,22,155,32,187
2014-05-21,23,86,16,102
2014-05-22,0,48,8,56
2014-05-22,1,17,22,39
2014-05-22,2,14,6,20
2014-05-22,3,7,0,7
2014-05-22,4,9,0,9
2014-05-22,5,47,0,47
2014-05-22,6,153,7,160
2014-05-22,7,555,25,580
2014-05-22,8,990,45,1035
2014-05-22,9,432,65,497
2014-05-22,10,215,119,334
2014-05-22,11,226,157,383
2014-05-22,12,340,166,506
2014-05-22,13,321,126,447
2014-05-22,14,285,104,389
2014-05-22,15,318,116,434
2014-05-22,16,498,164,662
2014-05-22,17,1059,149,1208
2014-05-22,18,960,148,1108
2014-05-22,19,646,134,780
2014-05-22,20,511,102,613
2014-05-22,21,400,84,484
2014-05-22,22,278,56,334
2014-05-22,23,152,42,194
2014-05-23,0,76,36,112
2014-05-23,1,46,15,61
2014-05-23,2,19,6,25
2014-05-23,3,10,5,15
2014-05-23,4,6,1,7
2014-05-23,5,53,0,53
2014-05-23,6,172,5,177
2014-05-23,7,553,28,581
2014-05-23,8,840,63,903
2014-05-23,9,459,88,547
2014-05-23,10,245,112,357
2014-05-23,11,304,156,460
2014-05-23,12,352,185,537
2014-05-23,13,395,165,560
2014-05-23,14,475,179,654
2014-05-23,15,619,229,848
2014-05-23,16,661,195,856
2014-05-23,17,753,197,950
2014-05-23,18,665,148,813
2014-05-23,19,559,146,705
2014-05-23,20,350,84,434
2014-05-23,21,243,57,300
2014-05-23,22,193,46,239
2014-05-23,23,174,31,205
2014-05-24,0,95,22,117
2014-05-24,1,72,7,79
2014-05-24,2,36,5,41
2014-05-24,3,11,16,27
2014-05-24,4,12,0,12
2014-05-24,5,9,7,16
2014-05-24,6,34,11,45
2014-05-24,7,82,21,103
2014-05-24,8,162,54,216
2014-05-24,9,291,132,423
2014-05-24,10,317,231,548
2014-05-24,11,377,369,746
2014-05-24,12,404,509,913
2014-05-24,13,438,485,923
2014-05-24,14,417,524,941
2014-05-24,15,400,526,926
2014-05-24,16,372,479,851
2014-05-24,17,376,449,825
2014-05-24,18,361,438,799
2014-05-24,19,307,323,630
2014-05-24,20,279,225,504
2014-05-24,21,206,136,342
2014-05-24,22,189,110,299
2014-05-24,23,136,63,199
2014-05-25,0,107,39,146
2014-05-25,1,62,23,85
2014-05-25,2,36,7,43
2014-05-25,3,18,1,19
2014-05-25,4,8,4,12
2014-05-25,5,7,1,8
2014-05-25,6,21,10,31
2014-05-25,7,54,32,86
2014-05-25,8,135,105,240
2014-05-25,9,245,263,508
2014-05-25,10,317,408,725
2014-05-25,11,381,531,912
2014-05-25,12,446,507,953
2014-05-25,13,432,562,994
2014-05-25,14,443,564,1007
2014-05-25,15,409,638,1047
2014-05-25,16,368,645,1013
2014-05-25,17,370,500,870
2014-05-25,18,341,519,860
2014-05-25,19,346,434,780
2014-05-25,20,255,320,575
2014-05-25,21,240,278,518
2014-05-25,22,159,207,366
2014-05-25,23,143,144,287
2014-05-26,0,116,76,192
2014-05-26,1,70,48,118
2014-05-26,2,44,13,57
2014-05-26,3,16,1,17
2014-05-26,4,8,1,9
2014-05-26,5,18,2,20
2014-05-26,6,27,16,43
2014-05-26,7,60,36,96
2014-05-26,8,109,85,194
2014-05-26,9,212,224,436
2014-05-26,10,320,389,709
2014-05-26,11,378,468,846
2014-05-26,12,483,474,957
2014-05-26,13,474,507,981
2014-05-26,14,410,425,835
2014-05-26,15,393,506,899
2014-05-26,16,485,415,900
2014-05-26,17,426,332,758
2014-05-26,18,390,338,728
2014-05-26,19,379,243,622
2014-05-26,20,357,181,538
2014-05-26,21,262,156,418
2014-05-26,22,123,46,169
2014-05-26,23,99,48,147
2014-05-27,0,26,13,39
2014-05-27,1,25,5,30
2014-05-27,2,9,1,10
2014-05-27,3,5,1,6
2014-05-27,4,6,1,7
2014-05-27,5,54,4,58
2014-05-27,6,238,11,249
2014-05-27,7,667,35,702
2014-05-27,8,896,71,967
2014-05-27,9,400,94,494
2014-05-27,10,176,135,311
2014-05-27,11,220,185,405
2014-05-27,12,285,159,444
2014-05-27,13,306,106,412
2014-05-27,14,229,138,367
2014-05-27,15,300,141,441
2014-05-27,16,475,141,616
2014-05-27,17,1070,202,1272
2014-05-27,18,536,86,622
2014-05-27,19,66,22,88
2014-05-27,20,196,22,218
2014-05-27,21,209,33,242
2014-05-27,22,125,18,143
2014-05-27,23,70,8,78
2014-05-28,0,25,3,28
2014-05-28,1,11,0,11
2014-05-28,2,8,0,8
2014-05-28,3,1,6,7
2014-05-28,4,9,2,11
2014-05-28,5,58,3,61
2014-05-28,6,264,10,274
2014-05-28,7,735,36,771
2014-05-28,8,901,49,950
2014-05-28,9,415,55,470
2014-05-28,10,200,100,300
2014-05-28,11,212,146,358
2014-05-28,12,317,113,430
2014-05-28,13,300,130,430
2014-05-28,14,268,107,375
2014-05-28,15,295,80,375
2014-05-28,16,432,114,546
2014-05-28,17,1065,153,1218
2014-05-28,18,1040,124,1164
2014-05-28,19,712,105,817
2014-05-28,20,529,66,595
2014-05-28,21,289,36,325
2014-05-28,22,216,34,250
2014-05-28,23,123,25,148
2014-05-29,0,41,11,52
2014-05-29,1,16,1,17
2014-05-29,2,3,1,4
2014-05-29,4,5,0,5
2014-05-29,5,46,4,50
2014-05-29,6,134,15,149
2014-05-29,7,337,28,365
2014-05-29,8,718,31,749
2014-05-29,9,373,50,423
2014-05-29,10,185,33,218
2014-05-29,11,168,51,219
2014-05-29,12,186,40,226
2014-05-29,13,120,25,145
2014-05-29,14,77,25,102
2014-05-29,15,53,11,64
2014-05-29,16,109,29,138
2014-05-29,17,438,29,467
2014-05-29,18,482,34,516
2014-05-29,19,481,49,530
2014-05-29,20,329,28,357
2014-05-29,21,260,36,296
2014-05-29,22,135,12,147
2014-05-29,23,63,5,68
2014-05-30,0,47,1,48
2014-05-30,1,16,3,19
2014-05-30,2,7,2,9
2014-05-30,3,3,1,4
2014-05-30,4,6,0,6
2014-05-30,5,48,4,52
2014-05-30,6,173,8,181
2014-05-30,7,557,20,577
2014-05-30,8,915,31,946
2014-05-30,9,430,51,481
2014-05-30,10,220,90,310
2014-05-30,11,274,142,416
2014-05-30,12,378,155,533
2014-05-30,13,370,157,527
2014-05-30,14,348,173,521
2014-05-30,15,366,175,541
2014-05-30,16,645,171,816
2014-05-30,17,1056,190,1246
2014-05-30,18,907,168,1075
2014-05-30,19,650,150,800
2014-05-30,20,447,98,545
2014-05-30,21,393,68,461
2014-05-30,22,328,82,410
2014-05-30,23,207,74,281
2014-05-31,0,153,44,197
2014-05-31,1,113,21,134
2014-05-31,2,82,23,105
2014-05-31,3,43,7,50
2014-05-31,4,17,1,18
2014-05-31,5,10,3,13
2014-05-31,6,42,11,53
2014-05-31,7,110,20,130
2014-05-31,8,248,60,308
2014-05-31,9,368,130,498
2014-05-31,10,501,233,734
2014-05-31,11,551,264,815
2014-05-31,12,547,385,932
2014-05-31,13,579,408,987
2014-05-31,14,558,504,1062
2014-05-31,15,602,456,1058
2014-05-31,16,526,398,924
2014-05-31,17,533,427,960
2014-05-31,18,481,370,851
2014-05-31,19,416,261,677
2014-05-31,20,374,193,567
2014-05-31,21,274,151,425
2014-05-31,22,235,107,342
2014-05-31,23,185,49,234
2014-06-01,0,177,32,209
2014-06-01,1,93,18,111
2014-06-01,2,76,15,91
2014-06-01,3,36,18,54
2014-06-01,4,8,8,16
2014-06-01,5,10,0,10
2014-06-01,6,19,12,31
2014-06-01,7,66,28,94
2014-06-01,8,158,75,233
2014-06-01,9,305,166,471
2014-06-01,10,475,206,681
2014-06-01,11,540,268,808
2014-06-01,12,581,363,944
2014-06-01,13,579,384,963
2014-06-01,14,524,402,926
2014-06-01,15,548,333,881
2014-06-01,16,602,342,944
2014-06-01,17,554,308,862
2014-06-01,18,516,242,758
2014-06-01,19,440,193,633
2014-06-01,20,353,177,530
2014-06-01,21,237,99,336
2014-06-01,22,162,67,229
2014-06-01,23,88,29,117
2014-06-02,0,26,17,43
2014-06-02,1,8,3,11
2014-06-02,2,10,9,19
2014-06-02,3,2,1,3
2014-06-02,4,5,1,6
2014-06-02,5,70,3,73
2014-06-02,6,253,12,265
2014-06-02,7,671,33,704
2014-06-02,8,953,57,1010
2014-06-02,9,375,72,447
2014-06-02,10,175,109,284
2014-06-02,11,210,144,354
2014-06-02,12,317,164,481
2014-06-02,13,303,135,438
2014-06-02,14,283,152,435
2014-06-02,15,309,141,450
2014-06-02,16,510,142,652
2014-06-02,17,1155,181,1336
2014-06-02,18,1070,174,1244
2014-06-02,19,673,117,790
2014-06-02,20,451,66,517
2014-06-02,21,370,58,428
2014-06-02,22,199,40,239
2014-06-02,23,94,32,126
2014-06-03,0,36,23,59
2014-06-03,1,15,1,16
2014-06-03,2,11,1,12
2014-06-03,3,3,0,3
2014-06-03,4,5,1,6
2014-06-03,5,65,3,68
2014-06-03,6,286,19,305
2014-06-03,7,784,26,810
2014-06-03,8,1017,53,1070
2014-06-03,9,423,60,483
2014-06-03,10,211,97,308
2014-06-03,11,257,109,366
2014-06-03,12,336,97,433
2014-06-03,13,185,83,268
2014-06-03,14,137,66,203
2014-06-03,15,283,107,390
2014-06-03,16,493,118,611
2014-06-03,17,1085,160,1245
2014-06-03,18,1104,170,1274
2014-06-03,19,692,113,805
2014-06-03,20,488,109,597
2014-06-03,21,427,85,512
2014-06-03,22,281,80,361
2014-06-03,23,126,36,162
2014-06-04,0,69,15,84
2014-06-04,1,18,0,18
2014-06-04,2,6,0,6
2014-06-04,3,4,3,7
2014-06-04,4,4,7,11
2014-06-04,5,67,9,76
2014-06-04,6,285,20,305
2014-06-04,7,772,38,810
2014-06-04,8,1004,48,1052
2014-06-04,9,479,69,548
2014-06-04,10,211,96,307
2014-06-04,11,239,112,351
2014-06-04,12,305,96,401
2014-06-04,13,269,110,379
2014-06-04,14,297,132,429
2014-06-04,15,315,108,423
2014-06-04,16,561,121,682
2014-06-04,17,1162,147,1309
2014-06-04,18,1084,142,1226
2014-06-04,19,691,121,812
2014-06-04,20,462,66,528
2014-06-04,21,173,22,195
2014-06-04,22,88,9,97
2014-06-04,23,92,18,110
2014-06-05,0,31,9,40
2014-06-05,1,14,5,19
2014-06-05,2,5,6,11
2014-06-05,3,1,3,4
2014-06-05,4,8,0,8
2014-06-05,5,44,2,46
2014-06-05,6,243,9,252
2014-06-05,7,588,29,617
2014-06-05,8,982,42,1024
2014-06-05,9,471,51,522
2014-06-05,10,200,69,269
2014-06-05,11,253,84,337
2014-06-05,12,348,97,445
2014-06-05,13,328,91,419
2014-06-05,14,295,119,414
2014-06-05,15,397,113,510
2014-06-05,16,563,111,674
2014-06-05,17,1086,168,1254
2014-06-05,18,1067,138,1205
2014-06-05,19,743,119,862
2014-06-05,20,615,121,736
2014-06-05,21,452,68,520
2014-06-05,22,294,41,335
2014-06-05,23,191,23,214
2014-06-06,0,92,16,108
2014-06-06,1,39,3,42
2014-06-06,2,14,3,17
2014-06-06,3,4,2,6
2014-06-06,4,3,2,5
2014-06-06,5,57,6,63
2014-06-06,6,227,9,236
2014-06-06,7,682,38,720
2014-06-06,8,987,64,1051
2014-06-06,9,518,85,603
2014-06-06,10,264,74,338
2014-06-06,11,283,113,396
2014-06-06,12,388,164,552
2014-06-06,13,408,180,588
2014-06-06,14,424,181,605
2014-06-06,15,428,141,569
2014-06-06,16,712,202,914
2014-06-06,17,1152,199,1351
2014-06-06,18,881,151,1032
2014-06-06,19,675,129,804
2014-06-06,20,483,135,618
2014-06-06,21,326,126,452
2014-06-06,22,323,86,409
2014-06-06,23,256,74,330
2014-06-07,0,159,49,208
2014-06-07,1,126,20,146
2014-06-07,2,90,21,111
2014-06-07,3,39,14,53
2014-06-07,4,11,4,15
2014-06-07,5,16,7,23
2014-06-07,6,42,14,56
2014-06-07,7,116,25,141
2014-06-07,8,218,58,276
2014-06-07,9,373,132,505
2014-06-07,10,479,238,717
2014-06-07,11,568,374,942
2014-06-07,12,586,340,926
2014-06-07,13,607,383,990
2014-06-07,14,578,426,1004
2014-06-07,15,528,364,892
2014-06-07,16,491,323,814
2014-06-07,17,447,319,766
2014-06-07,18,396,271,667
2014-06-07,19,496,274,770
2014-06-07,20,380,219,599
2014-06-07,21,285,167,452
2014-06-07,22,303,130,433
2014-06-07,23,231,103,334
2014-06-08,0,175,86,261
2014-06-08,1,110,38,148
2014-06-08,2,99,30,129
2014-06-08,3,37,21,58
2014-06-08,4,10,6,16
2014-06-08,5,12,1,13
2014-06-08,6,19,9,28
2014-06-08,7,71,26,97
2014-06-08,8,161,70,231
2014-06-08,9,274,153,427
2014-06-08,10,404,254,658
2014-06-08,11,506,308,814
2014-06-08,12,566,377,943
2014-06-08,13,579,370,949
2014-06-08,14,532,364,896
2014-06-08,15,556,345,901
2014-06-08,16,548,306,854
2014-06-08,17,505,292,797
2014-06-08,18,545,245,790
2014-06-08,19,394,233,627
2014-06-08,20,294,143,437
2014-06-08,21,193,96,289
2014-06-08,22,119,54,173
2014-06-08,23,36,16,52
2014-06-09,0,5,1,6
2014-06-09,1,5,1,6
2014-06-09,2,8,0,8
2014-06-09,3,5,0,5
2014-06-09,4,6,2,8
2014-06-09,5,55,1,56
2014-06-09,6,261,11,272
2014-06-09,7,660,38,698
2014-06-09,8,935,53,988
2014-06-09,9,402,101,503
2014-06-09,10,184,116,300
2014-06-09,11,241,167,408
2014-06-09,12,285,164,449
2014-06-09,13,276,176,452
2014-06-09,14,266,148,414
2014-06-09,15,285,156,441
2014-06-09,16,493,145,638
2014-06-09,17,1127,179,1306
2014-06-09,18,1043,154,1197
2014-06-09,19,726,141,867
2014-06-09,20,541,97,638
2014-06-09,21,364,76,440
2014-06-09,22,213,52,265
2014-06-09,23,106,25,131
2014-06-10,0,35,8,43
2014-06-10,1,17,1,18
2014-06-10,2,3,3,6
2014-06-10,3,3,3,6
2014-06-10,4,10,0,10
2014-06-10,5,71,7,78
2014-06-10,6,254,15,269
2014-06-10,7,744,41,785
2014-06-10,8,901,42,943
2014-06-10,9,342,39,381
2014-06-10,10,152,66,218
2014-06-10,11,158,93,251
2014-06-10,12,193,78,271
2014-06-10,13,188,63,251
2014-06-10,14,210,108,318
2014-06-10,15,270,104,374
2014-06-10,16,544,117,661
2014-06-10,17,1069,163,1232
2014-06-10,18,953,149,1102
2014-06-10,19,651,106,757
2014-06-10,20,544,72,616
2014-06-10,21,350,96,446
2014-06-10,22,263,66,329
2014-06-10,23,153,30,183
2014-06-11,0,43,23,66
2014-06-11,1,16,6,22
2014-06-11,2,9,4,13
2014-06-11,3,1,1,2
2014-06-11,4,9,1,10
2014-06-11,5,65,2,67
2014-06-11,6,102,8,110
2014-06-11,7,445,20,465
2014-06-11,8,985,39,1024
2014-06-11,9,443,48,491
2014-06-11,10,244,61,305
2014-06-11,11,256,87,343
2014-06-11,12,326,103,429
2014-06-11,13,304,95,399
2014-06-11,14,242,87,329
2014-06-11,15,321,131,452
2014-06-11,16,525,126,651
2014-06-11,17,1156,139,1295
2014-06-11,18,866,108,974
2014-06-11,19,569,66,635
2014-06-11,20,270,38,308
2014-06-11,21,55,9,64
2014-06-11,22,90,2,92
2014-06-11,23,57,9,66
2014-06-12,0,44,2,46
2014-06-12,1,11,2,13
2014-06-12,2,3,4,7
2014-06-12,3,2,0,2
2014-06-12,4,5,1,6
2014-06-12,5,50,1,51
2014-06-12,6,192,11,203
2014-06-12,7,562,17,579
2014-06-12,8,918,39,957
2014-06-12,9,383,45,428
2014-06-12,10,216,60,276
2014-06-12,11,234,84,318
2014-06-12,12,306,94,400
2014-06-12,13,311,82,393
2014-06-12,14,241,87,328
2014-06-12,15,234,65,299
2014-06-12,16,360,55,415
2014-06-12,17,920,115,1035
2014-06-12,18,973,122,1095
2014-06-12,19,673,97,770
2014-06-12,20,554,80,634
2014-06-12,21,408,51,459
2014-06-12,22,247,35,282
2014-06-12,23,196,18,214
2014-06-13,0,81,21,102
2014-06-13,1,40,5,45
2014-06-13,2,15,4,19
2014-06-13,3,2,1,3
2014-06-13,4,5,2,7
2014-06-13,5,58,5,63
2014-06-13,6,237,10,247
2014-06-13,7,586,17,603
2014-06-13,8,1002,60,1062
2014-06-13,9,511,89,600
2014-06-13,10,245,108,353
2014-06-13,11,272,121,393
2014-06-13,12,363,167,530
2014-06-13,13,219,80,299
2014-06-13,14,134,43,177
2014-06-13,15,335,95,430
2014-06-13,16,484,139,623
2014-06-13,17,1040,164,1204
2014-06-13,18,676,85,761
2014-06-13,19,508,98,606
2014-06-13,20,410,67,477
2014-06-13,21,293,55,348
2014-06-13,22,227,50,277
2014-06-13,23,192,36,228
2014-06-14,0,139,26,165
2014-06-14,1,87,18,105
2014-06-14,2,54,13,67
2014-06-14,3,29,3,32
2014-06-14,4,10,4,14
2014-06-14,5,10,3,13
2014-06-14,6,77,15,92
2014-06-14,7,158,34,192
2014-06-14,8,229,77,306
2014-06-14,9,418,138,556
2014-06-14,10,460,205,665
2014-06-14,11,517,333,850
2014-06-14,12,541,333,874
2014-06-14,13,518,366,884
2014-06-14,14,593,438,1031
2014-06-14,15,544,431,975
2014-06-14,16,533,387,920
2014-06-14,17,603,419,1022
2014-06-14,18,434,302,736
2014-06-14,19,364,226,590
2014-06-14,20,446,240,686
2014-06-14,21,326,128,454
2014-06-14,22,237,99,336
2014-06-14,23,249,80,329
2014-06-15,0,140,30,170
2014-06-15,1,100,18,118
2014-06-15,2,77,22,99
2014-06-15,3,35,9,44
2014-06-15,4,11,1,12
2014-06-15,5,12,1,13
2014-06-15,6,27,10,37
2014-06-15,7,68,26,94
2014-06-15,8,181,60,241
2014-06-15,9,297,152,449
2014-06-15,10,418,223,641
2014-06-15,11,562,305,867
2014-06-15,12,586,369,955
2014-06-15,13,512,404,916
2014-06-15,14,571,406,977
2014-06-15,15,514,428,942
2014-06-15,16,577,315,892
2014-06-15,17,559,298,857
2014-06-15,18,465,251,716
2014-06-15,19,368,243,611
2014-06-15,20,413,183,596
2014-06-15,21,246,91,337
2014-06-15,22,203,86,289
2014-06-15,23,113,50,163
2014-06-16,0,40,21,61
2014-06-16,1,15,5,20
2014-06-16,2,2,0,2
2014-06-16,3,2,0,2
2014-06-16,4,10,2,12
2014-06-16,5,63,4,67
2014-06-16,6,260,10,270
2014-06-16,7,659,35,694
2014-06-16,8,920,72,992
2014-06-16,9,396,61,457
2014-06-16,10,213,160,373
2014-06-16,11,223,160,383
2014-06-16,12,274,115,389
2014-06-16,13,269,131,400
2014-06-16,14,259,144,403
2014-06-16,15,292,124,416
2014-06-16,16,542,162,704
2014-06-16,17,1271,158,1429
2014-06-16,18,881,122,1003
2014-06-16,19,502,121,623
2014-06-16,20,696,147,843
2014-06-16,21,386,96,482
2014-06-16,22,221,57,278
2014-06-16,23,113,16,129
2014-06-17,0,36,7,43
2014-06-17,1,15,1,16
2014-06-17,2,5,1,6
2014-06-17,3,3,1,4
2014-06-17,4,11,3,14
2014-06-17,5,76,6,82
2014-06-17,6,283,16,299
2014-06-17,7,778,41,819
2014-06-17,8,1049,58,1107
2014-06-17,9,394,72,466
2014-06-17,10,192,109,301
2014-06-17,11,207,102,309
2014-06-17,12,269,85,354
2014-06-17,13,227,93,320
2014-06-17,14,260,116,376
2014-06-17,15,276,124,400
2014-06-17,16,481,123,604
2014-06-17,17,1083,170,1253
2014-06-17,18,1033,153,1186
2014-06-17,19,699,119,818
2014-06-17,20,604,138,742
2014-06-17,21,378,85,463
2014-06-17,22,281,57,338
2014-06-17,23,143,43,186
2014-06-18,0,52,23,75
2014-06-18,1,14,7,21
2014-06-18,2,8,1,9
2014-06-18,3,5,0,5
2014-06-18,4,6,2,8
2014-06-18,5,71,6,77
2014-06-18,6,289,22,311
2014-06-18,7,729,40,769
2014-06-18,8,979,62,1041
2014-06-18,9,406,59,465
2014-06-18,10,191,82,273
2014-06-18,11,207,79,286
2014-06-18,12,277,86,363
2014-06-18,13,266,117,383
2014-06-18,14,242,85,327
2014-06-18,15,271,134,405
2014-06-18,16,469,79,548
2014-06-18,17,1009,128,1137
2014-06-18,18,955,144,1099
2014-06-18,19,653,110,763
2014-06-18,20,517,104,621
2014-06-18,21,410,84,494
2014-06-18,22,258,46,304
2014-06-18,23,171,36,207
2014-06-19,0,52,8,60
2014-06-19,1,15,0,15
2014-06-19,2,10,2,12
2014-06-19,3,2,0,2
2014-06-19,4,7,0,7
2014-06-19,5,60,5,65
2014-06-19,6,260,17,277
2014-06-19,7,725,26,751
2014-06-19,8,1006,57,1063
2014-06-19,9,407,57,464
2014-06-19,10,196,70,266
2014-06-19,11,229,106,335
2014-06-19,12,307,121,428
2014-06-19,13,284,134,418
2014-06-19,14,274,112,386
2014-06-19,15,321,136,457
2014-06-19,16,492,145,637
2014-06-19,17,1113,125,1238
2014-06-19,18,927,123,1050
2014-06-19,19,653,156,809
2014-06-19,20,500,137,637
2014-06-19,21,389,80,469
2014-06-19,22,310,70,380
2014-06-19,23,168,30,198
2014-06-20,0,66,22,88
2014-06-20,1,36,10,46
2014-06-20,2,24,2,26
2014-06-20,3,7,0,7
2014-06-20,4,12,0,12
2014-06-20,5,55,7,62
2014-06-20,6,241,17,258
2014-06-20,7,661,37,698
2014-06-20,8,954,58,1012
2014-06-20,9,417,92,509
2014-06-20,10,274,124,398
2014-06-20,11,320,153,473
2014-06-20,12,367,149,516
2014-06-20,13,345,188,533
2014-06-20,14,364,156,520
2014-06-20,15,403,217,620
2014-06-20,16,637,177,814
2014-06-20,17,1078,224,1302
2014-06-20,18,925,194,1119
2014-06-20,19,604,173,777
2014-06-20,20,449,125,574
2014-06-20,21,377,122,499
2014-06-20,22,303,100,403
2014-06-20,23,272,96,368
2014-06-21,0,135,39,174
2014-06-21,1,102,22,124
2014-06-21,2,58,16,74
2014-06-21,3,23,8,31
2014-06-21,4,16,10,26
2014-06-21,5,17,5,22
2014-06-21,6,30,9,39
2014-06-21,7,103,23,126
2014-06-21,8,178,39,217
2014-06-21,9,174,98,272
2014-06-21,10,280,103,383
2014-06-21,11,412,235,647
2014-06-21,12,478,276,754
2014-06-21,13,439,275,714
2014-06-21,14,522,334,856
2014-06-21,15,419,355,774
2014-06-21,16,409,294,703
2014-06-21,17,503,390,893
2014-06-21,18,445,313,758
2014-06-21,19,406,241,647
2014-06-21,20,318,171,489
2014-06-21,21,277,170,447
2014-06-21,22,267,133,400
2014-06-21,23,156,80,236
2014-06-22,0,153,65,218
2014-06-22,1,115,22,137
2014-06-22,2,98,16,114
2014-06-22,3,41,10,51
2014-06-22,4,17,1,18
2014-06-22,5,9,7,16
2014-06-22,6,21,10,31
2014-06-22,7,56,23,79
2014-06-22,8,141,81,222
2014-06-22,9,245,146,391
2014-06-22,10,423,229,652
2014-06-22,11,511,282,793
2014-06-22,12,572,375,947
2014-06-22,13,490,388,878
2014-06-22,14,557,349,906
2014-06-22,15,539,381,920
2014-06-22,16,615,327,942
2014-06-22,17,664,253,917
2014-06-22,18,373,215,588
2014-06-22,19,222,156,378
2014-06-22,20,573,198,771
2014-06-22,21,294,134,428
2014-06-22,22,182,90,272
2014-06-22,23,105,54,159
2014-06-23,0,43,11,54
2014-06-23,1,16,7,23
2014-06-23,2,9,2,11
2014-06-23,3,4,0,4
2014-06-23,4,9,1,10
2014-06-23,5,56,10,66
2014-06-23,6,239,25,264
2014-06-23,7,683,40,723
2014-06-23,8,977,51,1028
2014-06-23,9,391,96,487
2014-06-23,10,194,136,330
2014-06-23,11,245,150,395
2014-06-23,12,316,176,492
2014-06-23,13,298,135,433
2014-06-23,14,270,155,425
2014-06-23,15,315,148,463
2014-06-23,16,480,186,666
2014-06-23,17,1117,162,1279
2014-06-23,18,1049,170,1219
2014-06-23,19,717,207,924
2014-06-23,20,524,160,684
2014-06-23,21,357,94,451
2014-06-23,22,205,70,275
2014-06-23,23,110,22,132
2014-06-24,0,48,11,59
2014-06-24,1,19,7,26
2014-06-24,2,5,4,9
2014-06-24,3,2,0,2
2014-06-24,4,17,2,19
2014-06-24,5,78,5,83
2014-06-24,6,285,28,313
2014-06-24,7,786,38,824
2014-06-24,8,1021,76,1097
2014-06-24,9,461,116,577
2014-06-24,10,188,90,278
2014-06-24,11,244,118,362
2014-06-24,12,290,113,403
2014-06-24,13,298,118,416
2014-06-24,14,277,137,414
2014-06-24,15,332,124,456
2014-06-24,16,544,108,652
2014-06-24,17,1085,177,1262
2014-06-24,18,1096,182,1278
2014-06-24,19,760,174,934
2014-06-24,20,572,127,699
2014-06-24,21,418,112,530
2014-06-24,22,246,62,308
2014-06-24,23,139,29,168
2014-06-25,0,54,29,83
2014-06-25,1,17,7,24
2014-06-25,2,6,9,15
2014-06-25,3,3,4,7
2014-06-25,4,10,5,15
2014-06-25,5,71,7,78
2014-06-25,6,276,20,296
2014-06-25,7,755,42,797
2014-06-25,8,1009,79,1088
2014-06-25,9,449,94,543
2014-06-25,10,217,110,327
2014-06-25,11,242,117,359
2014-06-25,12,304,108,412
2014-06-25,13,301,108,409
2014-06-25,14,265,117,382
2014-06-25,15,287,111,398
2014-06-25,16,512,100,612
2014-06-25,17,1055,191,1246
2014-06-25,18,982,163,1145
2014-06-25,19,709,146,855
2014-06-25,20,475,83,558
2014-06-25,21,267,31,298
2014-06-25,22,124,14,138
2014-06-25,23,100,11,111
2014-06-26,0,34,5,39
2014-06-26,1,14,1,15
2014-06-26,2,3,0,3
2014-06-26,3,2,0,2
2014-06-26,4,6,1,7
2014-06-26,5,46,1,47
2014-06-26,6,285,17,302
2014-06-26,7,707,31,738
2014-06-26,8,972,66,1038
2014-06-26,9,462,84,546
2014-06-26,10,255,79,334
2014-06-26,11,432,130,562
2014-06-26,12,288,93,381
2014-06-26,13,258,73,331
2014-06-26,14,355,116,471
2014-06-26,15,332,117,449
2014-06-26,16,512,123,635
2014-06-26,17,1023,168,1191
2014-06-26,18,1012,144,1156
2014-06-26,19,748,127,875
2014-06-26,20,617,118,735
2014-06-26,21,423,114,537
2014-06-26,22,276,91,367
2014-06-26,23,166,38,204
2014-06-27,0,62,18,80
2014-06-27,1,36,3,39
2014-06-27,2,12,5,17
2014-06-27,3,5,1,6
2014-06-27,4,6,2,8
2014-06-27,5,48,8,56
2014-06-27,6,198,22,220
2014-06-27,7,616,30,646
2014-06-27,8,891,73,964
2014-06-27,9,443,96,539
2014-06-27,10,211,110,321
2014-06-27,11,283,140,423
2014-06-27,12,347,149,496
2014-06-27,13,331,136,467
2014-06-27,14,299,177,476
2014-06-27,15,368,173,541
2014-06-27,16,578,183,761
2014-06-27,17,984,202,1186
2014-06-27,18,787,167,954
2014-06-27,19,577,188,765
2014-06-27,20,448,152,600
2014-06-27,21,340,97,437
2014-06-27,22,281,98,379
2014-06-27,23,214,44,258
2014-06-28,0,147,27,174
2014-06-28,1,102,14,116
2014-06-28,2,63,10,73
2014-06-28,3,28,10,38
2014-06-28,4,11,1,12
2014-06-28,5,30,3,33
2014-06-28,6,52,19,71
2014-06-28,7,126,29,155
2014-06-28,8,214,71,285
2014-06-28,9,328,143,471
2014-06-28,10,458,223,681
2014-06-28,11,527,296,823
2014-06-28,12,518,283,801
2014-06-28,13,434,320,754
2014-06-28,14,415,250,665
2014-06-28,15,631,390,1021
2014-06-28,16,457,339,796
2014-06-28,17,450,335,785
2014-06-28,18,437,312,749
2014-06-28,19,431,267,698
2014-06-28,20,310,244,554
2014-06-28,21,306,177,483
2014-06-28,22,232,97,329
2014-06-28,23,209,74,283
2014-06-29,0,154,49,203
2014-06-29,1,99,18,117
2014-06-29,2,101,19,120
2014-06-29,3,32,13,45
2014-06-29,4,13,2,15
2014-06-29,5,11,6,17
2014-06-29,6,20,14,34
2014-06-29,7,73,33,106
2014-06-29,8,135,90,225
2014-06-29,9,301,152,453
2014-06-29,10,425,282,707
2014-06-29,11,582,387,969
2014-06-29,12,519,333,852
2014-06-29,13,428,341,769
2014-06-29,14,551,350,901
2014-06-29,15,515,344,859
2014-06-29,16,507,298,805
2014-06-29,17,409,298,707
2014-06-29,18,430,242,672
2014-06-29,19,492,277,769
2014-06-29,20,354,247,601
2014-06-29,21,258,165,423
2014-06-29,22,145,94,239
2014-06-29,23,105,65,170
2014-06-30,0,41,36,77
2014-06-30,1,8,11,19
2014-06-30,2,10,0,10
2014-06-30,3,6,1,7
2014-06-30,4,5,2,7
2014-06-30,5,75,4,79
2014-06-30,6,243,16,259
2014-06-30,7,658,43,701
2014-06-30,8,927,56,983
2014-06-30,9,442,87,529
2014-06-30,10,165,101,266
2014-06-30,11,215,157,372
2014-06-30,12,283,159,442
2014-06-30,13,265,149,414
2014-06-30,14,245,139,384
2014-06-30,15,320,159,479
2014-06-30,16,521,180,701
2014-06-30,17,1069,159,1228
2014-06-30,18,1015,145,1160
2014-06-30,19,668,133,801
2014-06-30,20,488,129,617
2014-06-30,21,342,94,436
2014-06-30,22,286,80,366
2014-06-30,23,105,29,134
2014-07-01,0,36,22,58
2014-07-01,1,12,7,19
2014-07-01,2,8,0,8
2014-07-01,3,3,0,3
2014-07-01,4,6,1,7
2014-07-01,5,71,2,73
2014-07-01,6,307,24,331
2014-07-01,7,746,46,792
2014-07-01,8,941,73,1014
2014-07-01,9,414,102,516
2014-07-01,10,188,114,302
2014-07-01,11,210,108,318
2014-07-01,12,251,128,379
2014-07-01,13,261,152,413
2014-07-01,14,325,112,437
2014-07-01,15,592,121,713
2014-07-01,16,496,85,581
2014-07-01,17,649,101,750
2014-07-01,18,944,137,1081
2014-07-01,19,803,171,974
2014-07-01,20,536,137,673
2014-07-01,21,369,116,485
2014-07-01,22,303,89,392
2014-07-01,23,133,50,183
2014-07-02,0,62,28,90
2014-07-02,1,14,11,25
2014-07-02,2,10,0,10
2014-07-02,3,2,0,2
2014-07-02,4,3,3,6
2014-07-02,5,66,5,71
2014-07-02,6,265,20,285
2014-07-02,7,701,48,749
2014-07-02,8,966,72,1038
2014-07-02,9,422,80,502
2014-07-02,10,214,113,327
2014-07-02,11,216,122,338
2014-07-02,12,280,102,382
2014-07-02,13,249,98,347
2014-07-02,14,242,101,343
2014-07-02,15,276,112,388
2014-07-02,16,449,130,579
2014-07-02,17,984,127,1111
2014-07-02,18,798,130,928
2014-07-02,19,572,100,672
2014-07-02,20,462,100,562
2014-07-02,21,338,96,434
2014-07-02,22,216,83,299
2014-07-02,23,67,10,77
2014-07-03,0,40,15,55
2014-07-03,1,17,7,24
2014-07-03,2,16,8,24
2014-07-03,3,2,8,10
2014-07-03,4,8,0,8
2014-07-03,5,45,2,47
2014-07-03,6,219,14,233
2014-07-03,7,537,43,580
2014-07-03,8,872,80,952
2014-07-03,9,443,118,561
2014-07-03,10,243,130,373
2014-07-03,11,249,192,441
2014-07-03,12,343,162,505
2014-07-03,13,375,152,527
2014-07-03,14,431,173,604
2014-07-03,15,619,186,805
2014-07-03,16,488,110,598
2014-07-03,17,263,51,314
2014-07-03,18,373,115,488
2014-07-03,19,309,85,394
2014-07-03,20,225,87,312
2014-07-03,21,238,97,335
2014-07-03,22,162,53,215
2014-07-03,23,156,37,193
2014-07-04,0,89,29,118
2014-07-04,1,48,13,61
2014-07-04,2,33,8,41
2014-07-04,3,26,5,31
2014-07-04,4,9,5,14
2014-07-04,5,17,12,29
2014-07-04,6,36,14,50
2014-07-04,7,85,25,110
2014-07-04,8,137,50,187
2014-07-04,9,254,166,420
2014-07-04,10,357,302,659
2014-07-04,11,493,355,848
2014-07-04,12,399,385,784
2014-07-04,13,358,443,801
2014-07-04,14,512,532,1044
2014-07-04,15,439,558,997
2014-07-04,16,354,498,852
2014-07-04,17,281,412,693
2014-07-04,18,421,451,872
2014-07-04,19,309,463,772
2014-07-04,20,319,413,732
2014-07-04,21,373,395,768
2014-07-04,22,326,330,656
2014-07-04,23,225,133,358
2014-07-05,0,153,65,218
2014-07-05,1,78,50,128
2014-07-05,2,39,30,69
2014-07-05,3,26,9,35
2014-07-05,4,3,0,3
2014-07-05,5,10,3,13
2014-07-05,6,23,18,41
2014-07-05,7,70,30,100
2014-07-05,8,115,89,204
2014-07-05,9,185,192,377
2014-07-05,10,306,368,674
2014-07-05,11,405,515,920
2014-07-05,12,452,547,999
2014-07-05,13,428,601,1029
2014-07-05,14,501,687,1188
2014-07-05,15,491,665,1156
2014-07-05,16,411,593,1004
2014-07-05,17,345,537,882
2014-07-05,18,349,426,775
2014-07-05,19,424,531,955
2014-07-05,20,321,455,776
2014-07-05,21,244,316,560
2014-07-05,22,214,246,460
2014-07-05,23,137,123,260
2014-07-06,0,136,101,237
2014-07-06,1,77,45,122
2014-07-06,2,61,34,95
2014-07-06,3,31,17,48
2014-07-06,4,11,3,14
2014-07-06,5,10,3,13
2014-07-06,6,27,18,45
2014-07-06,7,48,42,90
2014-07-06,8,114,88,202
2014-07-06,9,231,184,415
2014-07-06,10,363,309,672
2014-07-06,11,420,444,864
2014-07-06,12,526,469,995
2014-07-06,13,525,464,989
2014-07-06,14,442,426,868
2014-07-06,15,465,407,872
2014-07-06,16,512,415,927
2014-07-06,17,452,396,848
2014-07-06,18,380,299,679
2014-07-06,19,366,262,628
2014-07-06,20,320,212,532
2014-07-06,21,230,163,393
2014-07-06,22,155,116,271
2014-07-06,23,52,55,107
2014-07-07,0,40,19,59
2014-07-07,1,14,5,19
2014-07-07,2,8,0,8
2014-07-07,3,7,0,7
2014-07-07,4,10,1,11
2014-07-07,5,67,7,74
2014-07-07,6,260,10,270
2014-07-07,7,596,33,629
2014-07-07,8,872,60,932
2014-07-07,9,354,106,460
2014-07-07,10,159,138,297
2014-07-07,11,203,138,341
2014-07-07,12,260,110,370
2014-07-07,13,253,143,396
2014-07-07,14,249,151,400
2014-07-07,15,273,180,453
2014-07-07,16,506,136,642
2014-07-07,17,1012,190,1202
2014-07-07,18,929,172,1101
2014-07-07,19,716,181,897
2014-07-07,20,519,140,659
2014-07-07,21,320,107,427
2014-07-07,22,206,61,267
2014-07-07,23,109,23,132
2014-07-08,0,43,23,66
2014-07-08,1,27,21,48
2014-07-08,2,3,6,9
2014-07-08,3,0,1,1
2014-07-08,4,7,1,8
2014-07-08,5,57,6,63
2014-07-08,6,274,16,290
2014-07-08,7,692,44,736
2014-07-08,8,916,56,972
2014-07-08,9,394,78,472
2014-07-08,10,160,85,245
2014-07-08,11,163,143,306
2014-07-08,12,253,101,354
2014-07-08,13,258,97,355
2014-07-08,14,225,85,310
2014-07-08,15,343,113,456
2014-07-08,16,515,86,601
2014-07-08,17,952,119,1071
2014-07-08,18,981,182,1163
2014-07-08,19,349,53,402
2014-07-08,20,120,13,133
2014-07-08,21,170,13,183
2014-07-08,22,171,24,195
2014-07-08,23,87,17,104
2014-07-09,0,37,6,43
2014-07-09,1,13,2,15
2014-07-09,2,8,2,10
2014-07-09,3,1,0,1
2014-07-09,4,9,1,10
2014-07-09,5,80,3,83
2014-07-09,6,277,17,294
2014-07-09,7,715,43,758
2014-07-09,8,862,46,908
2014-07-09,9,397,62,459
2014-07-09,10,145,62,207
2014-07-09,11,198,120,318
2014-07-09,12,291,105,396
2014-07-09,13,269,129,398
2014-07-09,14,257,111,368
2014-07-09,15,346,138,484
2014-07-09,16,523,121,644
2014-07-09,17,416,84,500
2014-07-09,18,568,97,665
2014-07-09,19,695,132,827
2014-07-09,20,490,87,577
2014-07-09,21,336,76,412
2014-07-09,22,231,48,279
2014-07-09,23,119,24,143
2014-07-10,0,53,32,85
2014-07-10,1,28,6,34
2014-07-10,2,7,0,7
2014-07-10,3,4,0,4
2014-07-10,4,11,1,12
2014-07-10,5,68,6,74
2014-07-10,6,286,22,308
2014-07-10,7,679,42,721
2014-07-10,8,948,77,1025
2014-07-10,9,434,67,501
2014-07-10,10,204,99,303
2014-07-10,11,205,127,332
2014-07-10,12,257,152,409
2014-07-10,13,310,143,453
2014-07-10,14,254,129,383
2014-07-10,15,297,133,430
2014-07-10,16,524,137,661
2014-07-10,17,1063,147,1210
2014-07-10,18,616,112,728
2014-07-10,19,232,29,261
2014-07-10,20,247,41,288
2014-07-10,21,149,11,160
2014-07-10,22,165,19,184
2014-07-10,23,105,11,116
2014-07-11,0,59,3,62
2014-07-11,1,30,3,33
2014-07-11,2,14,5,19
2014-07-11,3,9,1,10
2014-07-11,4,5,1,6
2014-07-11,5,49,3,52
2014-07-11,6,241,22,263
2014-07-11,7,574,35,609
2014-07-11,8,900,92,992
2014-07-11,9,487,117,604
2014-07-11,10,226,135,361
2014-07-11,11,251,152,403
2014-07-11,12,379,154,533
2014-07-11,13,371,138,509
2014-07-11,14,313,135,448
2014-07-11,15,395,187,582
2014-07-11,16,602,181,783
2014-07-11,17,988,209,1197
2014-07-11,18,852,226,1078
2014-07-11,19,648,233,881
2014-07-11,20,460,189,649
2014-07-11,21,337,159,496
2014-07-11,22,293,101,394
2014-07-11,23,200,65,265
2014-07-12,0,147,33,180
2014-07-12,1,107,13,120
2014-07-12,2,73,15,88
2014-07-12,3,31,7,38
2014-07-12,4,8,5,13
2014-07-12,5,18,3,21
2014-07-12,6,49,13,62
2014-07-12,7,101,33,134
2014-07-12,8,199,65,264
2014-07-12,9,326,178,504
2014-07-12,10,398,318,716
2014-07-12,11,460,390,850
2014-07-12,12,500,410,910
2014-07-12,13,482,464,946
2014-07-12,14,448,439,887
2014-07-12,15,478,492,970
2014-07-12,16,451,344,795
2014-07-12,17,388,353,741
2014-07-12,18,471,340,811
2014-07-12,19,407,299,706
2014-07-12,20,355,259,614
2014-07-12,21,281,209,490
2014-07-12,22,235,121,356
2014-07-12,23,205,91,296
2014-07-13,0,164,84,248
2014-07-13,1,126,40,166
2014-07-13,2,61,25,86
2014-07-13,3,28,13,41
2014-07-13,4,7,2,9
2014-07-13,5,14,2,16
2014-07-13,6,20,10,30
2014-07-13,7,67,26,93
2014-07-13,8,150,96,246
2014-07-13,9,274,188,462
2014-07-13,10,399,318,717
2014-07-13,11,457,356,813
2014-07-13,12,525,351,876
2014-07-13,13,555,288,843
2014-07-13,14,595,268,863
2014-07-13,15,332,239,571
2014-07-13,16,269,150,419
2014-07-13,17,355,201,556
2014-07-13,18,513,279,792
2014-07-13,19,377,243,620
2014-07-13,20,287,166,453
2014-07-13,21,197,99,296
2014-07-13,22,56,16,72
2014-07-13,23,42,11,53
2014-07-14,0,22,6,28
2014-07-14,1,6,5,11
2014-07-14,2,12,2,14
2014-07-14,3,2,1,3
2014-07-14,4,8,4,12
2014-07-14,5,45,4,49
2014-07-14,6,253,30,283
2014-07-14,7,623,50,673
2014-07-14,8,867,69,936
2014-07-14,9,374,86,460
2014-07-14,10,175,136,311
2014-07-14,11,189,150,339
2014-07-14,12,237,172,409
2014-07-14,13,225,116,341
2014-07-14,14,210,134,344
2014-07-14,15,264,128,392
2014-07-14,16,413,128,541
2014-07-14,17,447,74,521
2014-07-14,18,700,139,839
2014-07-14,19,578,131,709
2014-07-14,20,429,131,560
2014-07-14,21,297,91,388
2014-07-14,22,176,76,252
2014-07-14,23,102,22,124
2014-07-15,0,49,16,65
2014-07-15,1,10,3,13
2014-07-15,2,4,4,8
2014-07-15,3,3,1,4
2014-07-15,4,5,1,6
2014-07-15,5,62,5,67
2014-07-15,6,289,20,309
2014-07-15,7,703,46,749
2014-07-15,8,963,61,1024
2014-07-15,9,381,73,454
2014-07-15,10,176,98,274
2014-07-15,11,203,137,340
2014-07-15,12,264,118,382
2014-07-15,13,255,147,402
2014-07-15,14,217,90,307
2014-07-15,15,98,44,142
2014-07-15,16,403,124,527
2014-07-15,17,987,160,1147
2014-07-15,18,937,142,1079
2014-07-15,19,211,43,254
2014-07-15,20,78,23,101
2014-07-15,21,63,7,70
2014-07-15,22,46,2,48
2014-07-15,23,71,9,80
2014-07-16,0,28,2,30
2014-07-16,1,10,8,18
2014-07-16,2,7,4,11
2014-07-16,3,3,0,3
2014-07-16,4,12,2,14
2014-07-16,5,76,6,82
2014-07-16,6,282,22,304
2014-07-16,7,717,45,762
2014-07-16,8,969,83,1052
2014-07-16,9,397,72,469
2014-07-16,10,220,100,320
2014-07-16,11,234,112,346
2014-07-16,12,317,135,452
2014-07-16,13,309,141,450
2014-07-16,14,251,167,418
2014-07-16,15,316,179,495
2014-07-16,16,537,160,697
2014-07-16,17,1100,257,1357
2014-07-16,18,1015,200,1215
2014-07-16,19,764,180,944
2014-07-16,20,591,162,753
2014-07-16,21,409,133,542
2014-07-16,22,307,74,381
2014-07-16,23,155,38,193
2014-07-17,0,60,30,90
2014-07-17,1,20,15,35
2014-07-17,2,17,3,20
2014-07-17,3,3,3,6
2014-07-17,4,4,5,9
2014-07-17,5,73,4,77
2014-07-17,6,298,24,322
2014-07-17,7,702,57,759
2014-07-17,8,967,75,1042
2014-07-17,9,464,101,565
2014-07-17,10,209,161,370
2014-07-17,11,222,137,359
2014-07-17,12,311,150,461
2014-07-17,13,317,185,502
2014-07-17,14,253,203,456
2014-07-17,15,302,227,529
2014-07-17,16,532,222,754
2014-07-17,17,1106,228,1334
2014-07-17,18,1039,219,1258
2014-07-17,19,654,193,847
2014-07-17,20,577,134,711
2014-07-17,21,419,99,518
2014-07-17,22,291,73,364
2014-07-17,23,181,41,222
2014-07-18,0,47,17,64
2014-07-18,1,40,9,49
2014-07-18,2,21,3,24
2014-07-18,3,11,3,14
2014-07-18,4,6,3,9
2014-07-18,5,52,4,56
2014-07-18,6,203,23,226
2014-07-18,7,572,41,613
2014-07-18,8,956,89,1045
2014-07-18,9,426,119,545
2014-07-18,10,241,186,427
2014-07-18,11,253,189,442
2014-07-18,12,363,214,577
2014-07-18,13,353,203,556
2014-07-18,14,316,250,566
2014-07-18,15,410,230,640
2014-07-18,16,627,221,848
2014-07-18,17,1066,290,1356
2014-07-18,18,762,250,1012
2014-07-18,19,575,210,785
2014-07-18,20,377,188,565
2014-07-18,21,318,158,476
2014-07-18,22,297,98,395
2014-07-18,23,239,128,367
2014-07-19,0,171,59,230
2014-07-19,1,102,21,123
2014-07-19,2,63,9,72
2014-07-19,3,33,9,42
2014-07-19,4,16,1,17
2014-07-19,5,14,4,18
2014-07-19,6,32,11,43
2014-07-19,7,110,26,136
2014-07-19,8,206,85,291
2014-07-19,9,298,172,470
2014-07-19,10,383,289,672
2014-07-19,11,452,414,866
2014-07-19,12,482,415,897
2014-07-19,13,484,453,937
2014-07-19,14,474,458,932
2014-07-19,15,461,437,898
2014-07-19,16,484,486,970
2014-07-19,17,463,443,906
2014-07-19,18,438,419,857
2014-07-19,19,445,317,762
2014-07-19,20,311,272,583
2014-07-19,21,235,185,420
2014-07-19,22,182,168,350
2014-07-19,23,178,94,272
2014-07-20,0,132,86,218
2014-07-20,1,118,27,145
2014-07-20,2,97,30,127
2014-07-20,3,49,20,69
2014-07-20,4,12,6,18
2014-07-20,5,10,7,17
2014-07-20,6,19,21,40
2014-07-20,7,52,31,83
2014-07-20,8,134,84,218
2014-07-20,9,284,185,469
2014-07-20,10,385,294,679
2014-07-20,11,501,366,867
2014-07-20,12,531,416,947
2014-07-20,13,470,450,920
2014-07-20,14,479,459,938
2014-07-20,15,463,408,871
2014-07-20,16,419,437,856
2014-07-20,17,490,343,833
2014-07-20,18,448,284,732
2014-07-20,19,309,228,537
2014-07-20,20,286,198,484
2014-07-20,21,213,161,374
2014-07-20,22,150,82,232
2014-07-20,23,90,41,131
2014-07-21,0,32,12,44
2014-07-21,1,13,2,15
2014-07-21,2,6,0,6
2014-07-21,3,2,2,4
2014-07-21,4,7,0,7
2014-07-21,5,62,3,65
2014-07-21,6,250,16,266
2014-07-21,7,629,43,672
2014-07-21,8,872,93,965
2014-07-21,9,409,128,537
2014-07-21,10,178,185,363
2014-07-21,11,205,235,440
2014-07-21,12,264,209,473
2014-07-21,13,273,197,470
2014-07-21,14,265,222,487
2014-07-21,15,269,226,495
2014-07-21,16,454,213,667
2014-07-21,17,1078,229,1307
2014-07-21,18,982,246,1228
2014-07-21,19,703,196,899
2014-07-21,20,512,168,680
2014-07-21,21,351,102,453
2014-07-21,22,213,80,293
2014-07-21,23,148,45,193
2014-07-22,0,26,27,53
2014-07-22,1,13,5,18
2014-07-22,2,6,1,7
2014-07-22,3,3,2,5
2014-07-22,4,11,1,12
2014-07-22,5,63,7,70
2014-07-22,6,283,30,313
2014-07-22,7,700,46,746
2014-07-22,8,991,89,1080
2014-07-22,9,408,116,524
2014-07-22,10,195,140,335
2014-07-22,11,217,182,399
2014-07-22,12,263,207,470
2014-07-22,13,297,183,480
2014-07-22,14,247,172,419
2014-07-22,15,266,157,423
2014-07-22,16,497,202,699
2014-07-22,17,1093,232,1325
2014-07-22,18,974,259,1233
2014-07-22,19,744,199,943
2014-07-22,20,542,166,708
2014-07-22,21,352,89,441
2014-07-22,22,243,74,317
2014-07-22,23,146,26,172
2014-07-23,0,53,8,61
2014-07-23,1,17,7,24
2014-07-23,2,4,7,11
2014-07-23,3,9,1,10
2014-07-23,4,14,3,17
2014-07-23,5,73,8,81
2014-07-23,6,282,37,319
2014-07-23,7,700,60,760
2014-07-23,8,975,90,1065
2014-07-23,9,385,141,526
2014-07-23,10,197,106,303
2014-07-23,11,196,133,329
2014-07-23,12,276,135,411
2014-07-23,13,246,169,415
2014-07-23,14,196,119,315
2014-07-23,15,247,160,407
2014-07-23,16,443,189,632
2014-07-23,17,1013,171,1184
2014-07-23,18,952,228,1180
2014-07-23,19,682,187,869
2014-07-23,20,395,86,481
2014-07-23,21,324,92,416
2014-07-23,22,227,34,261
2014-07-23,23,124,20,144
2014-07-24,0,40,9,49
2014-07-24,1,23,4,27
2014-07-24,2,11,5,16
2014-07-24,3,5,2,7
2014-07-24,4,8,3,11
2014-07-24,5,52,2,54
2014-07-24,6,223,27,250
2014-07-24,7,580,55,635
2014-07-24,8,945,92,1037
2014-07-24,9,438,90,528
2014-07-24,10,188,104,292
2014-07-24,11,209,134,343
2014-07-24,12,273,121,394
2014-07-24,13,264,164,428
2014-07-24,14,256,164,420
2014-07-24,15,312,179,491
2014-07-24,16,468,162,630
2014-07-24,17,1010,211,1221
2014-07-24,18,957,233,1190
2014-07-24,19,681,191,872
2014-07-24,20,542,173,715
2014-07-24,21,372,137,509
2014-07-24,22,274,90,364
2014-07-24,23,161,46,207
2014-07-25,0,80,19,99
2014-07-25,1,35,20,55
2014-07-25,2,25,5,30
2014-07-25,3,12,2,14
2014-07-25,4,8,5,13
2014-07-25,5,53,7,60
2014-07-25,6,222,30,252
2014-07-25,7,615,55,670
2014-07-25,8,900,123,1023
2014-07-25,9,467,124,591
2014-07-25,10,250,181,431
2014-07-25,11,308,226,534
2014-07-25,12,383,235,618
2014-07-25,13,379,255,634
2014-07-25,14,362,244,606
2014-07-25,15,377,291,668
2014-07-25,16,600,292,892
2014-07-25,17,987,310,1297
2014-07-25,18,765,279,1044
2014-07-25,19,604,238,842
2014-07-25,20,438,235,673
2014-07-25,21,333,172,505
2014-07-25,22,277,152,429
2014-07-25,23,212,119,331
2014-07-26,0,161,65,226
2014-07-26,1,99,29,128
2014-07-26,2,82,14,96
2014-07-26,3,32,13,45
2014-07-26,4,12,0,12
2014-07-26,5,21,2,23
2014-07-26,6,42,12,54
2014-07-26,7,89,27,116
2014-07-26,8,189,95,284
2014-07-26,9,282,181,463
2014-07-26,10,386,282,668
2014-07-26,11,445,456,901
2014-07-26,12,488,499,987
2014-07-26,13,495,458,953
2014-07-26,14,468,470,938
2014-07-26,15,394,462,856
2014-07-26,16,396,467,863
2014-07-26,17,465,409,874
2014-07-26,18,428,399,827
2014-07-26,19,405,329,734
2014-07-26,20,325,295,620
2014-07-26,21,278,283,561
2014-07-26,22,224,180,404
2014-07-26,23,218,132,350
2014-07-27,0,160,65,225
2014-07-27,1,115,20,135
2014-07-27,2,70,22,92
2014-07-27,3,48,19,67
2014-07-27,4,6,5,11
2014-07-27,5,7,1,8
2014-07-27,6,11,10,21
2014-07-27,7,54,21,75
2014-07-27,8,113,79,192
2014-07-27,9,230,149,379
2014-07-27,10,333,215,548
2014-07-27,11,430,338,768
2014-07-27,12,497,426,923
2014-07-27,13,477,391,868
2014-07-27,14,487,433,920
2014-07-27,15,443,386,829
2014-07-27,16,431,321,752
2014-07-27,17,443,277,720
2014-07-27,18,420,262,682
2014-07-27,19,361,262,623
2014-07-27,20,298,198,496
2014-07-27,21,201,110,311
2014-07-27,22,120,96,216
2014-07-27,23,92,52,144
2014-07-28,0,39,14,53
2014-07-28,1,10,4,14
2014-07-28,2,8,1,9
2014-07-28,3,10,1,11
2014-07-28,4,8,3,11
2014-07-28,5,54,6,60
2014-07-28,6,235,22,257
2014-07-28,7,598,48,646
2014-07-28,8,893,95,988
2014-07-28,9,408,107,515
2014-07-28,10,196,162,358
2014-07-28,11,223,194,417
2014-07-28,12,259,194,453
2014-07-28,13,274,219,493
2014-07-28,14,213,181,394
2014-07-28,15,302,160,462
2014-07-28,16,467,208,675
2014-07-28,17,1119,270,1389
2014-07-28,18,946,218,1164
2014-07-28,19,712,160,872
2014-07-28,20,491,133,624
2014-07-28,21,303,99,402
2014-07-28,22,189,78,267
2014-07-28,23,110,44,154
2014-07-29,0,41,24,65
2014-07-29,1,10,11,21
2014-07-29,2,5,3,8
2014-07-29,3,6,2,8
2014-07-29,4,7,3,10
2014-07-29,5,67,6,73
2014-07-29,6,289,24,313
2014-07-29,7,706,65,771
2014-07-29,8,1066,85,1151
2014-07-29,9,442,104,546
2014-07-29,10,204,122,326
2014-07-29,11,266,150,416
2014-07-29,12,341,174,515
2014-07-29,13,340,193,533
2014-07-29,14,279,208,487
2014-07-29,15,290,188,478
2014-07-29,16,526,231,757
2014-07-29,17,1077,213,1290
2014-07-29,18,956,227,1183
2014-07-29,19,678,187,865
2014-07-29,20,511,136,647
2014-07-29,21,345,107,452
2014-07-29,22,230,69,299
2014-07-29,23,106,38,144
2014-07-30,0,49,9,58
2014-07-30,1,12,6,18
2014-07-30,2,11,0,11
2014-07-30,3,4,1,5
2014-07-30,4,11,4,15
2014-07-30,5,67,8,75
2014-07-30,6,264,14,278
2014-07-30,7,731,56,787
2014-07-30,8,1058,95,1153
2014-07-30,9,469,99,568
2014-07-30,10,208,130,338
2014-07-30,11,236,160,396
2014-07-30,12,320,212,532
2014-07-30,13,302,150,452
2014-07-30,14,259,227,486
2014-07-30,15,299,163,462
2014-07-30,16,505,210,715
2014-07-30,17,1102,190,1292
2014-07-30,18,1015,254,1269
2014-07-30,19,695,178,873
2014-07-30,20,454,120,574
2014-07-30,21,410,99,509
2014-07-30,22,255,65,320
2014-07-30,23,146,27,173
2014-07-31,0,54,22,76
2014-07-31,1,25,6,31
2014-07-31,2,12,3,15
2014-07-31,3,5,0,5
2014-07-31,4,12,2,14
2014-07-31,5,61,10,71
2014-07-31,6,231,25,256
2014-07-31,7,654,49,703
2014-07-31,8,971,85,1056
2014-07-31,9,457,107,564
2014-07-31,10,208,156,364
2014-07-31,11,214,180,394
2014-07-31,12,325,135,460
2014-07-31,13,300,180,480
2014-07-31,14,267,193,460
2014-07-31,15,294,181,475
2014-07-31,16,506,177,683
2014-07-31,17,1018,243,1261
2014-07-31,18,949,231,1180
2014-07-31,19,613,168,781
2014-07-31,20,465,119,584
2014-07-31,21,367,99,466
2014-07-31,22,286,89,375
2014-07-31,23,192,36,228
2014-08-01,0,78,28,106
2014-08-01,1,35,9,44
2014-08-01,2,17,9,26
2014-08-01,3,10,1,11
2014-08-01,4,15,1,16
2014-08-01,5,55,6,61
2014-08-01,6,224,18,242
2014-08-01,7,521,47,568
2014-08-01,8,892,97,989
2014-08-01,9,440,107,547
2014-08-01,10,185,128,313
2014-08-01,11,176,156,332
2014-08-01,12,243,97,340
2014-08-01,13,336,126,462
2014-08-01,14,303,142,445
2014-08-01,15,320,127,447
2014-08-01,16,577,214,791
2014-08-01,17,914,224,1138
2014-08-01,18,780,173,953
2014-08-01,19,482,114,596
2014-08-01,20,368,108,476
2014-08-01,21,308,141,449
2014-08-01,22,241,90,331
2014-08-01,23,121,48,169
2014-08-02,0,43,9,52
2014-08-02,1,43,7,50
2014-08-02,2,38,5,43
2014-08-02,3,24,14,38
2014-08-02,4,7,5,12
2014-08-02,5,18,0,18
2014-08-02,6,34,5,39
2014-08-02,7,80,24,104
2014-08-02,8,187,77,264
2014-08-02,9,282,143,425
2014-08-02,10,369,232,601
2014-08-02,11,418,356,774
2014-08-02,12,451,450,901
2014-08-02,13,422,431,853
2014-08-02,14,442,508,950
2014-08-02,15,437,555,992
2014-08-02,16,392,481,873
2014-08-02,17,423,482,905
2014-08-02,18,367,366,733
2014-08-02,19,327,316,643
2014-08-02,20,253,243,496
2014-08-02,21,202,232,434
2014-08-02,22,205,182,387
2014-08-02,23,157,93,250
2014-08-03,0,137,63,200
2014-08-03,1,108,49,157
2014-08-03,2,65,26,91
2014-08-03,3,35,8,43
2014-08-03,4,7,4,11
2014-08-03,5,7,3,10
2014-08-03,6,23,7,30
2014-08-03,7,51,26,77
2014-08-03,8,136,47,183
2014-08-03,9,224,136,360
2014-08-03,10,363,274,637
2014-08-03,11,408,292,700
2014-08-03,12,534,362,896
2014-08-03,13,473,374,847
2014-08-03,14,468,356,824
2014-08-03,15,522,326,848
2014-08-03,16,481,324,805
2014-08-03,17,441,336,777
2014-08-03,18,468,264,732
2014-08-03,19,342,246,588
2014-08-03,20,292,206,498
2014-08-03,21,194,133,327
2014-08-03,22,97,52,149
2014-08-03,23,23,11,34
2014-08-04,0,12,4,16
2014-08-04,1,11,1,12
2014-08-04,2,7,1,8
2014-08-04,3,7,2,9
2014-08-04,4,8,1,9
2014-08-04,5,63,7,70
2014-08-04,6,223,12,235
2014-08-04,7,565,52,617
2014-08-04,8,929,107,1036
2014-08-04,9,412,154,566
2014-08-04,10,179,217,396
2014-08-04,11,208,194,402
2014-08-04,12,285,188,473
2014-08-04,13,310,187,497
2014-08-04,14,226,228,454
2014-08-04,15,261,233,494
2014-08-04,16,478,249,727
2014-08-04,17,1018,281,1299
2014-08-04,18,920,274,1194
2014-08-04,19,649,179,828
2014-08-04,20,489,176,665
2014-08-04,21,329,93,422
2014-08-04,22,273,71,344
2014-08-04,23,86,28,114
2014-08-05,0,41,9,50
2014-08-05,1,15,5,20
2014-08-05,2,7,3,10
2014-08-05,3,0,1,1
2014-08-05,4,13,1,14
2014-08-05,5,75,5,80
2014-08-05,6,251,28,279
2014-08-05,7,660,47,707
2014-08-05,8,921,87,1008
2014-08-05,9,416,118,534
2014-08-05,10,186,134,320
2014-08-05,11,222,165,387
2014-08-05,12,314,158,472
2014-08-05,13,315,174,489
2014-08-05,14,257,171,428
2014-08-05,15,294,188,482
2014-08-05,16,487,197,684
2014-08-05,17,992,208,1200
2014-08-05,18,893,223,1116
2014-08-05,19,585,194,779
2014-08-05,20,448,168,616
2014-08-05,21,359,137,496
2014-08-05,22,315,88,403
2014-08-05,23,104,37,141
2014-08-06,0,18,5,23
2014-08-06,1,19,2,21
2014-08-06,2,2,0,2
2014-08-06,3,3,0,3
2014-08-06,4,7,0,7
2014-08-06,5,65,7,72
2014-08-06,6,258,27,285
2014-08-06,7,611,42,653
2014-08-06,8,891,104,995
2014-08-06,9,419,78,497
2014-08-06,10,205,115,320
2014-08-06,11,216,161,377
2014-08-06,12,335,166,501
2014-08-06,13,305,142,447
2014-08-06,14,276,187,463
2014-08-06,15,258,211,469
2014-08-06,16,478,227,705
2014-08-06,17,1040,251,1291
2014-08-06,18,989,231,1220
2014-08-06,19,716,238,954
2014-08-06,20,466,150,616
2014-08-06,21,379,109,488
2014-08-06,22,267,90,357
2014-08-06,23,125,60,185
2014-08-07,0,49,15,64
2014-08-07,1,19,4,23
2014-08-07,2,6,6,12
2014-08-07,3,5,0,5
2014-08-07,4,14,4,18
2014-08-07,5,63,2,65
2014-08-07,6,256,27,283
2014-08-07,7,617,56,673
2014-08-07,8,974,111,1085
2014-08-07,9,451,89,540
2014-08-07,10,223,148,371
2014-08-07,11,251,175,426
2014-08-07,12,347,174,521
2014-08-07,13,317,173,490
2014-08-07,14,242,146,388
2014-08-07,15,263,204,467
2014-08-07,16,487,187,674
2014-08-07,17,974,221,1195
2014-08-07,18,983,222,1205
2014-08-07,19,699,193,892
2014-08-07,20,495,148,643
2014-08-07,21,339,124,463
2014-08-07,22,249,103,352
2014-08-07,23,161,47,208
2014-08-08,0,83,23,106
2014-08-08,1,33,11,44
2014-08-08,2,20,3,23
2014-08-08,3,4,5,9
2014-08-08,4,10,0,10
2014-08-08,5,53,5,58
2014-08-08,6,221,25,246
2014-08-08,7,550,62,612
2014-08-08,8,854,107,961
2014-08-08,9,434,154,588
2014-08-08,10,223,181,404
2014-08-08,11,276,237,513
2014-08-08,12,362,227,589
2014-08-08,13,332,207,539
2014-08-08,14,283,254,537
2014-08-08,15,325,223,548
2014-08-08,16,517,293,810
2014-08-08,17,945,292,1237
2014-08-08,18,791,226,1017
2014-08-08,19,591,203,794
2014-08-08,20,388,203,591
2014-08-08,21,246,147,393
2014-08-08,22,221,154,375
2014-08-08,23,186,84,270
2014-08-09,0,157,44,201
2014-08-09,1,93,27,120
2014-08-09,2,73,13,86
2014-08-09,3,22,11,33
2014-08-09,4,7,10,17
2014-08-09,5,14,8,22
2014-08-09,6,38,14,52
2014-08-09,7,68,24,92
2014-08-09,8,183,80,263
2014-08-09,9,309,197,506
2014-08-09,10,362,248,610
2014-08-09,11,452,288,740
2014-08-09,12,437,369,806
2014-08-09,13,458,433,891
2014-08-09,14,410,415,825
2014-08-09,15,386,479,865
2014-08-09,16,338,443,781
2014-08-09,17,320,424,744
2014-08-09,18,385,331,716
2014-08-09,19,324,289,613
2014-08-09,20,229,216,445
2014-08-09,21,212,155,367
2014-08-09,22,186,110,296
2014-08-09,23,169,96,265
2014-08-10,0,129,47,176
2014-08-10,1,94,45,139
2014-08-10,2,73,15,88
2014-08-10,3,36,13,49
2014-08-10,4,11,3,14
2014-08-10,5,14,6,20
2014-08-10,6,21,13,34
2014-08-10,7,41,36,77
2014-08-10,8,106,74,180
2014-08-10,9,268,171,439
2014-08-10,10,333,294,627
2014-08-10,11,429,369,798
2014-08-10,12,483,451,934
2014-08-10,13,451,506,957
2014-08-10,14,459,489,948
2014-08-10,15,477,466,943
2014-08-10,16,440,408,848
2014-08-10,17,390,409,799
2014-08-10,18,438,273,711
2014-08-10,19,374,332,706
2014-08-10,20,238,201,439
2014-08-10,21,195,140,335
2014-08-10,22,154,136,290
2014-08-10,23,67,61,128
2014-08-11,0,29,30,59
2014-08-11,1,11,2,13
2014-08-11,2,2,9,11
2014-08-11,3,9,4,13
2014-08-11,4,8,0,8
2014-08-11,5,55,9,64
2014-08-11,6,251,22,273
2014-08-11,7,581,63,644
2014-08-11,8,898,117,1015
2014-08-11,9,383,118,501
2014-08-11,10,211,217,428
2014-08-11,11,194,217,411
2014-08-11,12,247,194,441
2014-08-11,13,271,213,484
2014-08-11,14,247,208,455
2014-08-11,15,234,236,470
2014-08-11,16,482,288,770
2014-08-11,17,944,253,1197
2014-08-11,18,780,193,973
2014-08-11,19,473,176,649
2014-08-11,20,160,79,239
2014-08-11,21,162,71,233
2014-08-11,22,124,35,159
2014-08-11,23,80,22,102
2014-08-12,0,29,8,37
2014-08-12,1,7,11,18
2014-08-12,2,4,1,5
2014-08-12,3,1,0,1
2014-08-12,4,7,1,8
2014-08-12,5,64,7,71
2014-08-12,6,119,6,125
2014-08-12,7,385,29,414
2014-08-12,8,498,38,536
2014-08-12,9,263,38,301
2014-08-12,10,25,18,43
2014-08-12,11,32,6,38
2014-08-12,12,39,9,48
2014-08-12,13,28,5,33
2014-08-12,14,30,4,34
2014-08-12,15,118,21,139
2014-08-12,16,349,89,438
2014-08-12,17,797,123,920
2014-08-12,18,808,106,914
2014-08-12,19,564,122,686
2014-08-12,20,389,109,498
2014-08-12,21,254,69,323
2014-08-12,22,192,37,229
2014-08-12,23,88,24,112
2014-08-13,0,29,8,37
2014-08-13,1,20,8,28
2014-08-13,2,4,4,8
2014-08-13,3,7,0,7
2014-08-13,4,10,1,11
2014-08-13,5,76,6,82
2014-08-13,6,251,19,270
2014-08-13,7,648,52,700
2014-08-13,8,927,67,994
2014-08-13,9,389,102,491
2014-08-13,10,199,143,342
2014-08-13,11,233,160,393
2014-08-13,12,335,160,495
2014-08-13,13,312,242,554
2014-08-13,14,247,181,428
2014-08-13,15,256,180,436
2014-08-13,16,473,206,679
2014-08-13,17,1059,244,1303
2014-08-13,18,947,206,1153
2014-08-13,19,714,165,879
2014-08-13,20,496,150,646
2014-08-13,21,332,121,453
2014-08-13,22,246,69,315
2014-08-13,23,140,38,178
2014-08-14,0,54,18,72
2014-08-14,1,24,12,36
2014-08-14,2,11,4,15
2014-08-14,3,10,2,12
2014-08-14,4,6,1,7
2014-08-14,5,68,4,72
2014-08-14,6,246,18,264
2014-08-14,7,587,46,633
2014-08-14,8,917,78,995
2014-08-14,9,408,117,525
2014-08-14,10,222,147,369
2014-08-14,11,213,200,413
2014-08-14,12,328,179,507
2014-08-14,13,348,189,537
2014-08-14,14,265,187,452
2014-08-14,15,286,214,500
2014-08-14,16,519,202,721
2014-08-14,17,1024,225,1249
2014-08-14,18,984,212,1196
2014-08-14,19,643,195,838
2014-08-14,20,450,147,597
2014-08-14,21,346,121,467
2014-08-14,22,246,103,349
2014-08-14,23,141,39,180
2014-08-15,0,90,28,118
2014-08-15,1,28,5,33
2014-08-15,2,14,1,15
2014-08-15,3,7,0,7
2014-08-15,4,9,1,10
2014-08-15,5,59,4,63
2014-08-15,6,218,22,240
2014-08-15,7,548,35,583
2014-08-15,8,961,109,1070
2014-08-15,9,475,124,599
2014-08-15,10,240,163,403
2014-08-15,11,338,217,555
2014-08-15,12,366,277,643
2014-08-15,13,333,239,572
2014-08-15,14,337,296,633
2014-08-15,15,407,277,684
2014-08-15,16,584,308,892
2014-08-15,17,982,305,1287
2014-08-15,18,764,244,1008
2014-08-15,19,546,252,798
2014-08-15,20,413,237,650
2014-08-15,21,285,170,455
2014-08-15,22,239,114,353
2014-08-15,23,218,53,271
2014-08-16,0,145,53,198
2014-08-16,1,92,44,136
2014-08-16,2,70,12,82
2014-08-16,3,33,13,46
2014-08-16,4,18,4,22
2014-08-16,5,14,4,18
2014-08-16,6,42,13,55
2014-08-16,7,107,19,126
2014-08-16,8,198,75,273
2014-08-16,9,301,154,455
2014-08-16,10,347,307,654
2014-08-16,11,455,392,847
2014-08-16,12,472,494,966
2014-08-16,13,508,537,1045
2014-08-16,14,496,565,1061
2014-08-16,15,495,556,1051
2014-08-16,16,456,511,967
2014-08-16,17,433,494,927
2014-08-16,18,463,439,902
2014-08-16,19,371,350,721
2014-08-16,20,258,295,553
2014-08-16,21,238,179,417
2014-08-16,22,237,176,413
2014-08-16,23,175,141,316
2014-08-17,0,148,67,215
2014-08-17,1,89,42,131
2014-08-17,2,69,37,106
2014-08-17,3,32,27,59
2014-08-17,4,6,6,12
2014-08-17,5,10,19,29
2014-08-17,6,18,22,40
2014-08-17,7,57,23,80
2014-08-17,8,146,105,251
2014-08-17,9,200,134,334
2014-08-17,10,364,261,625
2014-08-17,11,440,350,790
2014-08-17,12,527,435,962
2014-08-17,13,488,457,945
2014-08-17,14,469,435,904
2014-08-17,15,466,334,800
2014-08-17,16,510,368,878
2014-08-17,17,425,342,767
2014-08-17,18,491,260,751
2014-08-17,19,439,235,674
2014-08-17,20,313,180,493
2014-08-17,21,227,116,343
2014-08-17,22,173,82,255
2014-08-17,23,96,48,144
2014-08-18,0,28,20,48
2014-08-18,1,17,6,23
2014-08-18,2,8,4,12
2014-08-18,3,4,0,4
2014-08-18,4,11,2,13
2014-08-18,5,57,4,61
2014-08-18,6,250,24,274
2014-08-18,7,593,45,638
2014-08-18,8,954,89,1043
2014-08-18,9,391,122,513
2014-08-18,10,169,143,312
2014-08-18,11,202,205,407
2014-08-18,12,261,173,434
2014-08-18,13,295,204,499
2014-08-18,14,248,195,443
2014-08-18,15,295,195,490
2014-08-18,16,511,206,717
2014-08-18,17,1072,226,1298
2014-08-18,18,971,222,1193
2014-08-18,19,761,160,921
2014-08-18,20,431,102,533
2014-08-18,21,292,78,370
2014-08-18,22,277,58,335
2014-08-18,23,102,31,133
2014-08-19,0,38,6,44
2014-08-19,1,18,10,28
2014-08-19,2,8,1,9
2014-08-19,3,6,0,6
2014-08-19,4,10,0,10
2014-08-19,5,73,2,75
2014-08-19,6,275,15,290
2014-08-19,7,713,40,753
2014-08-19,8,946,85,1031
2014-08-19,9,418,99,517
2014-08-19,10,174,97,271
2014-08-19,11,173,100,273
2014-08-19,12,287,101,388
2014-08-19,13,270,101,371
2014-08-19,14,264,134,398
2014-08-19,15,321,184,505
2014-08-19,16,518,140,658
2014-08-19,17,1173,177,1350
2014-08-19,18,1054,167,1221
2014-08-19,19,680,160,840
2014-08-19,20,534,94,628
2014-08-19,21,336,77,413
2014-08-19,22,248,39,287
2014-08-19,23,128,36,164
2014-08-20,0,47,7,54
2014-08-20,1,20,0,20
2014-08-20,2,9,3,12
2014-08-20,3,1,0,1
2014-08-20,4,14,1,15
2014-08-20,5,70,3,73
2014-08-20,6,280,11,291
2014-08-20,7,721,43,764
2014-08-20,8,950,67,1017
2014-08-20,9,424,107,531
2014-08-20,10,200,125,325
2014-08-20,11,255,130,385
2014-08-20,12,315,156,471
2014-08-20,13,338,159,497
2014-08-20,14,246,162,408
2014-08-20,15,342,170,512
2014-08-20,16,545,206,751
2014-08-20,17,329,59,388
2014-08-20,18,442,76,518
2014-08-20,19,585,148,733
2014-08-20,20,407,121,528
2014-08-20,21,324,93,417
2014-08-20,22,247,52,299
2014-08-20,23,111,29,140
2014-08-21,0,53,11,64
2014-08-21,1,22,8,30
2014-08-21,2,15,8,23
2014-08-21,3,1,0,1
2014-08-21,4,6,1,7
2014-08-21,5,64,3,67
2014-08-21,6,263,19,282
2014-08-21,7,695,33,728
2014-08-21,8,945,66,1011
2014-08-21,9,434,90,524
2014-08-21,10,195,119,314
2014-08-21,11,245,161,406
2014-08-21,12,306,160,466
2014-08-21,13,309,141,450
2014-08-21,14,291,175,466
2014-08-21,15,319,179,498
2014-08-21,16,488,184,672
2014-08-21,17,633,107,740
2014-08-21,18,713,95,808
2014-08-21,19,606,124,730
2014-08-21,20,413,116,529
2014-08-21,21,320,124,444
2014-08-21,22,222,70,292
2014-08-21,23,158,25,183
2014-08-22,0,68,20,88
2014-08-22,1,25,6,31
2014-08-22,2,16,3,19
2014-08-22,3,10,2,12
2014-08-22,4,8,1,9
2014-08-22,5,66,2,68
2014-08-22,6,222,12,234
2014-08-22,7,597,47,644
2014-08-22,8,851,59,910
2014-08-22,9,494,83,577
2014-08-22,10,232,106,338
2014-08-22,11,201,132,333
2014-08-22,12,323,185,508
2014-08-22,13,301,154,455
2014-08-22,14,294,155,449
2014-08-22,15,366,154,520
2014-08-22,16,544,198,742
2014-08-22,17,907,192,1099
2014-08-22,18,814,180,994
2014-08-22,19,544,172,716
2014-08-22,20,386,107,493
2014-08-22,21,295,97,392
2014-08-22,22,277,72,349
2014-08-22,23,198,66,264
2014-08-23,0,177,33,210
2014-08-23,1,118,33,151
2014-08-23,2,64,25,89
2014-08-23,3,31,10,41
2014-08-23,4,11,4,15
2014-08-23,5,21,12,33
2014-08-23,6,53,12,65
2014-08-23,7,112,32,144
2014-08-23,8,234,43,277
2014-08-23,9,300,91,391
2014-08-23,10,242,121,363
2014-08-23,11,277,145,422
2014-08-23,12,375,225,600
2014-08-23,13,397,231,628
2014-08-23,14,214,155,369
2014-08-23,15,117,55,172
2014-08-23,16,142,67,209
2014-08-23,17,175,113,288
2014-08-23,18,273,103,376
2014-08-23,19,274,141,415
2014-08-23,20,244,127,371
2014-08-23,21,194,120,314
2014-08-23,22,188,93,281
2014-08-23,23,153,54,207
2014-08-24,0,136,42,178
2014-08-24,1,113,17,130
2014-08-24,2,98,32,130
2014-08-24,3,34,9,43
2014-08-24,4,13,7,20
2014-08-24,5,4,4,8
2014-08-24,6,25,3,28
2014-08-24,7,82,21,103
2014-08-24,8,149,38,187
2014-08-24,9,270,143,413
2014-08-24,10,389,228,617
2014-08-24,11,522,332,854
2014-08-24,12,619,384,1003
2014-08-24,13,602,419,1021
2014-08-24,14,521,372,893
2014-08-24,15,534,377,911
2014-08-24,16,512,303,815
2014-08-24,17,570,335,905
2014-08-24,18,556,276,832
2014-08-24,19,456,209,665
2014-08-24,20,302,128,430
2014-08-24,21,203,85,288
2014-08-24,22,162,52,214
2014-08-24,23,79,25,104
2014-08-25,0,31,17,48
2014-08-25,1,16,2,18
2014-08-25,2,7,0,7
2014-08-25,3,4,0,4
2014-08-25,4,10,1,11
2014-08-25,5,60,0,60
2014-08-25,6,246,14,260
2014-08-25,7,683,39,722
2014-08-25,8,917,63,980
2014-08-25,9,378,91,469
2014-08-25,10,216,118,334
2014-08-25,11,235,163,398
2014-08-25,12,306,168,474
2014-08-25,13,348,138,486
2014-08-25,14,250,168,418
2014-08-25,15,317,200,517
2014-08-25,16,569,179,748
2014-08-25,17,1168,184,1352
2014-08-25,18,1066,166,1232
2014-08-25,19,694,142,836
2014-08-25,20,500,127,627
2014-08-25,21,302,83,385
2014-08-25,22,169,54,223
2014-08-25,23,107,28,135
2014-08-26,0,35,18,53
2014-08-26,1,10,5,15
2014-08-26,2,6,1,7
2014-08-26,3,1,0,1
2014-08-26,4,13,1,14
2014-08-26,5,74,1,75
2014-08-26,6,291,12,303
2014-08-26,7,798,35,833
2014-08-26,8,1042,74,1116
2014-08-26,9,444,72,516
2014-08-26,10,200,107,307
2014-08-26,11,240,141,381
2014-08-26,12,293,120,413
2014-08-26,13,308,123,431
2014-08-26,14,272,137,409
2014-08-26,15,331,160,491
2014-08-26,16,564,150,714
2014-08-26,17,1134,166,1300
2014-08-26,18,1021,197,1218
2014-08-26,19,742,145,887
2014-08-26,20,478,85,563
2014-08-26,21,336,79,415
2014-08-26,22,221,61,282
2014-08-26,23,99,31,130
2014-08-27,0,43,18,61
2014-08-27,1,11,5,16
2014-08-27,2,7,2,9
2014-08-27,3,1,2,3
2014-08-27,4,8,4,12
2014-08-27,5,85,3,88
2014-08-27,6,286,15,301
2014-08-27,7,763,39,802
2014-08-27,8,1027,55,1082
2014-08-27,9,427,99,526
2014-08-27,10,229,109,338
2014-08-27,11,253,124,377
2014-08-27,12,346,180,526
2014-08-27,13,323,131,454
2014-08-27,14,285,176,461
2014-08-27,15,328,152,480
2014-08-27,16,560,141,701
2014-08-27,17,1090,206,1296
2014-08-27,18,1040,201,1241
2014-08-27,19,708,167,875
2014-08-27,20,493,84,577
2014-08-27,21,369,88,457
2014-08-27,22,258,47,305
2014-08-27,23,120,30,150
2014-08-28,0,42,22,64
2014-08-28,1,16,11,27
2014-08-28,2,7,0,7
2014-08-28,3,7,0,7
2014-08-28,4,8,0,8
2014-08-28,5,57,1,58
2014-08-28,6,290,14,304
2014-08-28,7,705,33,738
2014-08-28,8,1007,59,1066
2014-08-28,9,454,95,549
2014-08-28,10,242,98,340
2014-08-28,11,269,134,403
2014-08-28,12,355,118,473
2014-08-28,13,368,156,524
2014-08-28,14,304,136,440
2014-08-28,15,345,182,527
2014-08-28,16,599,184,783
2014-08-28,17,1033,207,1240
2014-08-28,18,1001,141,1142
2014-08-28,19,643,131,774
2014-08-28,20,500,99,599
2014-08-28,21,364,92,456
2014-08-28,22,282,72,354
2014-08-28,23,147,31,178
2014-08-29,0,71,11,82
2014-08-29,1,28,8,36
2014-08-29,2,17,7,24
2014-08-29,3,6,1,7
2014-08-29,4,5,0,5
2014-08-29,5,62,1,63
2014-08-29,6,227,17,244
2014-08-29,7,555,29,584
2014-08-29,8,955,64,1019
2014-08-29,9,494,99,593
2014-08-29,10,265,148,413
2014-08-29,11,292,177,469
2014-08-29,12,422,207,629
2014-08-29,13,442,235,677
2014-08-29,14,483,222,705
2014-08-29,15,636,298,934
2014-08-29,16,741,279,1020
2014-08-29,17,833,271,1104
2014-08-29,18,640,222,862
2014-08-29,19,512,164,676
2014-08-29,20,399,138,537
2014-08-29,21,271,121,392
2014-08-29,22,237,65,302
2014-08-29,23,172,63,235
2014-08-30,0,97,31,128
2014-08-30,1,70,29,99
2014-08-30,2,51,19,70
2014-08-30,3,17,10,27
2014-08-30,4,7,5,12
2014-08-30,5,19,13,32
2014-08-30,6,54,15,69
2014-08-30,7,98,28,126
2014-08-30,8,158,53,211
2014-08-30,9,255,131,386
2014-08-30,10,322,244,566
2014-08-30,11,368,314,682
2014-08-30,12,426,417,843
2014-08-30,13,404,437,841
2014-08-30,14,385,441,826
2014-08-30,15,377,481,858
2014-08-30,16,363,518,881
2014-08-30,17,353,442,795
2014-08-30,18,370,413,783
2014-08-30,19,332,305,637
2014-08-30,20,226,212,438
2014-08-30,21,194,158,352
2014-08-30,22,171,134,305
2014-08-30,23,152,95,247
2014-08-31,0,111,50,161
2014-08-31,1,104,32,136
2014-08-31,2,57,10,67
2014-08-31,3,24,4,28
2014-08-31,4,4,4,8
2014-08-31,5,5,4,9
2014-08-31,6,16,4,20
2014-08-31,7,52,31,83
2014-08-31,8,140,74,214
2014-08-31,9,212,195,407
2014-08-31,10,319,370,689
2014-08-31,11,435,438,873
2014-08-31,12,455,441,896
2014-08-31,13,367,498,865
2014-08-31,14,384,471,855
2014-08-31,15,282,479,761
2014-08-31,16,362,464,826
2014-08-31,17,371,419,790
2014-08-31,18,329,311,640
2014-08-31,19,110,132,242
2014-08-31,20,62,29,91
2014-08-31,21,49,24,73
2014-08-31,22,50,14,64
2014-08-31,23,93,49,142
2014-09-01,0,58,36,94
2014-09-01,1,36,12,48
2014-09-01,2,31,7,38
2014-09-01,3,8,1,9
2014-09-01,4,7,1,8
2014-09-01,5,11,4,15
2014-09-01,6,28,8,36
2014-09-01,7,52,21,73
2014-09-01,8,134,68,202
2014-09-01,9,226,161,387
2014-09-01,10,314,279,593
2014-09-01,11,404,325,729
2014-09-01,12,418,345,763
2014-09-01,13,407,334,741
2014-09-01,14,418,343,761
2014-09-01,15,395,358,753
2014-09-01,16,292,192,484
2014-09-01,17,375,197,572
2014-09-01,18,399,188,587
2014-09-01,19,366,179,545
2014-09-01,20,214,95,309
2014-09-01,21,188,71,259
2014-09-01,22,131,56,187
2014-09-01,23,85,25,110
2014-09-02,0,21,11,32
2014-09-02,1,9,7,16
2014-09-02,2,13,3,16
2014-09-02,3,1,1,2
2014-09-02,4,14,1,15
2014-09-02,5,70,3,73
2014-09-02,6,288,17,305
2014-09-02,7,705,31,736
2014-09-02,8,892,37,929
2014-09-02,9,396,64,460
2014-09-02,10,159,95,254
2014-09-02,11,175,123,298
2014-09-02,12,299,99,398
2014-09-02,13,240,125,365
2014-09-02,14,202,122,324
2014-09-02,15,269,101,370
2014-09-02,16,473,120,593
2014-09-02,17,983,133,1116
2014-09-02,18,950,116,1066
2014-09-02,19,413,61,474
2014-09-02,20,204,28,232
2014-09-02,21,199,29,228
2014-09-02,22,160,43,203
2014-09-02,23,85,33,118
2014-09-03,0,23,0,23
2014-09-03,1,13,1,14
2014-09-03,2,12,0,12
2014-09-03,3,3,0,3
2014-09-03,4,10,1,11
2014-09-03,5,76,3,79
2014-09-03,6,308,15,323
2014-09-03,7,731,33,764
2014-09-03,8,1075,62,1137
2014-09-03,9,382,68,450
2014-09-03,10,199,91,290
2014-09-03,11,219,94,313
2014-09-03,12,317,84,401
2014-09-03,13,316,99,415
2014-09-03,14,267,84,351
2014-09-03,15,307,82,389
2014-09-03,16,545,121,666
2014-09-03,17,1138,134,1272
2014-09-03,18,1033,138,1171
2014-09-03,19,762,111,873
2014-09-03,20,518,70,588
2014-09-03,21,350,53,403
2014-09-03,22,259,47,306
2014-09-03,23,132,26,158
2014-09-04,0,43,7,50
2014-09-04,1,27,1,28
2014-09-04,2,8,0,8
2014-09-04,3,4,1,5
2014-09-04,4,10,0,10
2014-09-04,5,65,3,68
2014-09-04,6,294,17,311
2014-09-04,7,750,26,776
2014-09-04,8,1068,69,1137
2014-09-04,9,421,68,489
2014-09-04,10,204,68,272
2014-09-04,11,227,115,342
2014-09-04,12,348,107,455
2014-09-04,13,350,101,451
2014-09-04,14,267,110,377
2014-09-04,15,333,153,486
2014-09-04,16,542,124,666
2014-09-04,17,1132,137,1269
2014-09-04,18,1041,150,1191
2014-09-04,19,784,112,896
2014-09-04,20,547,69,616
2014-09-04,21,368,45,413
2014-09-04,22,230,42,272
2014-09-04,23,206,36,242
2014-09-05,0,87,9,96
2014-09-05,1,31,9,40
2014-09-05,2,12,4,16
2014-09-05,3,9,1,10
2014-09-05,4,8,1,9
2014-09-05,5,67,4,71
2014-09-05,6,294,16,310
2014-09-05,7,711,27,738
2014-09-05,8,1061,58,1119
2014-09-05,9,443,66,509
2014-09-05,10,264,113,377
2014-09-05,11,292,109,401
2014-09-05,12,339,130,469
2014-09-05,13,378,142,520
2014-09-05,14,341,138,479
2014-09-05,15,370,138,508
2014-09-05,16,576,116,692
2014-09-05,17,1014,182,1196
2014-09-05,18,870,138,1008
2014-09-05,19,697,132,829
2014-09-05,20,434,135,569
2014-09-05,21,327,82,409
2014-09-05,22,292,63,355
2014-09-05,23,230,46,276
2014-09-06,0,182,22,204
2014-09-06,1,124,11,135
2014-09-06,2,71,5,76
2014-09-06,3,30,5,35
2014-09-06,4,14,1,15
2014-09-06,5,13,4,17
2014-09-06,6,50,10,60
2014-09-06,7,116,17,133
2014-09-06,8,245,62,307
2014-09-06,9,345,81,426
2014-09-06,10,429,210,639
2014-09-06,11,567,267,834
2014-09-06,12,537,267,804
2014-09-06,13,531,294,825
2014-09-06,14,502,313,815
2014-09-06,15,501,239,740
2014-09-06,16,413,250,663
2014-09-06,17,474,248,722
2014-09-06,18,491,225,716
2014-09-06,19,230,85,315
2014-09-06,20,155,46,201
2014-09-06,21,180,43,223
2014-09-06,22,176,44,220
2014-09-06,23,158,32,190
2014-09-07,0,159,31,190
2014-09-07,1,91,11,102
2014-09-07,2,85,10,95
2014-09-07,3,34,2,36
2014-09-07,4,14,3,17
2014-09-07,5,47,20,67
2014-09-07,6,58,23,81
2014-09-07,7,80,32,112
2014-09-07,8,198,80,278
2014-09-07,9,342,140,482
2014-09-07,10,477,231,708
2014-09-07,11,599,325,924
2014-09-07,12,748,334,1082
2014-09-07,13,571,309,880
2014-09-07,14,574,327,901
2014-09-07,15,544,315,859
2014-09-07,16,670,332,1002
2014-09-07,17,596,306,902
2014-09-07,18,564,252,816
2014-09-07,19,460,184,644
2014-09-07,20,285,129,414
2014-09-07,21,208,110,318
2014-09-07,22,134,85,219
2014-09-07,23,69,31,100
2014-09-08,0,30,14,44
2014-09-08,1,13,1,14
2014-09-08,2,6,0,6
2014-09-08,3,9,0,9
2014-09-08,4,11,0,11
2014-09-08,5,63,2,65
2014-09-08,6,298,12,310
2014-09-08,7,765,27,792
2014-09-08,8,1054,54,1108
2014-09-08,9,399,72,471
2014-09-08,10,200,94,294
2014-09-08,11,243,157,400
2014-09-08,12,271,173,444
2014-09-08,13,263,167,430
2014-09-08,14,251,136,387
2014-09-08,15,272,133,405
2014-09-08,16,532,141,673
2014-09-08,17,1156,147,1303
2014-09-08,18,1035,139,1174
2014-09-08,19,684,97,781
2014-09-08,20,433,47,480
2014-09-08,21,337,64,401
2014-09-08,22,234,33,267
2014-09-08,23,90,18,108
2014-09-09,0,33,7,40
2014-09-09,1,14,12,26
2014-09-09,2,4,3,7
2014-09-09,3,5,0,5
2014-09-09,4,7,1,8
2014-09-09,5,80,3,83
2014-09-09,6,322,11,333
2014-09-09,7,871,36,907
2014-09-09,8,1092,61,1153
2014-09-09,9,411,47,458
2014-09-09,10,217,96,313
2014-09-09,11,215,99,314
2014-09-09,12,322,92,414
2014-09-09,13,291,128,419
2014-09-09,14,291,92,383
2014-09-09,15,335,90,425
2014-09-09,16,603,90,693
2014-09-09,17,1290,165,1455
2014-09-09,18,1102,143,1245
2014-09-09,19,711,103,814
2014-09-09,20,441,65,506
2014-09-09,21,366,54,420
2014-09-09,22,361,53,414
2014-09-09,23,123,20,143
2014-09-10,0,55,5,60
2014-09-10,1,15,10,25
2014-09-10,2,8,0,8
2014-09-10,3,2,0,2
2014-09-10,4,9,1,10
2014-09-10,5,90,2,92
2014-09-10,6,333,12,345
2014-09-10,7,851,29,880
2014-09-10,8,1096,48,1144
2014-09-10,9,420,54,474
2014-09-10,10,246,75,321
2014-09-10,11,239,83,322
2014-09-10,12,335,73,408
2014-09-10,13,305,79,384
2014-09-10,14,279,101,380
2014-09-10,15,435,88,523
2014-09-10,16,639,91,730
2014-09-10,17,1214,141,1355
2014-09-10,18,1156,151,1307
2014-09-10,19,795,108,903
2014-09-10,20,511,81,592
2014-09-10,21,401,75,476
2014-09-10,22,255,53,308
2014-09-10,23,141,43,184
2014-09-11,0,58,13,71
2014-09-11,1,18,8,26
2014-09-11,2,8,0,8
2014-09-11,3,6,1,7
2014-09-11,4,11,3,14
2014-09-11,5,71,4,75
2014-09-11,6,301,16,317
2014-09-11,7,837,30,867
2014-09-11,8,1063,53,1116
2014-09-11,9,477,58,535
2014-09-11,10,248,79,327
2014-09-11,11,286,74,360
2014-09-11,12,361,105,466
2014-09-11,13,332,79,411
2014-09-11,14,313,98,411
2014-09-11,15,354,94,448
2014-09-11,16,548,95,643
2014-09-11,17,1190,138,1328
2014-09-11,18,1137,121,1258
2014-09-11,19,746,99,845
2014-09-11,20,522,71,593
2014-09-11,21,339,40,379
2014-09-11,22,274,25,299
2014-09-11,23,172,21,193
2014-09-12,0,86,14,100
2014-09-12,1,37,2,39
2014-09-12,2,20,8,28
2014-09-12,3,10,1,11
2014-09-12,4,5,6,11
2014-09-12,5,69,1,70
2014-09-12,6,292,5,297
2014-09-12,7,748,35,783
2014-09-12,8,1039,52,1091
2014-09-12,9,475,68,543
2014-09-12,10,253,110,363
2014-09-12,11,323,140,463
2014-09-12,12,445,164,609
2014-09-12,13,456,186,642
2014-09-12,14,408,190,598
2014-09-12,15,441,210,651
2014-09-12,16,669,220,889
2014-09-12,17,1117,220,1337
2014-09-12,18,1008,186,1194
2014-09-12,19,716,137,853
2014-09-12,20,472,92,564
2014-09-12,21,372,57,429
2014-09-12,22,291,55,346
2014-09-12,23,234,34,268
2014-09-13,0,171,31,202
2014-09-13,1,95,15,110
2014-09-13,2,60,12,72
2014-09-13,3,42,7,49
2014-09-13,4,11,6,17
2014-09-13,5,23,0,23
2014-09-13,6,40,3,43
2014-09-13,7,124,27,151
2014-09-13,8,271,50,321
2014-09-13,9,403,131,534
2014-09-13,10,488,184,672
2014-09-13,11,410,155,565
2014-09-13,12,367,156,523
2014-09-13,13,193,72,265
2014-09-13,14,134,54,188
2014-09-13,15,323,137,460
2014-09-13,16,398,182,580
2014-09-13,17,504,228,732
2014-09-13,18,533,244,777
2014-09-13,19,443,166,609
2014-09-13,20,324,108,432
2014-09-13,21,267,82,349
2014-09-13,22,211,50,261
2014-09-13,23,225,47,272
2014-09-14,0,163,47,210
2014-09-14,1,133,43,176
2014-09-14,2,89,42,131
2014-09-14,3,48,26,74
2014-09-14,4,22,3,25
2014-09-14,5,17,3,20
2014-09-14,6,57,13,70
2014-09-14,7,72,27,99
2014-09-14,8,203,69,272
2014-09-14,9,358,121,479
2014-09-14,10,491,244,735
2014-09-14,11,601,322,923
2014-09-14,12,676,364,1040
2014-09-14,13,627,406,1033
2014-09-14,14,632,383,1015
2014-09-14,15,622,412,1034
2014-09-14,16,663,410,1073
2014-09-14,17,592,366,958
2014-09-14,18,550,337,887
2014-09-14,19,490,181,671
2014-09-14,20,298,105,403
2014-09-14,21,206,84,290
2014-09-14,22,147,48,195
2014-09-14,23,68,30,98
2014-09-15,0,32,1,33
2014-09-15,1,12,2,14
2014-09-15,2,8,2,10
2014-09-15,3,5,0,5
2014-09-15,4,9,0,9
2014-09-15,5,73,2,75
2014-09-15,6,292,7,299
2014-09-15,7,811,35,846
2014-09-15,8,1049,53,1102
2014-09-15,9,389,67,456
2014-09-15,10,185,109,294
2014-09-15,11,266,117,383
2014-09-15,12,348,161,509
2014-09-15,13,359,152,511
2014-09-15,14,313,177,490
2014-09-15,15,364,163,527
2014-09-15,16,655,175,830
2014-09-15,17,1230,183,1413
2014-09-15,18,1154,134,1288
2014-09-15,19,778,138,916
2014-09-15,20,513,84,597
2014-09-15,21,328,51,379
2014-09-15,22,199,35,234
2014-09-15,23,115,13,128
2014-09-16,0,51,12,63
2014-09-16,1,24,5,29
2014-09-16,2,4,2,6
2014-09-16,3,5,0,5
2014-09-16,4,11,2,13
2014-09-16,5,77,2,79
2014-09-16,6,339,12,351
2014-09-16,7,942,40,982
2014-09-16,8,1140,61,1201
2014-09-16,9,469,97,566
2014-09-16,10,236,97,333
2014-09-16,11,285,114,399
2014-09-16,12,379,132,511
2014-09-16,13,315,147,462
2014-09-16,14,290,134,424
2014-09-16,15,396,165,561
2014-09-16,16,627,167,794
2014-09-16,17,1287,215,1502
2014-09-16,18,1246,185,1431
2014-09-16,19,798,124,922
2014-09-16,20,536,87,623
2014-09-16,21,386,59,445
2014-09-16,22,260,35,295
2014-09-16,23,126,11,137
2014-09-17,0,44,5,49
2014-09-17,1,19,4,23
2014-09-17,2,9,0,9
2014-09-17,3,5,0,5
2014-09-17,4,12,1,13
2014-09-17,5,77,2,79
2014-09-17,6,351,6,357
2014-09-17,7,896,41,937
2014-09-17,8,1157,53,1210
2014-09-17,9,425,64,489
2014-09-17,10,231,117,348
2014-09-17,11,265,121,386
2014-09-17,12,349,129,478
2014-09-17,13,348,167,515
2014-09-17,14,307,122,429
2014-09-17,15,387,142,529
2014-09-17,16,632,152,784
2014-09-17,17,1241,159,1400
2014-09-17,18,1156,126,1282
2014-09-17,19,788,109,897
2014-09-17,20,505,61,566
2014-09-17,21,368,67,435
2014-09-17,22,242,30,272
2014-09-17,23,126,15,141
2014-09-18,0,45,7,52
2014-09-18,1,22,3,25
2014-09-18,2,2,1,3
2014-09-18,3,3,2,5
2014-09-18,4,13,0,13
2014-09-18,5,75,3,78
2014-09-18,6,315,6,321
2014-09-18,7,844,34,878
2014-09-18,8,1106,41,1147
2014-09-18,9,476,53,529
2014-09-18,10,221,73,294
2014-09-18,11,280,111,391
2014-09-18,12,404,92,496
2014-09-18,13,396,127,523
2014-09-18,14,368,111,479
2014-09-18,15,379,122,501
2014-09-18,16,639,141,780
2014-09-18,17,1222,149,1371
2014-09-18,18,1111,130,1241
2014-09-18,19,795,96,891
2014-09-18,20,486,56,542
2014-09-18,21,407,45,452
2014-09-18,22,283,33,316
2014-09-18,23,168,11,179
2014-09-19,0,80,13,93
2014-09-19,1,44,3,47
2014-09-19,2,22,5,27
2014-09-19,3,5,2,7
2014-09-19,4,15,2,17
2014-09-19,5,79,4,83
2014-09-19,6,296,14,310
2014-09-19,7,711,27,738
2014-09-19,8,1091,50,1141
2014-09-19,9,503,59,562
2014-09-19,10,263,93,356
2014-09-19,11,342,124,466
2014-09-19,12,430,176,606
2014-09-19,13,458,161,619
2014-09-19,14,400,191,591
2014-09-19,15,461,200,661
2014-09-19,16,703,205,908
2014-09-19,17,1105,210,1315
2014-09-19,18,958,148,1106
2014-09-19,19,642,143,785
2014-09-19,20,393,65,458
2014-09-19,21,327,46,373
2014-09-19,22,313,34,347
2014-09-19,23,195,44,239
2014-09-20,0,168,28,196
2014-09-20,1,117,17,134
2014-09-20,2,76,12,88
2014-09-20,3,28,8,36
2014-09-20,4,11,5,16
2014-09-20,5,13,1,14
2014-09-20,6,37,5,42
2014-09-20,7,124,20,144
2014-09-20,8,272,52,324
2014-09-20,9,413,166,579
2014-09-20,10,553,276,829
2014-09-20,11,593,368,961
2014-09-20,12,644,393,1037
2014-09-20,13,683,449,1132
2014-09-20,14,626,425,1051
2014-09-20,15,572,454,1026
2014-09-20,16,561,426,987
2014-09-20,17,585,398,983
2014-09-20,18,574,323,897
2014-09-20,19,533,261,794
2014-09-20,20,304,140,444
2014-09-20,21,305,110,415
2014-09-20,22,212,94,306
2014-09-20,23,201,41,242
2014-09-21,0,186,44,230
2014-09-21,1,121,27,148
2014-09-21,2,97,14,111
2014-09-21,3,38,19,57
2014-09-21,4,10,0,10
2014-09-21,5,11,4,15
2014-09-21,6,24,6,30
2014-09-21,7,76,31,107
2014-09-21,8,183,72,255
2014-09-21,9,316,158,474
2014-09-21,10,523,242,765
2014-09-21,11,562,294,856
2014-09-21,12,686,295,981
2014-09-21,13,583,348,931
2014-09-21,14,524,316,840
2014-09-21,15,558,299,857
2014-09-21,16,605,330,935
2014-09-21,17,575,298,873
2014-09-21,18,542,228,770
2014-09-21,19,406,162,568
2014-09-21,20,284,75,359
2014-09-21,21,174,73,247
2014-09-21,22,154,59,213
2014-09-21,23,78,27,105
2014-09-22,0,40,21,61
2014-09-22,1,12,4,16
2014-09-22,2,4,4,8
2014-09-22,3,7,2,9
2014-09-22,4,13,1,14
2014-09-22,5,92,1,93
2014-09-22,6,273,9,282
2014-09-22,7,815,40,855
2014-09-22,8,1102,52,1154
2014-09-22,9,449,76,525
2014-09-22,10,209,92,301
2014-09-22,11,262,138,400
2014-09-22,12,342,121,463
2014-09-22,13,339,93,432
2014-09-22,14,315,112,427
2014-09-22,15,347,111,458
2014-09-22,16,648,158,806
2014-09-22,17,1273,187,1460
2014-09-22,18,1159,118,1277
2014-09-22,19,685,78,763
2014-09-22,20,454,52,506
2014-09-22,21,305,50,355
2014-09-22,22,209,38,247
2014-09-22,23,85,5,90
2014-09-23,0,41,5,46
2014-09-23,1,11,2,13
2014-09-23,2,5,0,5
2014-09-23,3,1,0,1
2014-09-23,4,5,0,5
2014-09-23,5,79,3,82
2014-09-23,6,354,8,362
2014-09-23,7,873,29,902
2014-09-23,8,1162,53,1215
2014-09-23,9,467,53,520
2014-09-23,10,252,85,337
2014-09-23,11,272,95,367
2014-09-23,12,358,98,456
2014-09-23,13,361,107,468
2014-09-23,14,329,108,437
2014-09-23,15,388,108,496
2014-09-23,16,649,113,762
2014-09-23,17,1332,140,1472
2014-09-23,18,1207,131,1338
2014-09-23,19,767,91,858
2014-09-23,20,497,65,562
2014-09-23,21,375,32,407
2014-09-23,22,304,26,330
2014-09-23,23,136,15,151
2014-09-24,0,46,8,54
2014-09-24,1,11,1,12
2014-09-24,2,10,1,11
2014-09-24,3,1,4,5
2014-09-24,4,9,0,9
2014-09-24,5,78,1,79
2014-09-24,6,299,6,305
2014-09-24,7,845,23,868
2014-09-24,8,1196,48,1244
2014-09-24,9,480,43,523
2014-09-24,10,249,102,351
2014-09-24,11,305,117,422
2014-09-24,12,390,111,501
2014-09-24,13,353,102,455
2014-09-24,14,277,129,406
2014-09-24,15,390,118,508
2014-09-24,16,619,100,719
2014-09-24,17,1041,98,1139
2014-09-24,18,488,42,530
2014-09-24,19,323,23,346
2014-09-24,20,282,16,298
2014-09-24,21,250,9,259
2014-09-24,22,155,7,162
2014-09-24,23,100,3,103
2014-09-25,0,28,4,32
2014-09-25,1,4,1,5
2014-09-25,2,3,0,3
2014-09-25,3,2,0,2
2014-09-25,4,2,0,2
2014-09-25,5,24,0,24
2014-09-25,6,66,0,66
2014-09-25,7,190,1,191
2014-09-25,8,446,12,458
2014-09-25,9,318,21,339
2014-09-25,10,106,20,126
2014-09-25,11,123,17,140
2014-09-25,12,133,9,142
2014-09-25,13,149,18,167
2014-09-25,14,157,33,190
2014-09-25,15,288,37,325
2014-09-25,16,487,67,554
2014-09-25,17,962,66,1028
2014-09-25,18,928,41,969
2014-09-25,19,567,30,597
2014-09-25,20,394,40,434
2014-09-25,21,293,28,321
2014-09-25,22,304,34,338
2014-09-25,23,153,39,192
2014-09-26,0,84,16,100
2014-09-26,1,32,7,39
2014-09-26,2,17,3,20
2014-09-26,3,6,1,7
2014-09-26,4,7,0,7
2014-09-26,5,68,1,69
2014-09-26,6,259,7,266
2014-09-26,7,655,23,678
2014-09-26,8,1102,47,1149
2014-09-26,9,482,88,570
2014-09-26,10,292,102,394
2014-09-26,11,394,189,583
2014-09-26,12,480,185,665
2014-09-26,13,439,177,616
2014-09-26,14,415,247,662
2014-09-26,15,466,218,684
2014-09-26,16,654,211,865
2014-09-26,17,1209,171,1380
2014-09-26,18,990,189,1179
2014-09-26,19,597,108,705
2014-09-26,20,392,84,476
2014-09-26,21,313,76,389
2014-09-26,22,314,56,370
2014-09-26,23,213,45,258
2014-09-27,0,147,20,167
2014-09-27,1,88,16,104
2014-09-27,2,93,3,96
2014-09-27,3,43,4,47
2014-09-27,4,9,0,9
2014-09-27,5,9,4,13
2014-09-27,6,49,4,53
2014-09-27,7,132,21,153
2014-09-27,8,256,57,313
2014-09-27,9,374,152,526
2014-09-27,10,516,276,792
2014-09-27,11,542,361,903
2014-09-27,12,649,399,1048
2014-09-27,13,624,463,1087
2014-09-27,14,658,456,1114
2014-09-27,15,613,439,1052
2014-09-27,16,583,444,1027
2014-09-27,17,587,385,972
2014-09-27,18,535,322,857
2014-09-27,19,518,208,726
2014-09-27,20,371,140,511
2014-09-27,21,294,106,400
2014-09-27,22,261,80,341
2014-09-27,23,253,62,315
2014-09-28,0,206,49,255
2014-09-28,1,151,21,172
2014-09-28,2,107,11,118
2014-09-28,3,48,12,60
2014-09-28,4,12,3,15
2014-09-28,5,10,1,11
2014-09-28,6,24,2,26
2014-09-28,7,60,14,74
2014-09-28,8,157,67,224
2014-09-28,9,317,125,442
2014-09-28,10,418,260,678
2014-09-28,11,556,325,881
2014-09-28,12,690,341,1031
2014-09-28,13,593,366,959
2014-09-28,14,486,341,827
2014-09-28,15,543,342,885
2014-09-28,16,609,327,936
2014-09-28,17,553,320,873
2014-09-28,18,546,239,785
2014-09-28,19,453,165,618
2014-09-28,20,341,107,448
2014-09-28,21,206,94,300
2014-09-28,22,144,55,199
2014-09-28,23,69,18,87
2014-09-29,0,20,5,25
2014-09-29,1,13,7,20
2014-09-29,2,7,3,10
2014-09-29,3,7,0,7
2014-09-29,4,7,1,8
2014-09-29,5,80,0,80
2014-09-29,6,256,3,259
2014-09-29,7,789,28,817
2014-09-29,8,1088,51,1139
2014-09-29,9,411,67,478
2014-09-29,10,204,137,341
2014-09-29,11,227,157,384
2014-09-29,12,314,126,440
2014-09-29,13,312,154,466
2014-09-29,14,269,144,413
2014-09-29,15,342,115,457
2014-09-29,16,580,158,738
2014-09-29,17,1217,142,1359
2014-09-29,18,1114,109,1223
2014-09-29,19,705,64,769
2014-09-29,20,470,50,520
2014-09-29,21,315,37,352
2014-09-29,22,186,11,197
2014-09-29,23,107,19,126
2014-09-30,0,33,4,37
2014-09-30,1,15,1,16
2014-09-30,2,9,2,11
2014-09-30,3,2,0,2
2014-09-30,4,11,0,11
2014-09-30,5,78,5,83
2014-09-30,6,325,2,327
2014-09-30,7,901,16,917
2014-09-30,8,1230,62,1292
2014-09-30,9,519,53,572
2014-09-30,10,274,100,374
2014-09-30,11,286,96,382
2014-09-30,12,358,112,470
2014-09-30,13,367,95,462
2014-09-30,14,303,127,430
2014-09-30,15,417,146,563
2014-09-30,16,631,154,785
2014-09-30,17,1256,120,1376
2014-09-30,18,1181,103,1284
2014-09-30,19,794,81,875
2014-09-30,20,523,55,578
2014-09-30,21,398,44,442
2014-09-30,22,183,28,211
2014-09-30,23,98,10,108
2014-10-01,0,25,3,28
2014-10-01,1,20,2,22
2014-10-01,2,12,1,13
2014-10-01,3,4,0,4
2014-10-01,4,8,2,10
2014-10-01,5,97,1,98
2014-10-01,6,183,3,186
2014-10-01,7,574,15,589
2014-10-01,8,943,36,979
2014-10-01,9,463,43,506
2014-10-01,10,251,92,343
2014-10-01,11,252,83,335
2014-10-01,12,331,101,432
2014-10-01,13,334,77,411
2014-10-01,14,306,93,399
2014-10-01,15,353,96,449
2014-10-01,16,674,113,787
2014-10-01,17,1312,155,1467
2014-10-01,18,1094,109,1203
2014-10-01,19,763,89,852
2014-10-01,20,474,54,528
2014-10-01,21,422,28,450
2014-10-01,22,283,20,303
2014-10-01,23,143,13,156
2014-10-02,0,41,9,50
2014-10-02,1,20,2,22
2014-10-02,2,7,1,8
2014-10-02,3,2,0,2
2014-10-02,4,12,2,14
2014-10-02,5,71,3,74
2014-10-02,6,307,6,313
2014-10-02,7,804,22,826
2014-10-02,8,1180,38,1218
2014-10-02,9,433,67,500
2014-10-02,10,227,88,315
2014-10-02,11,308,135,443
2014-10-02,12,349,96,445
2014-10-02,13,368,103,471
2014-10-02,14,342,118,460
2014-10-02,15,424,147,571
2014-10-02,16,664,135,799
2014-10-02,17,1290,175,1465
2014-10-02,18,1118,113,1231
2014-10-02,19,803,78,881
2014-10-02,20,499,73,572
2014-10-02,21,449,44,493
2014-10-02,22,289,29,318
2014-10-02,23,185,21,206
2014-10-03,0,81,14,95
2014-10-03,1,43,9,52
2014-10-03,2,15,2,17
2014-10-03,3,9,1,10
2014-10-03,4,17,2,19
2014-10-03,5,77,2,79
2014-10-03,6,270,6,276
2014-10-03,7,734,20,754
2014-10-03,8,1143,57,1200
2014-10-03,9,494,96,590
2014-10-03,10,302,96,398
2014-10-03,11,336,132,468
2014-10-03,12,442,147,589
2014-10-03,13,461,192,653
2014-10-03,14,464,175,639
2014-10-03,15,438,145,583
2014-10-03,16,635,136,771
2014-10-03,17,1067,159,1226
2014-10-03,18,783,94,877
2014-10-03,19,726,123,849
2014-10-03,20,261,44,305
2014-10-03,21,131,11,142
2014-10-03,22,173,17,190
2014-10-03,23,113,8,121
2014-10-04,0,72,1,73
2014-10-04,1,86,4,90
2014-10-04,2,42,6,48
2014-10-04,3,21,10,31
2014-10-04,4,9,8,17
2014-10-04,5,18,3,21
2014-10-04,6,44,12,56
2014-10-04,7,99,9,108
2014-10-04,8,210,41,251
2014-10-04,9,384,108,492
2014-10-04,10,470,189,659
2014-10-04,11,526,278,804
2014-10-04,12,602,338,940
2014-10-04,13,658,355,1013
2014-10-04,14,551,349,900
2014-10-04,15,665,412,1077
2014-10-04,16,635,356,991
2014-10-04,17,585,325,910
2014-10-04,18,491,251,742
2014-10-04,19,345,98,443
2014-10-04,20,239,80,319
2014-10-04,21,165,59,224
2014-10-04,22,193,46,239
2014-10-04,23,162,32,194
2014-10-05,0,230,37,267
2014-10-05,1,97,18,115
2014-10-05,2,73,12,85
2014-10-05,3,34,6,40
2014-10-05,4,11,6,17
2014-10-05,5,16,1,17
2014-10-05,6,16,3,19
2014-10-05,7,69,8,77
2014-10-05,8,160,26,186
2014-10-05,9,276,91,367
2014-10-05,10,423,204,627
2014-10-05,11,482,271,753
2014-10-05,12,611,317,928
2014-10-05,13,585,264,849
2014-10-05,14,609,265,874
2014-10-05,15,547,305,852
2014-10-05,16,530,287,817
2014-10-05,17,561,279,840
2014-10-05,18,508,144,652
2014-10-05,19,358,86,444
2014-10-05,20,262,83,345
2014-10-05,21,160,35,195
2014-10-05,22,143,42,185
2014-10-05,23,77,19,96
2014-10-06,0,33,21,54
2014-10-06,1,14,9,23
2014-10-06,2,7,10,17
2014-10-06,3,1,1,2
2014-10-06,4,8,2,10
2014-10-06,5,80,1,81
2014-10-06,6,266,1,267
2014-10-06,7,756,21,777
2014-10-06,8,1006,57,1063
2014-10-06,9,407,65,472
2014-10-06,10,199,89,288
2014-10-06,11,239,107,346
2014-10-06,12,341,130,471
2014-10-06,13,320,161,481
2014-10-06,14,274,178,452
2014-10-06,15,341,150,491
2014-10-06,16,684,176,860
2014-10-06,17,1291,168,1459
2014-10-06,18,1065,115,1180
2014-10-06,19,656,68,724
2014-10-06,20,415,58,473
2014-10-06,21,292,22,314
2014-10-06,22,206,33,239
2014-10-06,23,99,12,111
2014-10-07,0,46,17,63
2014-10-07,1,18,6,24
2014-10-07,2,6,1,7
2014-10-07,3,4,2,6
2014-10-07,4,12,1,13
2014-10-07,5,79,1,80
2014-10-07,6,305,3,308
2014-10-07,7,804,30,834
2014-10-07,8,1179,43,1222
2014-10-07,9,446,69,515
2014-10-07,10,198,83,281
2014-10-07,11,203,74,277
2014-10-07,12,273,71,344
2014-10-07,13,230,95,325
2014-10-07,14,222,84,306
2014-10-07,15,348,100,448
2014-10-07,16,622,116,738
2014-10-07,17,1206,148,1354
2014-10-07,18,1053,94,1147
2014-10-07,19,451,47,498
2014-10-07,20,253,15,268
2014-10-07,21,244,13,257
2014-10-07,22,64,4,68
2014-10-07,23,76,5,81
2014-10-08,0,56,6,62
2014-10-08,1,19,0,19
2014-10-08,2,10,3,13
2014-10-08,3,3,0,3
2014-10-08,4,13,0,13
2014-10-08,5,99,2,101
2014-10-08,6,334,9,343
2014-10-08,7,817,25,842
2014-10-08,8,1166,41,1207
2014-10-08,9,453,70,523
2014-10-08,10,224,104,328
2014-10-08,11,265,105,370
2014-10-08,12,344,97,441
2014-10-08,13,326,105,431
2014-10-08,14,336,82,418
2014-10-08,15,393,132,525
2014-10-08,16,654,140,794
2014-10-08,17,1255,142,1397
2014-10-08,18,1132,109,1241
2014-10-08,19,687,91,778
2014-10-08,20,472,53,525
2014-10-08,21,376,55,431
2014-10-08,22,255,38,293
2014-10-08,23,137,26,163
2014-10-09,0,44,10,54
2014-10-09,1,22,0,22
2014-10-09,2,7,2,9
2014-10-09,3,4,2,6
2014-10-09,4,9,0,9
2014-10-09,5,82,1,83
2014-10-09,6,280,6,286
2014-10-09,7,781,16,797
2014-10-09,8,1124,44,1168
2014-10-09,9,481,64,545
2014-10-09,10,241,116,357
2014-10-09,11,303,100,403
2014-10-09,12,357,158,515
2014-10-09,13,371,119,490
2014-10-09,14,307,158,465
2014-10-09,15,375,130,505
2014-10-09,16,640,151,791
2014-10-09,17,1192,160,1352
2014-10-09,18,1089,131,1220
2014-10-09,19,681,66,747
2014-10-09,20,426,55,481
2014-10-09,21,327,49,376
2014-10-09,22,307,55,362
2014-10-09,23,166,21,187
2014-10-10,0,88,14,102
2014-10-10,1,30,3,33
2014-10-10,2,22,10,32
2014-10-10,3,5,1,6
2014-10-10,4,10,0,10
2014-10-10,5,67,4,71
2014-10-10,6,216,8,224
2014-10-10,7,565,24,589
2014-10-10,8,1034,49,1083
2014-10-10,9,533,85,618
2014-10-10,10,266,122,388
2014-10-10,11,288,170,458
2014-10-10,12,226,64,290
2014-10-10,13,215,88,303
2014-10-10,14,215,101,316
2014-10-10,15,213,119,332
2014-10-10,16,409,104,513
2014-10-10,17,753,103,856
2014-10-10,18,680,77,757
2014-10-10,19,455,53,508
2014-10-10,20,231,48,279
2014-10-10,21,159,38,197
2014-10-10,22,89,12,101
2014-10-10,23,71,7,78
2014-10-11,0,59,6,65
2014-10-11,1,57,7,64
2014-10-11,2,42,2,44
2014-10-11,3,16,5,21
2014-10-11,4,9,0,9
2014-10-11,5,6,1,7
2014-10-11,6,11,1,12
2014-10-11,7,20,1,21
2014-10-11,8,69,8,77
2014-10-11,9,110,43,153
2014-10-11,10,148,37,185
2014-10-11,11,235,51,286
2014-10-11,12,251,105,356
2014-10-11,13,295,77,372
2014-10-11,14,317,134,451
2014-10-11,15,384,202,586
2014-10-11,16,392,197,589
2014-10-11,17,368,211,579
2014-10-11,18,361,164,525
2014-10-11,19,262,80,342
2014-10-11,20,210,80,290
2014-10-11,21,192,72,264
2014-10-11,22,170,48,218
2014-10-11,23,141,40,181
2014-10-12,0,127,29,156
2014-10-12,1,98,18,116
2014-10-12,2,70,8,78
2014-10-12,3,34,4,38
2014-10-12,4,12,2,14
2014-10-12,5,9,0,9
2014-10-12,6,36,6,42
2014-10-12,7,65,17,82
2014-10-12,8,161,24,185
2014-10-12,9,254,105,359
2014-10-12,10,370,230,600
2014-10-12,11,510,347,857
2014-10-12,12,535,396,931
2014-10-12,13,483,385,868
2014-10-12,14,476,391,867
2014-10-12,15,486,375,861
2014-10-12,16,465,320,785
2014-10-12,17,451,275,726
2014-10-12,18,400,213,613
2014-10-12,19,303,110,413
2014-10-12,20,200,99,299
2014-10-12,21,144,56,200
2014-10-12,22,134,46,180
2014-10-12,23,104,36,140
2014-10-13,0,67,15,82
2014-10-13,1,34,4,38
2014-10-13,2,13,5,18
2014-10-13,3,8,1,9
2014-10-13,4,12,4,16
2014-10-13,5,33,0,33
2014-10-13,6,92,4,96
2014-10-13,7,266,7,273
2014-10-13,8,431,32,463
2014-10-13,9,289,78,367
2014-10-13,10,183,51,234
2014-10-13,11,104,31,135
2014-10-13,12,211,72,283
2014-10-13,13,253,83,336
2014-10-13,14,276,100,376
2014-10-13,15,294,95,389
2014-10-13,16,424,112,536
2014-10-13,17,631,112,743
2014-10-13,18,690,81,771
2014-10-13,19,468,62,530
2014-10-13,20,304,41,345
2014-10-13,21,202,27,229
2014-10-13,22,154,36,190
2014-10-13,23,92,27,119
2014-10-14,0,44,5,49
2014-10-14,1,17,8,25
2014-10-14,2,8,3,11
2014-10-14,3,4,2,6
2014-10-14,4,11,1,12
2014-10-14,5,77,2,79
2014-10-14,6,291,5,296
2014-10-14,7,748,19,767
2014-10-14,8,1039,50,1089
2014-10-14,9,449,60,509
2014-10-14,10,219,102,321
2014-10-14,11,252,98,350
2014-10-14,12,310,117,427
2014-10-14,13,323,152,475
2014-10-14,14,318,172,490
2014-10-14,15,393,149,542
2014-10-14,16,569,157,726
2014-10-14,17,1230,140,1370
2014-10-14,18,1141,96,1237
2014-10-14,19,716,84,800
2014-10-14,20,474,56,530
2014-10-14,21,334,40,374
2014-10-14,22,259,20,279
2014-10-14,23,114,22,136
2014-10-15,0,46,9,55
2014-10-15,1,19,5,24
2014-10-15,2,9,0,9
2014-10-15,3,3,0,3
2014-10-15,4,12,0,12
2014-10-15,5,83,0,83
2014-10-15,6,288,14,302
2014-10-15,7,702,11,713
2014-10-15,8,1039,28,1067
2014-10-15,9,496,57,553
2014-10-15,10,223,68,291
2014-10-15,11,240,77,317
2014-10-15,12,149,29,178
2014-10-15,13,98,15,113
2014-10-15,14,62,10,72
2014-10-15,15,37,5,42
2014-10-15,16,139,20,159
2014-10-15,17,538,24,562
2014-10-15,18,464,28,492
2014-10-15,19,229,7,236
2014-10-15,20,318,11,329
2014-10-15,21,205,9,214
2014-10-15,22,163,11,174
2014-10-15,23,94,6,100
2014-10-16,0,38,3,41
2014-10-16,1,22,5,27
2014-10-16,2,11,0,11
2014-10-16,3,2,0,2
2014-10-16,4,13,2,15
2014-10-16,5,67,3,70
2014-10-16,6,278,6,284
2014-10-16,7,687,7,694
2014-10-16,8,1020,39,1059
2014-10-16,9,428,38,466
2014-10-16,10,225,56,281
2014-10-16,11,270,67,337
2014-10-16,12,335,75,410
2014-10-16,13,309,95,404
2014-10-16,14,232,74,306
2014-10-16,15,358,99,457
2014-10-16,16,588,119,707
2014-10-16,17,1112,139,1251
2014-10-16,18,1080,97,1177
2014-10-16,19,605,63,668
2014-10-16,20,426,62,488
2014-10-16,21,368,72,440
2014-10-16,22,279,36,315
2014-10-16,23,143,23,166
2014-10-17,0,74,22,96
2014-10-17,1,35,13,48
2014-10-17,2,7,4,11
2014-10-17,3,3,5,8
2014-10-17,4,11,0,11
2014-10-17,5,65,0,65
2014-10-17,6,186,1,187
2014-10-17,7,617,25,642
2014-10-17,8,1093,63,1156
2014-10-17,9,462,113,575
2014-10-17,10,256,157,413
2014-10-17,11,315,215,530
2014-10-17,12,446,238,684
2014-10-17,13,416,236,652
2014-10-17,14,384,270,654
2014-10-17,15,452,273,725
2014-10-17,16,664,247,911
2014-10-17,17,1153,229,1382
2014-10-17,18,925,168,1093
2014-10-17,19,597,130,727
2014-10-17,20,382,84,466
2014-10-17,21,293,51,344
2014-10-17,22,241,60,301
2014-10-17,23,204,55,259
2014-10-18,0,156,34,190
2014-10-18,1,100,30,130
2014-10-18,2,78,23,101
2014-10-18,3,31,10,41
2014-10-18,4,17,1,18
2014-10-18,5,12,1,13
2014-10-18,6,38,10,48
2014-10-18,7,94,29,123
2014-10-18,8,233,55,288
2014-10-18,9,344,139,483
2014-10-18,10,443,244,687
2014-10-18,11,506,373,879
2014-10-18,12,549,384,933
2014-10-18,13,541,417,958
2014-10-18,14,573,450,1023
2014-10-18,15,580,459,1039
2014-10-18,16,540,381,921
2014-10-18,17,484,338,822
2014-10-18,18,392,208,600
2014-10-18,19,334,108,442
2014-10-18,20,250,76,326
2014-10-18,21,250,75,325
2014-10-18,22,199,62,261
2014-10-18,23,166,31,197
2014-10-19,0,162,31,193
2014-10-19,1,110,25,135
2014-10-19,2,92,26,118
2014-10-19,3,47,9,56
2014-10-19,4,9,2,11
2014-10-19,5,14,2,16
2014-10-19,6,15,5,20
2014-10-19,7,67,22,89
2014-10-19,8,109,31,140
2014-10-19,9,270,98,368
2014-10-19,10,415,149,564
2014-10-19,11,447,180,627
2014-10-19,12,563,213,776
2014-10-19,13,487,242,729
2014-10-19,14,445,222,667
2014-10-19,15,487,245,732
2014-10-19,16,477,215,692
2014-10-19,17,424,238,662
2014-10-19,18,435,125,560
2014-10-19,19,265,85,350
2014-10-19,20,195,40,235
2014-10-19,21,146,29,175
2014-10-19,22,100,21,121
2014-10-19,23,67,18,85
2014-10-20,0,21,6,27
2014-10-20,1,20,2,22
2014-10-20,2,5,0,5
2014-10-20,3,4,0,4
2014-10-20,4,8,0,8
2014-10-20,5,54,0,54
2014-10-20,6,242,5,247
2014-10-20,7,620,15,635
2014-10-20,8,1086,46,1132
2014-10-20,9,421,60,481
2014-10-20,10,193,61,254
2014-10-20,11,226,80,306
2014-10-20,12,280,86,366
2014-10-20,13,301,91,392
2014-10-20,14,283,119,402
2014-10-20,15,312,106,418
2014-10-20,16,546,124,670
2014-10-20,17,1148,129,1277
2014-10-20,18,957,91,1048
2014-10-20,19,614,56,670
2014-10-20,20,386,42,428
2014-10-20,21,288,32,320
2014-10-20,22,150,35,185
2014-10-20,23,59,16,75
2014-10-21,0,33,4,37
2014-10-21,1,16,0,16
2014-10-21,2,5,0,5
2014-10-21,3,2,1,3
2014-10-21,4,7,2,9
2014-10-21,5,69,2,71
2014-10-21,6,287,2,289
2014-10-21,7,706,27,733
2014-10-21,8,1123,47,1170
2014-10-21,9,479,33,512
2014-10-21,10,200,63,263
2014-10-21,11,240,57,297
2014-10-21,12,306,102,408
2014-10-21,13,362,93,455
2014-10-21,14,308,84,392
2014-10-21,15,350,56,406
2014-10-21,16,527,83,610
2014-10-21,17,480,42,522
2014-10-21,18,397,16,413
2014-10-21,19,349,15,364
2014-10-21,20,246,7,253
2014-10-21,21,134,7,141
2014-10-21,22,63,2,65
2014-10-21,23,33,0,33
2014-10-22,0,24,0,24
2014-10-22,1,9,3,12
2014-10-22,2,7,0,7
2014-10-22,3,4,0,4
2014-10-22,4,4,0,4
2014-10-22,5,31,0,31
2014-10-22,6,121,2,123
2014-10-22,7,113,2,115
2014-10-22,8,186,5,191
2014-10-22,9,115,4,119
2014-10-22,10,44,3,47
2014-10-22,11,37,4,41
2014-10-22,12,88,9,97
2014-10-22,13,69,6,75
2014-10-22,14,102,15,117
2014-10-22,15,175,22,197
2014-10-22,16,270,17,287
2014-10-22,17,764,42,806
2014-10-22,18,691,30,721
2014-10-22,19,416,20,436
2014-10-22,20,333,15,348
2014-10-22,21,276,20,296
2014-10-22,22,186,13,199
2014-10-22,23,81,8,89
2014-10-23,0,36,2,38
2014-10-23,1,17,0,17
2014-10-23,2,6,0,6
2014-10-23,3,4,0,4
2014-10-23,4,8,0,8
2014-10-23,5,69,0,69
2014-10-23,6,239,3,242
2014-10-23,7,617,17,634
2014-10-23,8,1044,32,1076
2014-10-23,9,519,34,553
2014-10-23,10,258,52,310
2014-10-23,11,230,63,293
2014-10-23,12,291,79,370
2014-10-23,13,332,112,444
2014-10-23,14,269,91,360
2014-10-23,15,318,96,414
2014-10-23,16,552,102,654
2014-10-23,17,1070,122,1192
2014-10-23,18,1017,105,1122
2014-10-23,19,604,49,653
2014-10-23,20,450,38,488
2014-10-23,21,365,24,389
2014-10-23,22,237,14,251
2014-10-23,23,147,20,167
2014-10-24,0,67,6,73
2014-10-24,1,28,4,32
2014-10-24,2,25,0,25
2014-10-24,3,9,2,11
2014-10-24,4,9,2,11
2014-10-24,5,40,4,44
2014-10-24,6,224,7,231
2014-10-24,7,607,13,620
2014-10-24,8,1004,32,1036
2014-10-24,9,544,61,605
2014-10-24,10,250,106,356
2014-10-24,11,325,121,446
2014-10-24,12,389,154,543
2014-10-24,13,405,147,552
2014-10-24,14,337,204,541
2014-10-24,15,409,192,601
2014-10-24,16,634,177,811
2014-10-24,17,1073,180,1253
2014-10-24,18,879,105,984
2014-10-24,19,512,74,586
2014-10-24,20,324,47,371
2014-10-24,21,262,31,293
2014-10-24,22,217,35,252
2014-10-24,23,164,12,176
2014-10-25,0,125,20,145
2014-10-25,1,81,3,84
2014-10-25,2,56,9,65
2014-10-25,3,30,8,38
2014-10-25,4,4,1,5
2014-10-25,5,7,1,8
2014-10-25,6,32,10,42
2014-10-25,7,104,18,122
2014-10-25,8,231,36,267
2014-10-25,9,372,134,506
2014-10-25,10,472,182,654
2014-10-25,11,574,323,897
2014-10-25,12,604,371,975
2014-10-25,13,607,409,1016
2014-10-25,14,622,404,1026
2014-10-25,15,579,444,1023
2014-10-25,16,594,416,1010
2014-10-25,17,539,406,945
2014-10-25,18,489,232,721
2014-10-25,19,365,139,504
2014-10-25,20,226,105,331
2014-10-25,21,247,76,323
2014-10-25,22,206,54,260
2014-10-25,23,188,27,215
2014-10-26,0,145,20,165
2014-10-26,1,119,12,131
2014-10-26,2,80,26,106
2014-10-26,3,54,16,70
2014-10-26,4,9,2,11
2014-10-26,5,17,7,24
2014-10-26,6,50,10,60
2014-10-26,7,106,31,137
2014-10-26,8,192,122,314
2014-10-26,9,334,213,547
2014-10-26,10,420,264,684
2014-10-26,11,558,327,885
2014-10-26,12,593,301,894
2014-10-26,13,611,307,918
2014-10-26,14,605,356,961
2014-10-26,15,567,339,906
2014-10-26,16,562,301,863
2014-10-26,17,509,247,756
2014-10-26,18,459,172,631
2014-10-26,19,323,68,391
2014-10-26,20,250,56,306
2014-10-26,21,197,38,235
2014-10-26,22,112,51,163
2014-10-26,23,74,21,95
2014-10-27,0,41,9,50
2014-10-27,1,16,7,23
2014-10-27,2,5,7,12
2014-10-27,3,2,9,11
2014-10-27,4,5,0,5
2014-10-27,5,62,1,63
2014-10-27,6,249,2,251
2014-10-27,7,636,6,642
2014-10-27,8,1048,47,1095
2014-10-27,9,427,54,481
2014-10-27,10,207,130,337
2014-10-27,11,227,130,357
2014-10-27,12,360,144,504
2014-10-27,13,361,180,541
2014-10-27,14,310,133,443
2014-10-27,15,346,144,490
2014-10-27,16,631,108,739
2014-10-27,17,1225,148,1373
2014-10-27,18,1132,127,1259
2014-10-27,19,687,54,741
2014-10-27,20,435,34,469
2014-10-27,21,297,45,342
2014-10-27,22,166,34,200
2014-10-27,23,86,24,110
2014-10-28,0,46,13,59
2014-10-28,1,17,1,18
2014-10-28,2,5,4,9
2014-10-28,3,2,0,2
2014-10-28,4,7,0,7
2014-10-28,5,70,0,70
2014-10-28,6,307,1,308
2014-10-28,7,739,11,750
2014-10-28,8,1224,59,1283
2014-10-28,9,490,50,540
2014-10-28,10,226,93,319
2014-10-28,11,283,108,391
2014-10-28,12,378,142,520
2014-10-28,13,404,118,522
2014-10-28,14,342,128,470
2014-10-28,15,405,109,514
2014-10-28,16,651,106,757
2014-10-28,17,1285,149,1434
2014-10-28,18,1177,95,1272
2014-10-28,19,765,92,857
2014-10-28,20,488,55,543
2014-10-28,21,439,30,469
2014-10-28,22,252,35,287
2014-10-28,23,161,20,181
2014-10-29,0,45,10,55
2014-10-29,1,22,4,26
2014-10-29,2,7,13,20
2014-10-29,3,2,1,3
2014-10-29,4,8,0,8
2014-10-29,5,76,0,76
2014-10-29,6,311,6,317
2014-10-29,7,748,19,767
2014-10-29,8,1134,43,1177
2014-10-29,9,489,60,549
2014-10-29,10,255,83,338
2014-10-29,11,262,91,353
2014-10-29,12,370,60,430
2014-10-29,13,342,52,394
2014-10-29,14,124,32,156
2014-10-29,15,222,41,263
2014-10-29,16,461,52,513
2014-10-29,17,1041,52,1093
2014-10-29,18,932,58,990
2014-10-29,19,602,35,637
2014-10-29,20,440,17,457
2014-10-29,21,351,15,366
2014-10-29,22,217,14,231
2014-10-29,23,164,13,177
2014-10-30,0,47,2,49
2014-10-30,1,18,2,20
2014-10-30,2,10,0,10
2014-10-30,3,3,0,3
2014-10-30,4,6,0,6
2014-10-30,5,60,1,61
2014-10-30,6,256,2,258
2014-10-30,7,663,10,673
2014-10-30,8,1149,23,1172
2014-10-30,9,470,31,501
2014-10-30,10,261,48,309
2014-10-30,11,287,92,379
2014-10-30,12,352,76,428
2014-10-30,13,361,86,447
2014-10-30,14,335,70,405
2014-10-30,15,367,101,468
2014-10-30,16,555,83,638
2014-10-30,17,1173,92,1265
2014-10-30,18,1008,55,1063
2014-10-30,19,675,32,707
2014-10-30,20,443,32,475
2014-10-30,21,302,18,320
2014-10-30,22,225,24,249
2014-10-30,23,132,7,139
2014-10-31,0,76,6,82
2014-10-31,1,32,4,36
2014-10-31,2,12,0,12
2014-10-31,3,4,0,4
2014-10-31,4,7,1,8
2014-10-31,5,52,0,52
2014-10-31,6,221,2,223
2014-10-31,7,534,8,542
2014-10-31,8,1062,37,1099
2014-10-31,9,500,50,550
2014-10-31,10,273,69,342
2014-10-31,11,334,79,413
2014-10-31,12,423,114,537
2014-10-31,13,371,108,479
2014-10-31,14,393,122,515
2014-10-31,15,453,123,576
2014-10-31,16,730,115,845
2014-10-31,17,1069,105,1174
2014-10-31,18,668,52,720
2014-10-31,19,430,35,465
2014-10-31,20,274,30,304
2014-10-31,21,209,18,227
2014-10-31,22,170,26,196
2014-10-31,23,147,27,174
2014-11-01,0,123,15,138
2014-11-01,1,135,11,146
2014-11-01,2,124,13,137
2014-11-01,3,61,13,74
2014-11-01,4,10,10,20
2014-11-01,5,17,1,18
2014-11-01,6,23,1,24
2014-11-01,7,77,9,86
2014-11-01,8,166,8,174
2014-11-01,9,238,34,272
2014-11-01,10,311,60,371
2014-11-01,11,379,92,471
2014-11-01,12,342,89,431
2014-11-01,13,383,104,487
2014-11-01,14,330,125,455
2014-11-01,15,335,115,450
2014-11-01,16,376,125,501
2014-11-01,17,359,116,475
2014-11-01,18,306,79,385
2014-11-01,19,223,35,258
2014-11-01,20,214,24,238
2014-11-01,21,163,18,181
2014-11-01,22,129,14,143
2014-11-01,23,112,17,129
2014-11-02,0,103,12,115
2014-11-02,1,128,15,143
2014-11-02,2,25,5,30
2014-11-02,3,13,1,14
2014-11-02,4,3,0,3
2014-11-02,5,4,1,5
2014-11-02,6,22,3,25
2014-11-02,7,73,3,76
2014-11-02,8,148,13,161
2014-11-02,9,257,37,294
2014-11-02,10,297,77,374
2014-11-02,11,362,72,434
2014-11-02,12,450,104,554
2014-11-02,13,411,110,521
2014-11-02,14,406,103,509
2014-11-02,15,398,104,502
2014-11-02,16,439,104,543
2014-11-02,17,342,62,404
2014-11-02,18,275,20,295
2014-11-02,19,211,17,228
2014-11-02,20,141,11,152
2014-11-02,21,109,6,115
2014-11-02,22,84,11,95
2014-11-02,23,48,3,51
2014-11-03,0,17,3,20
2014-11-03,1,6,2,8
2014-11-03,2,1,1,2
2014-11-03,3,3,0,3
2014-11-03,4,10,0,10
2014-11-03,5,53,1,54
2014-11-03,6,264,1,265
2014-11-03,7,726,12,738
2014-11-03,8,972,22,994
2014-11-03,9,426,26,452
2014-11-03,10,198,36,234
2014-11-03,11,207,55,262
2014-11-03,12,276,59,335
2014-11-03,13,303,58,361
2014-11-03,14,247,73,320
2014-11-03,15,337,67,404
2014-11-03,16,558,83,641
2014-11-03,17,1073,42,1115
2014-11-03,18,894,25,919
2014-11-03,19,531,22,553
2014-11-03,20,334,13,347
2014-11-03,21,274,9,283
2014-11-03,22,159,8,167
2014-11-03,23,75,1,76
2014-11-04,0,25,3,28
2014-11-04,1,15,1,16
2014-11-04,2,5,1,6
2014-11-04,3,1,0,1
2014-11-04,4,12,0,12
2014-11-04,5,80,1,81
2014-11-04,6,302,3,305
2014-11-04,7,806,16,822
2014-11-04,8,1044,20,1064
2014-11-04,9,506,25,531
2014-11-04,10,220,32,252
2014-11-04,11,256,99,355
2014-11-04,12,356,86,442
2014-11-04,13,322,85,407
2014-11-04,14,311,68,379
2014-11-04,15,346,60,406
2014-11-04,16,647,80,727
2014-11-04,17,1136,67,1203
2014-11-04,18,986,25,1011
2014-11-04,19,552,22,574
2014-11-04,20,438,24,462
2014-11-04,21,353,10,363
2014-11-04,22,238,14,252
2014-11-04,23,102,8,110
2014-11-05,0,50,0,50
2014-11-05,1,29,6,35
2014-11-05,2,9,0,9
2014-11-05,3,9,0,9
2014-11-05,4,9,0,9
2014-11-05,5,90,2,92
2014-11-05,6,323,8,331
2014-11-05,7,797,19,816
2014-11-05,8,1108,40,1148
2014-11-05,9,479,32,511
2014-11-05,10,223,36,259
2014-11-05,11,226,60,286
2014-11-05,12,369,73,442
2014-11-05,13,323,70,393
2014-11-05,14,266,57,323
2014-11-05,15,318,64,382
2014-11-05,16,615,79,694
2014-11-05,17,1084,64,1148
2014-11-05,18,831,43,874
2014-11-05,19,452,23,475
2014-11-05,20,326,8,334
2014-11-05,21,250,9,259
2014-11-05,22,161,5,166
2014-11-05,23,71,2,73
2014-11-06,0,30,2,32
2014-11-06,1,10,0,10
2014-11-06,2,4,2,6
2014-11-06,4,3,0,3
2014-11-06,5,22,0,22
2014-11-06,6,57,2,59
2014-11-06,7,365,5,370
2014-11-06,8,761,11,772
2014-11-06,9,531,27,558
2014-11-06,10,271,41,312
2014-11-06,11,250,36,286
2014-11-06,12,386,34,420
2014-11-06,13,343,55,398
2014-11-06,14,125,20,145
2014-11-06,15,227,17,244
2014-11-06,16,469,36,505
2014-11-06,17,709,40,749
2014-11-06,18,766,24,790
2014-11-06,19,514,20,534
2014-11-06,20,388,12,400
2014-11-06,21,324,15,339
2014-11-06,22,205,12,217
2014-11-06,23,124,11,135
2014-11-07,0,68,4,72
2014-11-07,1,27,3,30
2014-11-07,2,6,0,6
2014-11-07,3,3,0,3
2014-11-07,4,8,0,8
2014-11-07,5,50,0,50
2014-11-07,6,237,5,242
2014-11-07,7,655,13,668
2014-11-07,8,1082,23,1105
2014-11-07,9,513,36,549
2014-11-07,10,273,62,335
2014-11-07,11,301,74,375
2014-11-07,12,382,83,465
2014-11-07,13,340,79,419
2014-11-07,14,299,89,388
2014-11-07,15,339,79,418
2014-11-07,16,481,86,567
2014-11-07,17,955,87,1042
2014-11-07,18,684,28,712
2014-11-07,19,377,10,387
2014-11-07,20,281,17,298
2014-11-07,21,189,18,207
2014-11-07,22,158,26,184
2014-11-07,23,136,24,160
2014-11-08,0,81,11,92
2014-11-08,1,64,4,68
2014-11-08,2,52,2,54
2014-11-08,3,23,1,24
2014-11-08,4,8,1,9
2014-11-08,5,9,1,10
2014-11-08,6,25,0,25
2014-11-08,7,89,9,98
2014-11-08,8,206,32,238
2014-11-08,9,300,59,359
2014-11-08,10,362,88,450
2014-11-08,11,479,127,606
2014-11-08,12,517,173,690
2014-11-08,13,449,205,654
2014-11-08,14,472,230,702
2014-11-08,15,460,229,689
2014-11-08,16,421,160,581
2014-11-08,17,445,176,621
2014-11-08,18,332,57,389
2014-11-08,19,311,77,388
2014-11-08,20,210,30,240
2014-11-08,21,170,33,203
2014-11-08,22,147,41,188
2014-11-08,23,147,26,173
2014-11-09,0,118,11,129
2014-11-09,1,100,7,107
2014-11-09,2,76,6,82
2014-11-09,3,25,8,33
2014-11-09,4,10,0,10
2014-11-09,5,7,2,9
2014-11-09,6,20,2,22
2014-11-09,7,77,16,93
2014-11-09,8,145,33,178
2014-11-09,9,274,69,343
2014-11-09,10,406,158,564
2014-11-09,11,423,172,595
2014-11-09,12,524,211,735
2014-11-09,13,471,270,741
2014-11-09,14,506,232,738
2014-11-09,15,529,244,773
2014-11-09,16,579,201,780
2014-11-09,17,408,125,533
2014-11-09,18,348,77,425
2014-11-09,19,271,58,329
2014-11-09,20,190,32,222
2014-11-09,21,136,42,178
2014-11-09,22,117,9,126
2014-11-09,23,64,17,81
2014-11-10,0,35,7,42
2014-11-10,1,14,0,14
2014-11-10,2,7,0,7
2014-11-10,3,5,0,5
2014-11-10,4,7,0,7
2014-11-10,5,59,3,62
2014-11-10,6,214,5,219
2014-11-10,7,647,17,664
2014-11-10,8,1013,36,1049
2014-11-10,9,429,60,489
2014-11-10,10,203,79,282
2014-11-10,11,253,107,360
2014-11-10,12,334,87,421
2014-11-10,13,292,113,405
2014-11-10,14,295,132,427
2014-11-10,15,374,137,511
2014-11-10,16,624,99,723
2014-11-10,17,1000,103,1103
2014-11-10,18,847,52,899
2014-11-10,19,547,38,585
2014-11-10,20,366,29,395
2014-11-10,21,246,34,280
2014-11-10,22,196,23,219
2014-11-10,23,112,14,126
2014-11-11,0,55,5,60
2014-11-11,1,22,16,38
2014-11-11,2,10,0,10
2014-11-11,3,2,1,3
2014-11-11,4,4,2,6
2014-11-11,5,34,4,38
2014-11-11,6,107,11,118
2014-11-11,7,376,17,393
2014-11-11,8,772,41,813
2014-11-11,9,475,54,529
2014-11-11,10,405,95,500
2014-11-11,11,418,109,527
2014-11-11,12,534,150,684
2014-11-11,13,504,175,679
2014-11-11,14,527,169,696
2014-11-11,15,547,176,723
2014-11-11,16,666,171,837
2014-11-11,17,854,121,975
2014-11-11,18,799,83,882
2014-11-11,19,552,76,628
2014-11-11,20,435,74,509
2014-11-11,21,451,91,542
2014-11-11,22,388,75,463
2014-11-11,23,115,4,119
2014-11-12,0,38,12,50
2014-11-12,1,12,6,18
2014-11-12,2,12,0,12
2014-11-12,3,4,0,4
2014-11-12,4,10,1,11
2014-11-12,5,79,2,81
2014-11-12,6,295,8,303
2014-11-12,7,816,12,828
2014-11-12,8,1193,32,1225
2014-11-12,9,498,36,534
2014-11-12,10,247,61,308
2014-11-12,11,252,73,325
2014-11-12,12,303,63,366
2014-11-12,13,318,68,386
2014-11-12,14,277,73,350
2014-11-12,15,396,76,472
2014-11-12,16,564,77,641
2014-11-12,17,1068,62,1130
2014-11-12,18,852,36,888
2014-11-12,19,568,37,605
2014-11-12,20,392,20,412
2014-11-12,21,297,13,310
2014-11-12,22,161,8,169
2014-11-12,23,108,3,111
2014-11-13,0,25,1,26
2014-11-13,1,10,2,12
2014-11-13,2,2,1,3
2014-11-13,3,3,1,4
2014-11-13,4,7,1,8
2014-11-13,5,63,1,64
2014-11-13,6,242,3,245
2014-11-13,7,671,11,682
2014-11-13,8,1062,36,1098
2014-11-13,9,422,26,448
2014-11-13,10,221,29,250
2014-11-13,11,201,41,242
2014-11-13,12,299,58,357
2014-11-13,13,256,41,297
2014-11-13,14,234,49,283
2014-11-13,15,267,46,313
2014-11-13,16,480,36,516
2014-11-13,17,807,41,848
2014-11-13,18,532,23,555
2014-11-13,19,263,8,271
2014-11-13,20,187,11,198
2014-11-13,21,172,8,180
2014-11-13,22,117,6,123
2014-11-13,23,96,5,101
2014-11-14,0,47,1,48
2014-11-14,1,16,2,18
2014-11-14,2,7,0,7
2014-11-14,3,3,0,3
2014-11-14,4,3,0,3
2014-11-14,5,55,0,55
2014-11-14,6,176,1,177
2014-11-14,7,526,7,533
2014-11-14,8,866,24,890
2014-11-14,9,407,17,424
2014-11-14,10,202,31,233
2014-11-14,11,213,42,255
2014-11-14,12,318,54,372
2014-11-14,13,245,56,301
2014-11-14,14,239,60,299
2014-11-14,15,301,42,343
2014-11-14,16,496,47,543
2014-11-14,17,771,30,801
2014-11-14,18,604,13,617
2014-11-14,19,366,8,374
2014-11-14,20,246,18,264
2014-11-14,21,174,14,188
2014-11-14,22,149,4,153
2014-11-14,23,109,8,117
2014-11-15,0,89,0,89
2014-11-15,1,42,4,46
2014-11-15,2,37,1,38
2014-11-15,3,13,2,15
2014-11-15,4,6,0,6
2014-11-15,5,4,0,4
2014-11-15,6,16,3,19
2014-11-15,7,72,2,74
2014-11-15,8,121,14,135
2014-11-15,9,237,38,275
2014-11-15,10,343,74,417
2014-11-15,11,424,133,557
2014-11-15,12,395,148,543
2014-11-15,13,390,136,526
2014-11-15,14,446,135,581
2014-11-15,15,435,159,594
2014-11-15,16,347,148,495
2014-11-15,17,294,76,370
2014-11-15,18,250,45,295
2014-11-15,19,206,32,238
2014-11-15,20,155,18,173
2014-11-15,21,146,19,165
2014-11-15,22,129,21,150
2014-11-15,23,124,9,133
2014-11-16,0,79,10,89
2014-11-16,1,78,5,83
2014-11-16,2,59,8,67
2014-11-16,3,28,2,30
2014-11-16,4,3,0,3
2014-11-16,5,11,0,11
2014-11-16,6,10,1,11
2014-11-16,7,41,11,52
2014-11-16,8,115,28,143
2014-11-16,9,196,44,240
2014-11-16,10,345,76,421
2014-11-16,11,348,102,450
2014-11-16,12,424,94,518
2014-11-16,13,379,93,472
2014-11-16,14,352,103,455
2014-11-16,15,327,88,415
2014-11-16,16,323,66,389
2014-11-16,17,146,21,167
2014-11-16,18,132,21,153
2014-11-16,19,125,18,143
2014-11-16,20,115,24,139
2014-11-16,21,93,24,117
2014-11-16,22,90,15,105
2014-11-16,23,56,8,64
2014-11-17,0,18,1,19
2014-11-17,1,7,1,8
2014-11-17,2,3,0,3
2014-11-17,3,2,0,2
2014-11-17,4,2,1,3
2014-11-17,5,35,1,36
2014-11-17,6,89,2,91
2014-11-17,7,299,4,303
2014-11-17,8,269,7,276
2014-11-17,9,123,9,132
2014-11-17,10,40,3,43
2014-11-17,11,29,2,31
2014-11-17,12,54,8,62
2014-11-17,13,108,12,120
2014-11-17,14,106,11,117
2014-11-17,15,140,13,153
2014-11-17,16,294,11,305
2014-11-17,17,592,23,615
2014-11-17,18,624,26,650
2014-11-17,19,431,7,438
2014-11-17,20,279,12,291
2014-11-17,21,181,5,186
2014-11-17,22,128,4,132
2014-11-17,23,61,6,67
2014-11-18,0,23,4,27
2014-11-18,1,8,0,8
2014-11-18,2,3,0,3
2014-11-18,3,6,1,7
2014-11-18,4,4,0,4
2014-11-18,5,41,0,41
2014-11-18,6,155,0,155
2014-11-18,7,489,11,500
2014-11-18,8,835,23,858
2014-11-18,9,360,14,374
2014-11-18,10,140,16,156
2014-11-18,11,142,16,158
2014-11-18,12,200,24,224
2014-11-18,13,161,14,175
2014-11-18,14,147,22,169
2014-11-18,15,202,36,238
2014-11-18,16,345,28,373
2014-11-18,17,625,21,646
2014-11-18,18,530,15,545
2014-11-18,19,309,5,314
2014-11-18,20,236,4,240
2014-11-18,21,160,7,167
2014-11-18,22,96,5,101
2014-11-18,23,40,5,45
2014-11-19,0,23,1,24
2014-11-19,1,8,1,9
2014-11-19,2,2,2,4
2014-11-19,3,2,2,4
2014-11-19,4,5,0,5
2014-11-19,5,48,0,48
2014-11-19,6,177,0,177
2014-11-19,7,454,6,460
2014-11-19,8,774,11,785
2014-11-19,9,405,15,420
2014-11-19,10,164,17,181
2014-11-19,11,182,12,194
2014-11-19,12,214,30,244
2014-11-19,13,171,9,180
2014-11-19,14,189,7,196
2014-11-19,15,213,11,224
2014-11-19,16,370,24,394
2014-11-19,17,657,26,683
2014-11-19,18,648,6,654
2014-11-19,19,402,3,405
2014-11-19,20,229,3,232
2014-11-19,21,237,3,240
2014-11-19,22,152,4,156
2014-11-19,23,62,1,63
2014-11-20,0,31,0,31
2014-11-20,1,15,1,16
2014-11-20,2,3,0,3
2014-11-20,3,4,0,4
2014-11-20,4,5,0,5
2014-11-20,5,47,0,47
2014-11-20,6,175,2,177
2014-11-20,7,543,3,546
2014-11-20,8,890,8,898
2014-11-20,9,444,13,457
2014-11-20,10,199,14,213
2014-11-20,11,203,20,223
2014-11-20,12,286,19,305
2014-11-20,13,276,38,314
2014-11-20,14,248,33,281
2014-11-20,15,282,42,324
2014-11-20,16,494,22,516
2014-11-20,17,819,30,849
2014-11-20,18,699,24,723
2014-11-20,19,470,13,483
2014-11-20,20,346,6,352
2014-11-20,21,210,19,229
2014-11-20,22,163,4,167
2014-11-20,23,71,1,72
2014-11-21,0,36,2,38
2014-11-21,1,19,0,19
2014-11-21,2,6,0,6
2014-11-21,3,1,0,1
2014-11-21,4,4,0,4
2014-11-21,5,47,0,47
2014-11-21,6,141,0,141
2014-11-21,7,428,2,430
2014-11-21,8,848,20,868
2014-11-21,9,411,19,430
2014-11-21,10,196,26,222
2014-11-21,11,216,50,266
2014-11-21,12,242,31,273
2014-11-21,13,266,47,313
2014-11-21,14,215,31,246
2014-11-21,15,258,34,292
2014-11-21,16,445,41,486
2014-11-21,17,692,46,738
2014-11-21,18,558,12,570
2014-11-21,19,338,13,351
2014-11-21,20,200,10,210
2014-11-21,21,169,13,182
2014-11-21,22,113,8,121
2014-11-21,23,83,8,91
2014-11-22,0,76,3,79
2014-11-22,1,58,4,62
2014-11-22,2,52,4,56
2014-11-22,3,26,3,29
2014-11-22,4,4,0,4
2014-11-22,5,9,1,10
2014-11-22,6,19,0,19
2014-11-22,7,52,8,60
2014-11-22,8,147,6,153
2014-11-22,9,222,20,242
2014-11-22,10,306,35,341
2014-11-22,11,352,84,436
2014-11-22,12,398,60,458
2014-11-22,13,414,90,504
2014-11-22,14,418,107,525
2014-11-22,15,400,142,542
2014-11-22,16,366,120,486
2014-11-22,17,309,73,382
2014-11-22,18,275,50,325
2014-11-22,19,218,38,256
2014-11-22,20,163,23,186
2014-11-22,21,154,15,169
2014-11-22,22,97,11,108
2014-11-22,23,118,11,129
2014-11-23,0,99,8,107
2014-11-23,1,75,3,78
2014-11-23,2,47,3,50
2014-11-23,3,21,3,24
2014-11-23,4,9,1,10
2014-11-23,5,7,0,7
2014-11-23,6,7,0,7
2014-11-23,7,34,2,36
2014-11-23,8,89,17,106
2014-11-23,9,182,31,213
2014-11-23,10,323,76,399
2014-11-23,11,375,121,496
2014-11-23,12,432,116,548
2014-11-23,13,428,128,556
2014-11-23,14,411,120,531
2014-11-23,15,400,140,540
2014-11-23,16,373,108,481
2014-11-23,17,335,82,417
2014-11-23,18,314,55,369
2014-11-23,19,216,41,257
2014-11-23,20,111,24,135
2014-11-23,21,78,21,99
2014-11-23,22,59,7,66
2014-11-23,23,28,0,28
2014-11-24,0,9,1,10
2014-11-24,1,2,0,2
2014-11-24,2,6,0,6
2014-11-24,3,3,0,3
2014-11-24,4,4,0,4
2014-11-24,5,57,1,58
2014-11-24,6,196,0,196
2014-11-24,7,594,5,599
2014-11-24,8,999,15,1014
2014-11-24,9,437,44,481
2014-11-24,10,198,77,275
2014-11-24,11,181,74,255
2014-11-24,12,321,89,410
2014-11-24,13,298,102,400
2014-11-24,14,320,144,464
2014-11-24,15,341,144,485
2014-11-24,16,539,92,631
2014-11-24,17,1095,91,1186
2014-11-24,18,869,41,910
2014-11-24,19,607,39,646
2014-11-24,20,407,21,428
2014-11-24,21,288,30,318
2014-11-24,22,206,39,245
2014-11-24,23,95,21,116
2014-11-25,0,44,25,69
2014-11-25,1,21,13,34
2014-11-25,2,4,8,12
2014-11-25,3,2,2,4
2014-11-25,4,5,0,5
2014-11-25,5,64,0,64
2014-11-25,6,219,2,221
2014-11-25,7,651,9,660
2014-11-25,8,991,32,1023
2014-11-25,9,419,38,457
2014-11-25,10,238,62,300
2014-11-25,11,260,59,319
2014-11-25,12,252,80,332
2014-11-25,13,287,60,347
2014-11-25,14,234,94,328
2014-11-25,15,298,86,384
2014-11-25,16,537,102,639
2014-11-25,17,866,74,940
2014-11-25,18,644,45,689
2014-11-25,19,432,16,448
2014-11-25,20,300,29,329
2014-11-25,21,228,28,256
2014-11-25,22,168,13,181
2014-11-25,23,75,11,86
2014-11-26,0,34,7,41
2014-11-26,1,19,0,19
2014-11-26,2,7,0,7
2014-11-26,3,3,0,3
2014-11-26,4,2,0,2
2014-11-26,5,15,0,15
2014-11-26,6,39,0,39
2014-11-26,7,59,0,59
2014-11-26,8,98,2,100
2014-11-26,9,51,2,53
2014-11-26,10,37,3,40
2014-11-26,11,36,2,38
2014-11-26,12,56,3,59
2014-11-26,13,89,5,94
2014-11-26,14,54,2,56
2014-11-26,15,91,0,91
2014-11-26,16,92,7,99
2014-11-26,17,102,2,104
2014-11-26,18,124,1,125
2014-11-26,19,107,6,113
2014-11-26,20,77,6,83
2014-11-26,21,76,2,78
2014-11-26,22,64,1,65
2014-11-26,23,39,2,41
2014-11-27,0,30,0,30
2014-11-27,1,31,1,32
2014-11-27,2,18,2,20
2014-11-27,3,4,0,4
2014-11-27,4,6,0,6
2014-11-27,5,9,0,9
2014-11-27,6,21,0,21
2014-11-27,7,42,0,42
2014-11-27,8,81,9,90
2014-11-27,9,108,9,117
2014-11-27,10,130,30,160
2014-11-27,11,125,45,170
2014-11-27,12,148,58,206
2014-11-27,13,127,60,187
2014-11-27,14,127,46,173
2014-11-27,15,93,39,132
2014-11-27,16,61,62,123
2014-11-27,17,33,25,58
2014-11-27,18,28,10,38
2014-11-27,19,41,4,45
2014-11-27,20,31,10,41
2014-11-27,21,40,4,44
2014-11-27,22,40,2,42
2014-11-27,23,38,15,53
2014-11-28,0,17,10,27
2014-11-28,1,6,3,9
2014-11-28,2,4,0,4
2014-11-28,3,2,0,2
2014-11-28,4,4,0,4
2014-11-28,5,9,0,9
2014-11-28,6,31,2,33
2014-11-28,7,75,6,81
2014-11-28,8,115,9,124
2014-11-28,9,132,15,147
2014-11-28,10,95,31,126
2014-11-28,11,111,52,163
2014-11-28,12,162,45,207
2014-11-28,13,144,64,208
2014-11-28,14,177,48,225
2014-11-28,15,184,53,237
2014-11-28,16,176,70,246
2014-11-28,17,170,34,204
2014-11-28,18,122,25,147
2014-11-28,19,101,22,123
2014-11-28,20,92,20,112
2014-11-28,21,66,4,70
2014-11-28,22,55,1,56
2014-11-28,23,39,6,45
2014-11-29,0,33,5,38
2014-11-29,1,28,3,31
2014-11-29,2,19,6,25
2014-11-29,3,5,2,7
2014-11-29,4,2,0,2
2014-11-29,5,6,0,6
2014-11-29,6,5,0,5
2014-11-29,7,31,0,31
2014-11-29,8,69,14,83
2014-11-29,9,106,41,147
2014-11-29,10,147,63,210
2014-11-29,11,168,73,241
2014-11-29,12,210,115,325
2014-11-29,13,237,100,337
2014-11-29,14,231,116,347
2014-11-29,15,229,142,371
2014-11-29,16,230,101,331
2014-11-29,17,179,79,258
2014-11-29,18,183,45,228
2014-11-29,19,151,47,198
2014-11-29,20,106,9,115
2014-11-29,21,96,26,122
2014-11-29,22,95,15,110
2014-11-29,23,75,8,83
2014-11-30,0,61,6,67
2014-11-30,1,42,9,51
2014-11-30,2,26,5,31
2014-11-30,3,25,3,28
2014-11-30,4,2,6,8
2014-11-30,5,5,1,6
2014-11-30,6,7,0,7
2014-11-30,7,37,7,44
2014-11-30,8,62,15,77
2014-11-30,9,150,31,181
2014-11-30,10,220,54,274
2014-11-30,11,257,64,321
2014-11-30,12,309,102,411
2014-11-30,13,387,119,506
2014-11-30,14,352,131,483
2014-11-30,15,415,141,556
2014-11-30,16,433,115,548
2014-11-30,17,349,55,404
2014-11-30,18,272,46,318
2014-11-30,19,171,23,194
2014-11-30,20,158,14,172
2014-11-30,21,121,15,136
2014-11-30,22,83,6,89
2014-11-30,23,49,5,54
2014-12-01,0,20,4,24
2014-12-01,1,12,2,14
2014-12-01,2,4,0,4
2014-12-01,3,2,0,2
2014-12-01,4,4,0,4
2014-12-01,5,53,0,53
2014-12-01,6,191,2,193
2014-12-01,7,625,7,632
2014-12-01,8,966,11,977
2014-12-01,9,381,21,402
2014-12-01,10,214,28,242
2014-12-01,11,217,51,268
2014-12-01,12,305,49,354
2014-12-01,13,261,74,335
2014-12-01,14,269,69,338
2014-12-01,15,309,49,358
2014-12-01,16,433,40,473
2014-12-01,17,552,24,576
2014-12-01,18,364,4,368
2014-12-01,19,179,5,184
2014-12-01,20,181,7,188
2014-12-01,21,169,6,175
2014-12-01,22,94,4,98
2014-12-01,23,49,3,52
2014-12-02,0,17,3,20
2014-12-02,1,9,0,9
2014-12-02,2,4,0,4
2014-12-02,3,2,0,2
2014-12-02,4,1,0,1
2014-12-02,5,39,2,41
2014-12-02,6,135,1,136
2014-12-02,7,158,1,159
2014-12-02,8,142,1,143
2014-12-02,9,68,0,68
2014-12-02,10,74,3,77
2014-12-02,11,103,2,105
2014-12-02,12,118,1,119
2014-12-02,13,93,7,100
2014-12-02,14,98,3,101
2014-12-02,15,115,5,120
2014-12-02,16,167,7,174
2014-12-02,17,407,6,413
2014-12-02,18,425,7,432
2014-12-02,19,181,5,186
2014-12-02,20,74,0,74
2014-12-02,21,66,2,68
2014-12-02,22,51,1,52
2014-12-02,23,49,0,49
2014-12-03,0,20,0,20
2014-12-03,1,9,0,9
2014-12-03,2,5,0,5
2014-12-03,3,1,0,1
2014-12-03,4,4,0,4
2014-12-03,5,51,0,51
2014-12-03,6,150,2,152
2014-12-03,7,419,5,424
2014-12-03,8,824,6,830
2014-12-03,9,401,6,407
2014-12-03,10,162,10,172
2014-12-03,11,179,17,196
2014-12-03,12,263,10,273
2014-12-03,13,222,22,244
2014-12-03,14,209,17,226
2014-12-03,15,273,24,297
2014-12-03,16,421,25,446
2014-12-03,17,847,22,869
2014-12-03,18,787,17,804
2014-12-03,19,477,9,486
2014-12-03,20,363,13,376
2014-12-03,21,277,9,286
2014-12-03,22,175,3,178
2014-12-03,23,91,6,97
2014-12-04,0,38,1,39
2014-12-04,1,15,2,17
2014-12-04,2,6,0,6
2014-12-04,3,1,0,1
2014-12-04,4,4,0,4
2014-12-04,5,49,0,49
2014-12-04,6,188,1,189
2014-12-04,7,543,9,552
2014-12-04,8,961,11,972
2014-12-04,9,456,19,475
2014-12-04,10,192,22,214
2014-12-04,11,208,30,238
2014-12-04,12,262,23,285
2014-12-04,13,235,44,279
2014-12-04,14,229,31,260
2014-12-04,15,281,26,307
2014-12-04,16,450,24,474
2014-12-04,17,782,28,810
2014-12-04,18,782,20,802
2014-12-04,19,453,22,475
2014-12-04,20,325,15,340
2014-12-04,21,283,8,291
2014-12-04,22,135,8,143
2014-12-04,23,108,2,110
2014-12-05,0,52,1,53
2014-12-05,1,16,0,16
2014-12-05,2,12,0,12
2014-12-05,3,1,0,1
2014-12-05,4,5,0,5
2014-12-05,5,53,0,53
2014-12-05,6,148,3,151
2014-12-05,7,383,2,385
2014-12-05,8,827,12,839
2014-12-05,9,391,24,415
2014-12-05,10,187,30,217
2014-12-05,11,182,20,202
2014-12-05,12,261,29,290
2014-12-05,13,251,24,275
2014-12-05,14,206,17,223
2014-12-05,15,183,16,199
2014-12-05,16,301,21,322
2014-12-05,17,613,18,631
2014-12-05,18,545,12,557
2014-12-05,19,368,14,382
2014-12-05,20,236,5,241
2014-12-05,21,203,19,222
2014-12-05,22,158,9,167
2014-12-05,23,125,3,128
2014-12-06,0,102,4,106
2014-12-06,1,77,2,79
2014-12-06,2,57,8,65
2014-12-06,3,24,7,31
2014-12-06,4,8,2,10
2014-12-06,5,7,0,7
2014-12-06,6,15,1,16
2014-12-06,7,71,1,72
2014-12-06,8,141,10,151
2014-12-06,9,237,31,268
2014-12-06,10,303,43,346
2014-12-06,11,318,57,375
2014-12-06,12,182,27,209
2014-12-06,13,162,18,180
2014-12-06,14,67,14,81
2014-12-06,15,86,10,96
2014-12-06,16,182,15,197
2014-12-06,17,80,12,92
2014-12-06,18,80,7,87
2014-12-06,19,63,4,67
2014-12-06,20,39,6,45
2014-12-06,21,18,1,19
2014-12-06,22,26,5,31
2014-12-06,23,45,2,47
2014-12-07,0,67,0,67
2014-12-07,1,63,0,63
2014-12-07,2,50,2,52
2014-12-07,3,28,2,30
2014-12-07,4,11,1,12
2014-12-07,5,8,0,8
2014-12-07,6,12,2,14
2014-12-07,7,38,3,41
2014-12-07,8,133,12,145
2014-12-07,9,189,41,230
2014-12-07,10,299,52,351
2014-12-07,11,349,75,424
2014-12-07,12,441,73,514
2014-12-07,13,410,103,513
2014-12-07,14,435,108,543
2014-12-07,15,390,85,475
2014-12-07,16,412,61,473
2014-12-07,17,347,34,381
2014-12-07,18,274,22,296
2014-12-07,19,203,10,213
2014-12-07,20,137,7,144
2014-12-07,21,124,2,126
2014-12-07,22,91,6,97
2014-12-07,23,39,2,41
2014-12-08,0,24,0,24
2014-12-08,1,7,0,7
2014-12-08,2,9,0,9
2014-12-08,3,1,0,1
2014-12-08,4,6,0,6
2014-12-08,5,51,0,51
2014-12-08,6,180,3,183
2014-12-08,7,493,4,497
2014-12-08,8,844,11,855
2014-12-08,9,368,19,387
2014-12-08,10,149,20,169
2014-12-08,11,143,20,163
2014-12-08,12,195,32,227
2014-12-08,13,192,20,212
2014-12-08,14,183,11,194
2014-12-08,15,209,22,231
2014-12-08,16,392,37,429
2014-12-08,17,666,21,687
2014-12-08,18,619,10,629
2014-12-08,19,411,12,423
2014-12-08,20,256,4,260
2014-12-08,21,170,7,177
2014-12-08,22,132,8,140
2014-12-08,23,63,2,65
2014-12-09,0,27,0,27
2014-12-09,1,8,0,8
2014-12-09,2,2,0,2
2014-12-09,4,1,0,1
2014-12-09,5,25,0,25
2014-12-09,6,75,0,75
2014-12-09,7,143,0,143
2014-12-09,8,209,4,213
2014-12-09,9,124,1,125
2014-12-09,10,45,1,46
2014-12-09,11,67,6,73
2014-12-09,12,84,5,89
2014-12-09,13,100,5,105
2014-12-09,14,73,0,73
2014-12-09,15,89,5,94
2014-12-09,16,214,8,222
2014-12-09,17,451,4,455
2014-12-09,18,518,16,534
2014-12-09,19,335,6,341
2014-12-09,20,207,5,212
2014-12-09,21,185,2,187
2014-12-09,22,165,5,170
2014-12-09,23,68,2,70
2014-12-10,0,20,1,21
2014-12-10,1,11,1,12
2014-12-10,2,4,0,4
2014-12-10,3,2,0,2
2014-12-10,4,6,1,7
2014-12-10,5,51,0,51
2014-12-10,6,182,2,184
2014-12-10,7,530,5,535
2014-12-10,8,945,14,959
2014-12-10,9,468,18,486
2014-12-10,10,191,21,212
2014-12-10,11,186,11,197
2014-12-10,12,266,16,282
2014-12-10,13,224,14,238
2014-12-10,14,212,18,230
2014-12-10,15,221,22,243
2014-12-10,16,387,31,418
2014-12-10,17,754,23,777
2014-12-10,18,652,16,668
2014-12-10,19,435,15,450
2014-12-10,20,254,10,264
2014-12-10,21,219,12,231
2014-12-10,22,144,6,150
2014-12-10,23,72,4,76
2014-12-11,0,39,2,41
2014-12-11,1,10,0,10
2014-12-11,2,8,0,8
2014-12-11,3,3,0,3
2014-12-11,4,6,1,7
2014-12-11,5,34,2,36
2014-12-11,6,173,2,175
2014-12-11,7,486,5,491
2014-12-11,8,879,13,892
2014-12-11,9,434,28,462
2014-12-11,10,165,21,186
2014-12-11,11,187,27,214
2014-12-11,12,196,19,215
2014-12-11,13,212,26,238
2014-12-11,14,165,19,184
2014-12-11,15,216,16,232
2014-12-11,16,372,25,397
2014-12-11,17,674,26,700
2014-12-11,18,657,18,675
2014-12-11,19,393,13,406
2014-12-11,20,281,15,296
2014-12-11,21,208,8,216
2014-12-11,22,149,7,156
2014-12-11,23,80,0,80
2014-12-12,0,43,2,45
2014-12-12,1,28,0,28
2014-12-12,2,12,2,14
2014-12-12,3,3,0,3
2014-12-12,4,3,0,3
2014-12-12,5,48,0,48
2014-12-12,6,165,2,167
2014-12-12,7,438,5,443
2014-12-12,8,904,7,911
2014-12-12,9,427,16,443
2014-12-12,10,204,42,246
2014-12-12,11,197,38,235
2014-12-12,12,295,52,347
2014-12-12,13,254,42,296
2014-12-12,14,261,42,303
2014-12-12,15,315,56,371
2014-12-12,16,453,25,478
2014-12-12,17,698,30,728
2014-12-12,18,538,21,559
2014-12-12,19,318,4,322
2014-12-12,20,249,15,264
2014-12-12,21,172,18,190
2014-12-12,22,161,20,181
2014-12-12,23,128,7,135
2014-12-13,0,103,0,103
2014-12-13,1,76,2,78
2014-12-13,2,45,4,49
2014-12-13,3,18,3,21
2014-12-13,4,7,1,8
2014-12-13,5,9,0,9
2014-12-13,6,17,2,19
2014-12-13,7,59,1,60
2014-12-13,8,152,3,155
2014-12-13,9,241,17,258
2014-12-13,10,304,55,359
2014-12-13,11,374,56,430
2014-12-13,12,387,67,454
2014-12-13,13,489,70,559
2014-12-13,14,425,94,519
2014-12-13,15,421,100,521
2014-12-13,16,340,92,432
2014-12-13,17,359,69,428
2014-12-13,18,259,29,288
2014-12-13,19,232,16,248
2014-12-13,20,176,24,200
2014-12-13,21,153,14,167
2014-12-13,22,138,15,153
2014-12-13,23,101,4,105
2014-12-14,0,98,0,98
2014-12-14,1,82,0,82
2014-12-14,2,67,5,72
2014-12-14,3,27,0,27
2014-12-14,4,12,1,13
2014-12-14,5,5,0,5
2014-12-14,6,7,7,14
2014-12-14,7,33,2,35
2014-12-14,8,82,7,89
2014-12-14,9,173,18,191
2014-12-14,10,249,37,286
2014-12-14,11,331,69,400
2014-12-14,12,428,126,554
2014-12-14,13,428,104,532
2014-12-14,14,364,90,454
2014-12-14,15,397,70,467
2014-12-14,16,458,61,519
2014-12-14,17,375,59,434
2014-12-14,18,274,27,301
2014-12-14,19,191,13,204
2014-12-14,20,148,11,159
2014-12-14,21,117,18,135
2014-12-14,22,96,22,118
2014-12-14,23,51,7,58
2014-12-15,0,25,5,30
2014-12-15,1,13,4,17
2014-12-15,2,11,3,14
2014-12-15,3,3,0,3
2014-12-15,4,7,1,8
2014-12-15,5,64,1,65
2014-12-15,6,203,2,205
2014-12-15,7,536,6,542
2014-12-15,8,968,8,976
2014-12-15,9,470,30,500
2014-12-15,10,196,34,230
2014-12-15,11,184,54,238
2014-12-15,12,280,44,324
2014-12-15,13,264,64,328
2014-12-15,14,255,60,315
2014-12-15,15,304,47,351
2014-12-15,16,469,63,532
2014-12-15,17,833,43,876
2014-12-15,18,762,18,780
2014-12-15,19,500,17,517
2014-12-15,20,298,18,316
2014-12-15,21,212,11,223
2014-12-15,22,160,18,178
2014-12-15,23,67,3,70
2014-12-16,0,32,2,34
2014-12-16,1,17,0,17
2014-12-16,2,4,0,4
2014-12-16,3,4,0,4
2014-12-16,4,3,0,3
2014-12-16,5,63,2,65
2014-12-16,6,211,3,214
2014-12-16,7,624,10,634
2014-12-16,8,1090,35,1125
2014-12-16,9,505,31,536
2014-12-16,10,141,14,155
2014-12-16,11,41,3,44
2014-12-16,12,38,4,42
2014-12-16,13,104,6,110
2014-12-16,14,63,3,66
2014-12-16,15,150,15,165
2014-12-16,16,320,10,330
2014-12-16,17,641,12,653
2014-12-16,18,571,7,578
2014-12-16,19,416,15,431
2014-12-16,20,267,15,282
2014-12-16,21,227,15,242
2014-12-16,22,130,8,138
2014-12-16,23,73,2,75
2014-12-17,0,26,4,30
2014-12-17,1,15,1,16
2014-12-17,2,12,0,12
2014-12-17,3,2,0,2
2014-12-17,4,8,0,8
2014-12-17,5,64,0,64
2014-12-17,6,203,5,208
2014-12-17,7,610,11,621
2014-12-17,8,949,13,962
2014-12-17,9,444,20,464
2014-12-17,10,227,34,261
2014-12-17,11,186,64,250
2014-12-17,12,257,32,289
2014-12-17,13,272,58,330
2014-12-17,14,238,45,283
2014-12-17,15,293,52,345
2014-12-17,16,441,43,484
2014-12-17,17,742,34,776
2014-12-17,18,706,36,742
2014-12-17,19,450,11,461
2014-12-17,20,253,16,269
2014-12-17,21,211,3,214
2014-12-17,22,184,10,194
2014-12-17,23,81,3,84
2014-12-18,0,33,1,34
2014-12-18,1,12,1,13
2014-12-18,2,7,0,7
2014-12-18,3,8,1,9
2014-12-18,4,3,0,3
2014-12-18,5,60,0,60
2014-12-18,6,172,0,172
2014-12-18,7,498,2,500
2014-12-18,8,864,7,871
2014-12-18,9,448,16,464
2014-12-18,10,159,9,168
2014-12-18,11,226,33,259
2014-12-18,12,216,17,233
2014-12-18,13,209,21,230
2014-12-18,14,240,17,257
2014-12-18,15,258,12,270
2014-12-18,16,406,26,432
2014-12-18,17,656,18,674
2014-12-18,18,571,19,590
2014-12-18,19,403,5,408
2014-12-18,20,251,20,271
2014-12-18,21,164,9,173
2014-12-18,22,133,3,136
2014-12-18,23,75,4,79
2014-12-19,0,47,3,50
2014-12-19,1,14,2,16
2014-12-19,2,13,0,13
2014-12-19,3,6,0,6
2014-12-19,4,6,0,6
2014-12-19,5,40,1,41
2014-12-19,6,133,3,136
2014-12-19,7,394,7,401
2014-12-19,8,757,9,766
2014-12-19,9,399,22,421
2014-12-19,10,215,17,232
2014-12-19,11,225,23,248
2014-12-19,12,289,33,322
2014-12-19,13,239,25,264
2014-12-19,14,217,25,242
2014-12-19,15,282,44,326
2014-12-19,16,383,31,414
2014-12-19,17,615,36,651
2014-12-19,18,510,7,517
2014-12-19,19,277,4,281
2014-12-19,20,185,8,193
2014-12-19,21,134,4,138
2014-12-19,22,111,2,113
2014-12-19,23,68,2,70
2014-12-20,0,69,2,71
2014-12-20,1,62,1,63
2014-12-20,2,35,2,37
2014-12-20,3,10,0,10
2014-12-20,4,3,1,4
2014-12-20,5,6,0,6
2014-12-20,6,15,0,15
2014-12-20,7,31,0,31
2014-12-20,8,88,4,92
2014-12-20,9,148,17,165
2014-12-20,10,243,21,264
2014-12-20,11,301,47,348
2014-12-20,12,321,34,355
2014-12-20,13,293,63,356
2014-12-20,14,246,62,308
2014-12-20,15,320,49,369
2014-12-20,16,268,62,330
2014-12-20,17,209,23,232
2014-12-20,18,174,22,196
2014-12-20,19,166,16,182
2014-12-20,20,133,4,137
2014-12-20,21,122,8,130
2014-12-20,22,85,1,86
2014-12-20,23,57,3,60
2014-12-21,0,60,4,64
2014-12-21,1,63,3,66
2014-12-21,2,35,1,36
2014-12-21,3,19,2,21
2014-12-21,4,7,1,8
2014-12-21,5,2,0,2
2014-12-21,6,12,1,13
2014-12-21,7,36,1,37
2014-12-21,8,69,7,76
2014-12-21,9,118,36,154
2014-12-21,10,200,35,235
2014-12-21,11,242,74,316
2014-12-21,12,271,74,345
2014-12-21,13,266,56,322
2014-12-21,14,267,69,336
2014-12-21,15,268,71,339
2014-12-21,16,266,55,321
2014-12-21,17,191,39,230
2014-12-21,18,154,34,188
2014-12-21,19,138,22,160
2014-12-21,20,101,15,116
2014-12-21,21,56,8,64
2014-12-21,22,56,12,68
2014-12-21,23,33,2,35
2014-12-22,0,14,2,16
2014-12-22,1,5,0,5
2014-12-22,2,2,0,2
2014-12-22,3,2,0,2
2014-12-22,4,7,0,7
2014-12-22,5,35,1,36
2014-12-22,6,130,0,130
2014-12-22,7,307,3,310
2014-12-22,8,619,7,626
2014-12-22,9,341,23,364
2014-12-22,10,146,38,184
2014-12-22,11,137,24,161
2014-12-22,12,100,16,116
2014-12-22,13,79,9,88
2014-12-22,14,60,11,71
2014-12-22,15,76,7,83
2014-12-22,16,90,0,90
2014-12-22,17,193,2,195
2014-12-22,18,167,2,169
2014-12-22,19,77,1,78
2014-12-22,20,86,2,88
2014-12-22,21,71,1,72
2014-12-22,22,43,5,48
2014-12-22,23,21,1,22
2014-12-23,0,15,0,15
2014-12-23,1,3,0,3
2014-12-23,2,6,0,6
2014-12-23,3,3,0,3
2014-12-23,4,8,1,9
2014-12-23,5,29,1,30
2014-12-23,6,65,0,65
2014-12-23,7,215,0,215
2014-12-23,8,390,3,393
2014-12-23,9,272,12,284
2014-12-23,10,124,17,141
2014-12-23,11,156,23,179
2014-12-23,12,206,25,231
2014-12-23,13,199,28,227
2014-12-23,14,195,24,219
2014-12-23,15,189,22,211
2014-12-23,16,271,24,295
2014-12-23,17,390,15,405
2014-12-23,18,285,9,294
2014-12-23,19,171,4,175
2014-12-23,20,135,2,137
2014-12-23,21,85,4,89
2014-12-23,22,53,8,61
2014-12-23,23,31,2,33
2014-12-24,0,4,0,4
2014-12-24,1,3,0,3
2014-12-24,2,4,0,4
2014-12-24,3,1,1,2
2014-12-24,4,1,0,1
2014-12-24,5,13,0,13
2014-12-24,6,39,0,39
2014-12-24,7,66,0,66
2014-12-24,8,52,0,52
2014-12-24,9,51,1,52
2014-12-24,10,42,1,43
2014-12-24,11,64,0,64
2014-12-24,12,55,0,55
2014-12-24,13,53,5,58
2014-12-24,14,108,5,113
2014-12-24,15,137,0,137
2014-12-24,16,129,8,137
2014-12-24,17,90,6,96
2014-12-24,18,68,5,73
2014-12-24,19,50,4,54
2014-12-24,20,46,10,56
2014-12-24,21,30,4,34
2014-12-24,22,28,5,33
2014-12-24,23,21,2,23
2014-12-25,0,11,5,16
2014-12-25,1,11,6,17
2014-12-25,2,1,0,1
2014-12-25,3,1,0,1
2014-12-25,4,1,0,1
2014-12-25,5,2,1,3
2014-12-25,6,5,0,5
2014-12-25,7,7,0,7
2014-12-25,8,17,12,29
2014-12-25,9,34,7,41
2014-12-25,10,42,30,72
2014-12-25,11,78,55,133
2014-12-25,12,67,74,141
2014-12-25,13,82,110,192
2014-12-25,14,98,137,235
2014-12-25,15,89,124,213
2014-12-25,16,78,96,174
2014-12-25,17,48,35,83
2014-12-25,18,33,18,51
2014-12-25,19,43,25,68
2014-12-25,20,34,22,56
2014-12-25,21,28,13,41
2014-12-25,22,32,3,35
2014-12-25,23,14,6,20
2014-12-26,0,9,0,9
2014-12-26,1,3,4,7
2014-12-26,4,3,0,3
2014-12-26,5,7,0,7
2014-12-26,6,10,3,13
2014-12-26,7,28,9,37
2014-12-26,8,69,16,85
2014-12-26,9,82,47,129
2014-12-26,10,90,60,150
2014-12-26,11,112,88,200
2014-12-26,12,177,109,286
2014-12-26,13,188,126,314
2014-12-26,14,174,152,326
2014-12-26,15,170,175,345
2014-12-26,16,153,128,281
2014-12-26,17,112,72,184
2014-12-26,18,91,34,125
2014-12-26,19,77,35,112
2014-12-26,20,54,37,91
2014-12-26,21,54,31,85
2014-12-26,22,48,29,77
2014-12-26,23,30,15,45
2014-12-27,0,26,4,30
2014-12-27,1,22,2,24
2014-12-27,2,5,1,6
2014-12-27,3,3,3,6
2014-12-27,4,2,0,2
2014-12-27,5,6,1,7
2014-12-27,6,16,1,17
2014-12-27,7,29,5,34
2014-12-27,8,49,27,76
2014-12-27,9,69,58,127
2014-12-27,10,110,120,230
2014-12-27,11,149,146,295
2014-12-27,12,175,235,410
2014-12-27,13,175,240,415
2014-12-27,14,209,316,525
2014-12-27,15,225,302,527
2014-12-27,16,189,204,393
2014-12-27,17,138,184,322
2014-12-27,18,132,101,233
2014-12-27,19,98,82,180
2014-12-27,20,60,48,108
2014-12-27,21,59,28,87
2014-12-27,22,53,29,82
2014-12-27,23,31,14,45
2014-12-28,0,35,9,44
2014-12-28,1,30,3,33
2014-12-28,2,21,1,22
2014-12-28,3,13,0,13
2014-12-28,4,4,0,4
2014-12-28,5,7,1,8
2014-12-28,6,4,2,6
2014-12-28,7,18,8,26
2014-12-28,8,49,18,67
2014-12-28,9,93,71,164
2014-12-28,10,119,126,245
2014-12-28,11,150,151,301
2014-12-28,12,206,157,363
2014-12-28,13,173,142,315
2014-12-28,14,152,114,266
2014-12-28,15,141,91,232
2014-12-28,16,77,63,140
2014-12-28,17,87,32,119
2014-12-28,18,79,33,112
2014-12-28,19,86,48,134
2014-12-28,20,82,32,114
2014-12-28,21,63,12,75
2014-12-28,22,33,12,45
2014-12-28,23,13,0,13
2014-12-29,0,11,2,13
2014-12-29,1,4,2,6
2014-12-29,2,6,0,6
2014-12-29,3,3,0,3
2014-12-29,4,3,0,3
2014-12-29,5,23,0,23
2014-12-29,6,100,0,100
2014-12-29,7,251,10,261
2014-12-29,8,467,24,491
2014-12-29,9,272,56,328
2014-12-29,10,156,86,242
2014-12-29,11,144,124,268
2014-12-29,12,199,133,332
2014-12-29,13,196,104,300
2014-12-29,14,180,118,298
2014-12-29,15,217,150,367
2014-12-29,16,302,115,417
2014-12-29,17,467,81,548
2014-12-29,18,366,67,433
2014-12-29,19,245,37,282
2014-12-29,20,130,32,162
2014-12-29,21,91,18,109
2014-12-29,22,85,13,98
2014-12-29,23,49,3,52
2014-12-30,0,26,3,29
2014-12-30,1,12,0,12
2014-12-30,2,3,2,5
2014-12-30,3,1,0,1
2014-12-30,4,3,0,3
2014-12-30,5,30,1,31
2014-12-30,6,103,1,104
2014-12-30,7,274,4,278
2014-12-30,8,456,25,481
2014-12-30,9,307,41,348
2014-12-30,10,166,39,205
2014-12-30,11,191,97,288
2014-12-30,12,202,97,299
2014-12-30,13,214,86,300
2014-12-30,14,215,121,336
2014-12-30,15,248,103,351
2014-12-30,16,351,74,425
2014-12-30,17,516,41,557
2014-12-30,18,408,22,430
2014-12-30,19,246,13,259
2014-12-30,20,168,9,177
2014-12-30,21,106,17,123
2014-12-30,22,79,4,83
2014-12-30,23,36,1,37
2014-12-31,0,15,2,17
2014-12-31,1,11,0,11
2014-12-31,2,6,0,6
2014-12-31,3,4,0,4
2014-12-31,4,3,0,3
2014-12-31,5,28,1,29
2014-12-31,6,83,0,83
2014-12-31,7,194,2,196
2014-12-31,8,395,15,410
2014-12-31,9,273,24,297
2014-12-31,10,149,33,182
2014-12-31,11,200,68,268
2014-12-31,12,237,74,311
2014-12-31,13,248,64,312
2014-12-31,14,282,52,334
2014-12-31,15,348,63,411
2014-12-31,16,319,64,383
2014-12-31,17,262,43,305
2014-12-31,18,176,11,187
2014-12-31,19,157,5,162
2014-12-31,20,93,9,102
2014-12-31,21,77,7,84
2014-12-31,22,72,7,79
2014-12-31,23,28,5,33
2015-01-01,0,43,11,54
2015-01-01,1,105,9,114
2015-01-01,2,95,5,100
2015-01-01,3,16,0,16
2015-01-01,4,8,0,8
2015-01-01,5,6,0,6
2015-01-01,6,4,3,7
2015-01-01,7,8,3,11
2015-01-01,8,26,6,32
2015-01-01,9,39,7,46
2015-01-01,10,77,26,103
2015-01-01,11,159,55,214
2015-01-01,12,160,42,202
2015-01-01,13,166,40,206
2015-01-01,14,151,80,231
2015-01-01,15,196,53,249
2015-01-01,16,190,95,285
2015-01-01,17,145,56,201
2015-01-01,18,122,27,149
2015-01-01,19,83,14,97
2015-01-01,20,83,7,90
2015-01-01,21,60,11,71
2015-01-01,22,46,8,54
2015-01-01,23,31,1,32
2015-01-02,0,22,3,25
2015-01-02,1,17,1,18
2015-01-02,2,8,0,8
2015-01-02,3,2,3,5
2015-01-02,4,3,2,5
2015-01-02,5,24,0,24
2015-01-02,6,69,0,69
2015-01-02,7,162,0,162
2015-01-02,8,337,8,345
2015-01-02,9,275,31,306
2015-01-02,10,152,39,191
2015-01-02,11,208,76,284
2015-01-02,12,272,137,409
2015-01-02,13,273,102,375
2015-01-02,14,274,123,397
2015-01-02,15,308,109,417
2015-01-02,16,387,106,493
2015-01-02,17,394,69,463
2015-01-02,18,326,56,382
2015-01-02,19,208,40,248
2015-01-02,20,139,10,149
2015-01-02,21,133,4,137
2015-01-02,22,97,19,116
2015-01-02,23,80,0,80
2015-01-03,0,51,10,61
2015-01-03,1,40,10,50
2015-01-03,2,21,0,21
2015-01-03,3,12,2,14
2015-01-03,4,6,0,6
2015-01-03,5,2,0,2
2015-01-03,6,11,0,11
2015-01-03,7,25,0,25
2015-01-03,8,33,7,40
2015-01-03,9,73,11,84
2015-01-03,10,135,24,159
2015-01-03,11,109,24,133
2015-01-03,12,84,11,95
2015-01-03,13,99,19,118
2015-01-03,14,115,29,144
2015-01-03,15,127,28,155
2015-01-03,16,111,11,122
2015-01-03,17,93,11,104
2015-01-03,18,105,9,114
2015-01-03,19,79,6,85
2015-01-03,20,48,3,51
2015-01-03,21,26,0,26
2015-01-03,22,24,2,26
2015-01-03,23,57,0,57
2015-01-04,0,33,2,35
2015-01-04,1,30,2,32
2015-01-04,2,28,1,29
2015-01-04,3,10,0,10
2015-01-04,4,3,0,3
2015-01-04,5,4,0,4
2015-01-04,6,5,2,7
2015-01-04,7,12,0,12
2015-01-04,8,39,4,43
2015-01-04,9,107,5,112
2015-01-04,10,189,21,210
2015-01-04,11,224,34,258
2015-01-04,12,296,44,340
2015-01-04,13,278,65,343
2015-01-04,14,307,69,376
2015-01-04,15,383,56,439
2015-01-04,16,347,61,408
2015-01-04,17,276,59,335
2015-01-04,18,233,38,271
2015-01-04,19,91,10,101
2015-01-04,20,92,9,101
2015-01-04,21,72,6,78
2015-01-04,22,60,13,73
2015-01-04,23,37,1,38
2015-01-05,0,17,0,17
2015-01-05,1,3,0,3
2015-01-05,2,2,0,2
2015-01-05,3,2,0,2
2015-01-05,4,6,0,6
2015-01-05,5,54,1,55
2015-01-05,6,175,0,175
2015-01-05,7,468,3,471
2015-01-05,8,786,18,804
2015-01-05,9,332,16,348
2015-01-05,10,151,39,190
2015-01-05,11,127,30,157
2015-01-05,12,172,34,206
2015-01-05,13,190,27,217
2015-01-05,14,143,29,172
2015-01-05,15,167,25,192
2015-01-05,16,346,20,366
2015-01-05,17,603,27,630
2015-01-05,18,515,13,528
2015-01-05,19,322,3,325
2015-01-05,20,167,1,168
2015-01-05,21,102,0,102
2015-01-05,22,53,3,56
2015-01-05,23,26,4,30
2015-01-06,0,12,0,12
2015-01-06,1,6,0,6
2015-01-06,2,1,0,1
2015-01-06,4,1,0,1
2015-01-06,5,23,0,23
2015-01-06,6,57,1,58
2015-01-06,7,104,0,104
2015-01-06,8,142,3,145
2015-01-06,9,78,1,79
2015-01-06,10,42,1,43
2015-01-06,11,57,2,59
2015-01-06,12,65,0,65
2015-01-06,13,73,0,73
2015-01-06,14,73,1,74
2015-01-06,15,95,3,98
2015-01-06,16,164,10,174
2015-01-06,17,295,9,304
2015-01-06,18,274,1,275
2015-01-06,19,196,3,199
2015-01-06,20,124,4,128
2015-01-06,21,61,4,65
2015-01-06,22,50,0,50
2015-01-06,23,22,2,24
2015-01-07,0,8,0,8
2015-01-07,1,5,1,6
2015-01-07,2,1,0,1
2015-01-07,4,4,0,4
2015-01-07,5,31,0,31
2015-01-07,6,85,0,85
2015-01-07,7,225,1,226
2015-01-07,8,424,4,428
2015-01-07,9,265,5,270
2015-01-07,10,92,7,99
2015-01-07,11,101,7,108
2015-01-07,12,105,4,109
2015-01-07,13,101,6,107
2015-01-07,14,95,7,102
2015-01-07,15,122,5,127
2015-01-07,16,187,4,191
2015-01-07,17,354,4,358
2015-01-07,18,332,4,336
2015-01-07,19,168,3,171
2015-01-07,20,113,1,114
2015-01-07,21,81,2,83
2015-01-07,22,56,0,56
2015-01-07,23,15,0,15
2015-01-08,0,9,0,9
2015-01-08,1,5,0,5
2015-01-08,2,1,0,1
2015-01-08,3,2,1,3
2015-01-08,5,22,0,22
2015-01-08,6,50,0,50
2015-01-08,7,204,0,204
2015-01-08,8,419,6,425
2015-01-08,9,246,0,246
2015-01-08,10,97,3,100
2015-01-08,11,90,0,90
2015-01-08,12,97,3,100
2015-01-08,13,118,4,122
2015-01-08,14,88,2,90
2015-01-08,15,101,8,109
2015-01-08,16,170,2,172
2015-01-08,17,357,3,360
2015-01-08,18,352,3,355
2015-01-08,19,177,3,180
2015-01-08,20,129,0,129
2015-01-08,21,97,2,99
2015-01-08,22,54,0,54
2015-01-08,23,27,0,27
2015-01-09,0,6,1,7
2015-01-09,1,6,1,7
2015-01-09,2,7,0,7
2015-01-09,4,3,0,3
2015-01-09,5,22,0,22
2015-01-09,6,72,0,72
2015-01-09,7,259,2,261
2015-01-09,8,532,2,534
2015-01-09,9,338,5,343
2015-01-09,10,141,7,148
2015-01-09,11,152,7,159
2015-01-09,12,205,8,213
2015-01-09,13,195,3,198
2015-01-09,14,145,14,159
2015-01-09,15,213,8,221
2015-01-09,16,282,13,295
2015-01-09,17,544,7,551
2015-01-09,18,397,4,401
2015-01-09,19,232,1,233
2015-01-09,20,160,2,162
2015-01-09,21,95,0,95
2015-01-09,22,83,0,83
2015-01-09,23,38,2,40
2015-01-10,0,48,2,50
2015-01-10,1,33,1,34
2015-01-10,2,13,0,13
2015-01-10,3,6,1,7
2015-01-10,5,4,0,4
2015-01-10,6,9,0,9
2015-01-10,7,27,1,28
2015-01-10,8,94,2,96
2015-01-10,9,148,11,159
2015-01-10,10,150,7,157
2015-01-10,11,178,18,196
2015-01-10,12,210,8,218
2015-01-10,13,177,18,195
2015-01-10,14,201,19,220
2015-01-10,15,224,16,240
2015-01-10,16,221,11,232
2015-01-10,17,179,16,195
2015-01-10,18,171,7,178
2015-01-10,19,122,10,132
2015-01-10,20,109,5,114
2015-01-10,21,68,0,68
2015-01-10,22,65,3,68
2015-01-10,23,57,3,60
2015-01-11,0,56,1,57
2015-01-11,1,47,1,48
2015-01-11,2,24,0,24
2015-01-11,3,6,0,6
2015-01-11,4,2,0,2
2015-01-11,5,5,0,5
2015-01-11,6,2,0,2
2015-01-11,7,25,0,25
2015-01-11,8,70,10,80
2015-01-11,9,111,12,123
2015-01-11,10,167,16,183
2015-01-11,11,255,50,305
2015-01-11,12,304,35,339
2015-01-11,13,335,42,377
2015-01-11,14,294,33,327
2015-01-11,15,276,46,322
2015-01-11,16,286,44,330
2015-01-11,17,246,34,280
2015-01-11,18,193,15,208
2015-01-11,19,135,4,139
2015-01-11,20,112,8,120
2015-01-11,21,62,6,68
2015-01-11,22,54,4,58
2015-01-11,23,21,2,23
2015-01-12,0,12,1,13
2015-01-12,1,7,1,8
2015-01-12,2,2,0,2
2015-01-12,4,1,0,1
2015-01-12,5,34,0,34
2015-01-12,6,47,1,48
2015-01-12,7,58,6,64
2015-01-12,8,113,2,115
2015-01-12,9,124,4,128
2015-01-12,10,80,3,83
2015-01-12,11,38,1,39
2015-01-12,12,27,1,28
2015-01-12,13,30,1,31
2015-01-12,14,44,2,46
2015-01-12,15,67,3,70
2015-01-12,16,135,10,145
2015-01-12,17,314,8,322
2015-01-12,18,334,11,345
2015-01-12,19,280,9,289
2015-01-12,20,130,4,134
2015-01-12,21,87,5,92
2015-01-12,22,82,5,87
2015-01-12,23,26,5,31
2015-01-13,0,33,7,40
2015-01-13,1,13,0,13
2015-01-13,2,4,0,4
2015-01-13,4,8,0,8
2015-01-13,5,49,0,49
2015-01-13,6,128,1,129
2015-01-13,7,434,10,444
2015-01-13,8,815,11,826
2015-01-13,9,403,11,414
2015-01-13,10,147,18,165
2015-01-13,11,159,15,174
2015-01-13,12,161,25,186
2015-01-13,13,174,12,186
2015-01-13,14,140,18,158
2015-01-13,15,183,14,197
2015-01-13,16,311,14,325
2015-01-13,17,600,21,621
2015-01-13,18,573,7,580
2015-01-13,19,336,15,351
2015-01-13,20,225,13,238
2015-01-13,21,186,17,203
2015-01-13,22,98,9,107
2015-01-13,23,47,8,55
2015-01-14,0,19,9,28
2015-01-14,1,7,6,13
2015-01-14,2,3,0,3
2015-01-14,3,1,0,1
2015-01-14,4,2,0,2
2015-01-14,5,30,0,30
2015-01-14,6,84,1,85
2015-01-14,7,289,5,294
2015-01-14,8,469,9,478
2015-01-14,9,311,15,326
2015-01-14,10,152,8,160
2015-01-14,11,148,10,158
2015-01-14,12,171,6,177
2015-01-14,13,162,7,169
2015-01-14,14,120,23,143
2015-01-14,15,161,14,175
2015-01-14,16,294,21,315
2015-01-14,17,557,23,580
2015-01-14,18,540,11,551
2015-01-14,19,314,14,328
2015-01-14,20,206,5,211
2015-01-14,21,160,8,168
2015-01-14,22,105,8,113
2015-01-14,23,45,2,47
2015-01-15,0,18,3,21
2015-01-15,1,11,12,23
2015-01-15,2,3,0,3
2015-01-15,4,3,0,3
2015-01-15,5,46,0,46
2015-01-15,6,141,1,142
2015-01-15,7,434,2,436
2015-01-15,8,816,9,825
2015-01-15,9,356,10,366
2015-01-15,10,149,16,165
2015-01-15,11,142,17,159
2015-01-15,12,223,19,242
2015-01-15,13,213,25,238
2015-01-15,14,178,18,196
2015-01-15,15,207,36,243
2015-01-15,16,341,33,374
2015-01-15,17,617,33,650
2015-01-15,18,616,8,624
2015-01-15,19,375,9,384
2015-01-15,20,251,6,257
2015-01-15,21,176,3,179
2015-01-15,22,123,4,127
2015-01-15,23,63,8,71
2015-01-16,0,26,0,26
2015-01-16,1,16,0,16
2015-01-16,2,11,0,11
2015-01-16,3,1,0,1
2015-01-16,4,5,0,5
2015-01-16,5,42,0,42
2015-01-16,6,106,0,106
2015-01-16,7,358,3,361
2015-01-16,8,757,9,766
2015-01-16,9,397,12,409
2015-01-16,10,168,15,183
2015-01-16,11,172,16,188
2015-01-16,12,225,26,251
2015-01-16,13,224,39,263
2015-01-16,14,212,17,229
2015-01-16,15,267,33,300
2015-01-16,16,390,20,410
2015-01-16,17,647,33,680
2015-01-16,18,524,14,538
2015-01-16,19,303,9,312
2015-01-16,20,224,7,231
2015-01-16,21,128,9,137
2015-01-16,22,124,1,125
2015-01-16,23,93,0,93
2015-01-17,0,68,7,75
2015-01-17,1,62,1,63
2015-01-17,2,30,2,32
2015-01-17,3,12,0,12
2015-01-17,4,7,0,7
2015-01-17,5,6,0,6
2015-01-17,6,16,0,16
2015-01-17,7,48,2,50
2015-01-17,8,98,13,111
2015-01-17,9,177,25,202
2015-01-17,10,233,42,275
2015-01-17,11,274,70,344
2015-01-17,12,316,79,395
2015-01-17,13,317,86,403
2015-01-17,14,305,101,406
2015-01-17,15,364,83,447
2015-01-17,16,245,73,318
2015-01-17,17,238,45,283
2015-01-17,18,199,23,222
2015-01-17,19,169,4,173
2015-01-17,20,114,11,125
2015-01-17,21,83,15,98
2015-01-17,22,77,7,84
2015-01-17,23,66,4,70
2015-01-18,0,62,2,64
2015-01-18,1,34,2,36
2015-01-18,2,40,6,46
2015-01-18,3,17,0,17
2015-01-18,4,6,0,6
2015-01-18,5,3,0,3
2015-01-18,6,10,2,12
2015-01-18,7,22,1,23
2015-01-18,8,9,0,9
2015-01-18,9,24,1,25
2015-01-18,10,36,5,41
2015-01-18,11,78,6,84
2015-01-18,12,134,20,154
2015-01-18,13,172,20,192
2015-01-18,14,182,33,215
2015-01-18,15,230,38,268
2015-01-18,16,227,31,258
2015-01-18,17,213,43,256
2015-01-18,18,237,29,266
2015-01-18,19,138,10,148
2015-01-18,20,114,8,122
2015-01-18,21,97,10,107
2015-01-18,22,99,4,103
2015-01-18,23,62,6,68
2015-01-19,0,34,8,42
2015-01-19,1,22,4,26
2015-01-19,2,21,1,22
2015-01-19,3,9,4,13
2015-01-19,4,10,0,10
2015-01-19,5,8,4,12
2015-01-19,6,31,3,34
2015-01-19,7,99,2,101
2015-01-19,8,204,3,207
2015-01-19,9,166,10,176
2015-01-19,10,204,35,239
2015-01-19,11,238,61,299
2015-01-19,12,323,43,366
2015-01-19,13,321,78,399
2015-01-19,14,317,87,404
2015-01-19,15,309,66,375
2015-01-19,16,347,82,429
2015-01-19,17,358,65,423
2015-01-19,18,309,27,336
2015-01-19,19,235,13,248
2015-01-19,20,169,9,178
2015-01-19,21,120,8,128
2015-01-19,22,95,2,97
2015-01-19,23,67,3,70
2015-01-20,0,12,0,12
2015-01-20,1,5,0,5
2015-01-20,2,5,1,6
2015-01-20,4,7,0,7
2015-01-20,5,47,0,47
2015-01-20,6,168,1,169
2015-01-20,7,472,4,476
2015-01-20,8,836,8,844
2015-01-20,9,361,7,368
2015-01-20,10,183,9,192
2015-01-20,11,185,8,193
2015-01-20,12,195,17,212
2015-01-20,13,191,17,208
2015-01-20,14,181,18,199
2015-01-20,15,218,26,244
2015-01-20,16,383,23,406
2015-01-20,17,716,24,740
2015-01-20,18,697,11,708
2015-01-20,19,466,12,478
2015-01-20,20,339,7,346
2015-01-20,21,187,4,191
2015-01-20,22,118,4,122
2015-01-20,23,89,1,90
2015-01-21,0,25,1,26
2015-01-21,1,7,0,7
2015-01-21,2,1,0,1
2015-01-21,3,3,0,3
2015-01-21,4,8,0,8
2015-01-21,5,72,0,72
2015-01-21,6,186,1,187
2015-01-21,7,487,4,491
2015-01-21,8,874,4,878
2015-01-21,9,412,6,418
2015-01-21,10,142,10,152
2015-01-21,11,143,18,161
2015-01-21,12,156,5,161
2015-01-21,13,76,1,77
2015-01-21,14,73,8,81
2015-01-21,15,122,4,126
2015-01-21,16,228,10,238
2015-01-21,17,558,15,573
2015-01-21,18,565,11,576
2015-01-21,19,387,8,395
2015-01-21,20,301,4,305
2015-01-21,21,203,4,207
2015-01-21,22,109,6,115
2015-01-21,23,91,1,92
2015-01-22,0,20,3,23
2015-01-22,1,10,2,12
2015-01-22,2,3,1,4
2015-01-22,3,2,0,2
2015-01-22,4,3,0,3
2015-01-22,5,51,1,52
2015-01-22,6,143,0,143
2015-01-22,7,433,9,442
2015-01-22,8,810,10,820
2015-01-22,9,353,17,370
2015-01-22,10,185,27,212
2015-01-22,11,210,29,239
2015-01-22,12,261,32,293
2015-01-22,13,234,20,254
2015-01-22,14,181,8,189
2015-01-22,15,231,29,260
2015-01-22,16,375,29,404
2015-01-22,17,713,30,743
2015-01-22,18,663,16,679
2015-01-22,19,438,5,443
2015-01-22,20,304,15,319
2015-01-22,21,234,11,245
2015-01-22,22,129,8,137
2015-01-22,23,74,7,81
2015-01-23,0,32,2,34
2015-01-23,1,9,0,9
2015-01-23,2,12,0,12
2015-01-23,3,2,0,2
2015-01-23,4,5,0,5
2015-01-23,5,48,0,48
2015-01-23,6,145,0,145
2015-01-23,7,407,6,413
2015-01-23,8,846,15,861
2015-01-23,9,407,18,425
2015-01-23,10,181,21,202
2015-01-23,11,214,23,237
2015-01-23,12,279,33,312
2015-01-23,13,280,27,307
2015-01-23,14,251,21,272
2015-01-23,15,246,51,297
2015-01-23,16,330,17,347
2015-01-23,17,336,19,355
2015-01-23,18,191,2,193
2015-01-23,19,117,4,121
2015-01-23,20,70,3,73
2015-01-23,21,21,6,27
2015-01-23,22,19,0,19
2015-01-23,23,17,0,17
2015-01-24,0,12,0,12
2015-01-24,1,7,0,7
2015-01-24,2,6,0,6
2015-01-24,3,7,0,7
2015-01-24,4,2,0,2
2015-01-24,5,2,0,2
2015-01-24,6,7,0,7
2015-01-24,7,30,1,31
2015-01-24,8,63,5,68
2015-01-24,9,144,7,151
2015-01-24,10,197,12,209
2015-01-24,11,232,13,245
2015-01-24,12,258,25,283
2015-01-24,13,249,22,271
2015-01-24,14,236,16,252
2015-01-24,15,291,31,322
2015-01-24,16,276,34,310
2015-01-24,17,290,28,318
2015-01-24,18,269,9,278
2015-01-24,19,211,5,216
2015-01-24,20,121,7,128
2015-01-24,21,130,10,140
2015-01-24,22,109,3,112
2015-01-24,23,92,3,95
2015-01-25,0,54,1,55
2015-01-25,1,74,4,78
2015-01-25,2,57,2,59
2015-01-25,3,20,2,22
2015-01-25,4,8,1,9
2015-01-25,5,1,0,1
2015-01-25,6,11,1,12
2015-01-25,7,30,3,33
2015-01-25,8,84,1,85
2015-01-25,9,159,16,175
2015-01-25,10,316,43,359
2015-01-25,11,370,72,442
2015-01-25,12,437,84,521
2015-01-25,13,436,95,531
2015-01-25,14,420,65,485
2015-01-25,15,433,101,534
2015-01-25,16,411,65,476
2015-01-25,17,315,35,350
2015-01-25,18,281,19,300
2015-01-25,19,202,22,224
2015-01-25,20,138,12,150
2015-01-25,21,113,5,118
2015-01-25,22,93,6,99
2015-01-25,23,39,2,41
2015-01-26,0,23,0,23
2015-01-26,1,5,0,5
2015-01-26,2,3,0,3
2015-01-26,3,1,0,1
2015-01-26,5,31,0,31
2015-01-26,6,68,0,68
2015-01-26,7,156,3,159
2015-01-26,8,324,3,327
2015-01-26,9,203,0,203
2015-01-26,10,78,0,78
2015-01-26,11,58,1,59
2015-01-26,12,83,0,83
2015-01-26,13,73,3,76
2015-01-26,14,68,3,71
2015-01-26,15,105,2,107
2015-01-26,16,153,7,160
2015-01-26,17,329,3,332
2015-01-26,18,276,6,282
2015-01-26,19,131,1,132
2015-01-26,20,120,0,120
2015-01-26,21,57,1,58
2015-01-26,22,29,0,29
2015-01-26,23,21,1,22
2015-01-27,0,11,0,11
2015-01-27,1,5,0,5
2015-01-27,2,1,0,1
2015-01-27,3,1,0,1
2015-01-27,4,2,0,2
2015-01-27,5,24,0,24
2015-01-27,6,57,1,58
2015-01-27,7,167,1,168
2015-01-27,8,328,1,329
2015-01-27,9,302,2,304
2015-01-27,10,229,11,240
2015-01-27,11,129,4,133
2015-01-27,12,129,4,133
2015-01-27,13,147,6,153
2015-01-27,14,127,9,136
2015-01-27,15,171,11,182
2015-01-27,16,249,5,254
2015-01-27,17,558,11,569
2015-01-27,18,487,3,490
2015-01-27,19,341,0,341
2015-01-27,20,250,0,250
2015-01-27,21,155,2,157
2015-01-27,22,82,1,83
2015-01-27,23,43,0,43
2015-01-28,0,14,0,14
2015-01-28,1,7,0,7
2015-01-28,2,1,0,1
2015-01-28,3,1,0,1
2015-01-28,4,4,0,4
2015-01-28,5,43,1,44
2015-01-28,6,141,1,142
2015-01-28,7,382,2,384
2015-01-28,8,648,6,654
2015-01-28,9,345,6,351
2015-01-28,10,141,4,145
2015-01-28,11,132,3,135
2015-01-28,12,198,7,205
2015-01-28,13,174,9,183
2015-01-28,14,159,6,165
2015-01-28,15,184,9,193
2015-01-28,16,303,7,310
2015-01-28,17,604,18,622
2015-01-28,18,544,8,552
2015-01-28,19,353,9,362
2015-01-28,20,245,3,248
2015-01-28,21,181,2,183
2015-01-28,22,150,2,152
2015-01-28,23,37,0,37
2015-01-29,0,14,0,14
2015-01-29,1,5,0,5
2015-01-29,2,3,0,3
2015-01-29,3,4,0,4
2015-01-29,4,5,0,5
2015-01-29,5,46,0,46
2015-01-29,6,122,0,122
2015-01-29,7,407,4,411
2015-01-29,8,763,5,768
2015-01-29,9,377,7,384
2015-01-29,10,161,10,171
2015-01-29,11,155,6,161
2015-01-29,12,207,11,218
2015-01-29,13,171,13,184
2015-01-29,14,151,8,159
2015-01-29,15,177,6,183
2015-01-29,16,164,1,165
2015-01-29,17,357,3,360
2015-01-29,18,420,8,428
2015-01-29,19,297,4,301
2015-01-29,20,213,6,219
2015-01-29,21,156,2,158
2015-01-29,22,104,1,105
2015-01-29,23,54,0,54
2015-01-30,0,35,0,35
2015-01-30,1,12,2,14
2015-01-30,2,9,0,9
2015-01-30,3,2,0,2
2015-01-30,4,4,0,4
2015-01-30,5,43,0,43
2015-01-30,6,137,0,137
2015-01-30,7,398,2,400
2015-01-30,8,738,9,747
2015-01-30,9,412,8,420
2015-01-30,10,165,6,171
2015-01-30,11,170,9,179
2015-01-30,12,211,7,218
2015-01-30,13,209,18,227
2015-01-30,14,179,13,192
2015-01-30,15,193,20,213
2015-01-30,16,329,11,340
2015-01-30,17,529,11,540
2015-01-30,18,383,8,391
2015-01-30,19,241,2,243
2015-01-30,20,125,4,129
2015-01-30,21,81,0,81
2015-01-30,22,66,1,67
2015-01-30,23,46,0,46
2015-01-31,0,46,2,48
2015-01-31,1,34,2,36
2015-01-31,2,12,1,13
2015-01-31,3,8,0,8
2015-01-31,4,5,0,5
2015-01-31,5,3,0,3
2015-01-31,6,13,0,13
2015-01-31,7,44,0,44
2015-01-31,8,94,6,100
2015-01-31,9,160,6,166
2015-01-31,10,182,9,191
2015-01-31,11,216,28,244
2015-01-31,12,250,30,280
2015-01-31,13,240,40,280
2015-01-31,14,241,54,295
2015-01-31,15,259,20,279
2015-01-31,16,244,49,293
2015-01-31,17,204,25,229
2015-01-31,18,181,2,183
2015-01-31,19,200,16,216
2015-01-31,20,117,10,127
2015-01-31,21,85,9,94
2015-01-31,22,98,8,106
2015-01-31,23,74,4,78
2015-02-01,0,80,4,84
2015-02-01,1,46,3,49
2015-02-01,2,40,0,40
2015-02-01,3,12,0,12
2015-02-01,4,4,0,4
2015-02-01,5,4,1,5
2015-02-01,6,1,0,1
2015-02-01,7,25,2,27
2015-02-01,8,89,6,95
2015-02-01,9,129,12,141
2015-02-01,10,243,22,265
2015-02-01,11,248,27,275
2015-02-01,12,303,24,327
2015-02-01,13,283,34,317
2015-02-01,14,233,23,256
2015-02-01,15,290,31,321
2015-02-01,16,309,27,336
2015-02-01,17,337,29,366
2015-02-01,18,229,9,238
2015-02-01,19,86,3,89
2015-02-01,20,66,5,71
2015-02-01,21,60,4,64
2015-02-01,22,164,3,167
2015-02-01,23,37,0,37
2015-02-02,0,10,1,11
2015-02-02,1,7,0,7
2015-02-02,2,3,0,3
2015-02-02,3,1,0,1
2015-02-02,4,2,0,2
2015-02-02,5,47,1,48
2015-02-02,6,127,0,127
2015-02-02,7,320,3,323
2015-02-02,8,517,1,518
2015-02-02,9,170,3,173
2015-02-02,10,103,2,105
2015-02-02,11,111,5,116
2015-02-02,12,136,5,141
2015-02-02,13,159,6,165
2015-02-02,14,134,6,140
2015-02-02,15,179,5,184
2015-02-02,16,262,5,267
2015-02-02,17,531,6,537
2015-02-02,18,416,3,419
2015-02-02,19,255,0,255
2015-02-02,20,148,0,148
2015-02-02,21,105,1,106
2015-02-02,22,61,0,61
2015-02-02,23,23,1,24
2015-02-03,0,8,0,8
2015-02-03,1,7,0,7
2015-02-03,4,3,0,3
2015-02-03,5,34,0,34
2015-02-03,6,117,0,117
2015-02-03,7,374,1,375
2015-02-03,8,755,0,755
2015-02-03,9,357,1,358
2015-02-03,10,112,0,112
2015-02-03,11,124,0,124
2015-02-03,12,166,0,166
2015-02-03,13,188,2,190
2015-02-03,14,158,0,158
2015-02-03,15,220,1,221
2015-02-03,16,318,1,319
2015-02-03,17,654,0,654
2015-02-03,18,569,0,569
2015-02-03,19,399,0,399
2015-02-03,20,237,0,237
2015-02-03,21,176,0,176
2015-02-03,22,100,0,100
2015-02-03,23,35,0,35
2015-02-04,0,20,0,20
2015-02-04,1,6,0,6
2015-02-04,4,3,0,3
2015-02-04,5,54,0,54
2015-02-04,6,179,0,179
2015-02-04,7,477,0,477
2015-02-04,8,810,0,810
2015-02-04,9,347,0,347
2015-02-04,10,160,0,160
2015-02-04,11,168,0,168
2015-02-04,12,248,0,248
2015-02-04,13,194,0,194
2015-02-04,14,169,0,169
2015-02-04,15,212,0,212
2015-02-04,16,389,4,393
2015-02-04,17,727,8,735
2015-02-04,18,715,11,726
2015-02-04,19,444,2,446
2015-02-04,20,303,3,306
2015-02-04,21,206,4,210
2015-02-04,22,121,5,126
2015-02-04,23,83,2,85
2015-02-05,0,30,1,31
2015-02-05,1,11,0,11
2015-02-05,2,4,0,4
2015-02-05,3,4,0,4
2015-02-05,4,6,0,6
2015-02-05,5,39,1,40
2015-02-05,6,150,0,150
2015-02-05,7,444,2,446
2015-02-05,8,836,3,839
2015-02-05,9,354,9,363
2015-02-05,10,146,17,163
2015-02-05,11,144,3,147
2015-02-05,12,174,12,186
2015-02-05,13,152,17,169
2015-02-05,14,141,26,167
2015-02-05,15,164,18,182
2015-02-05,16,279,16,295
2015-02-05,17,536,15,551
2015-02-05,18,449,0,449
2015-02-05,19,303,1,304
2015-02-05,20,208,8,216
2015-02-05,21,141,2,143
2015-02-05,22,77,2,79
2015-02-05,23,41,0,41
2015-02-06,0,19,0,19
2015-02-06,1,12,0,12
2015-02-06,2,3,1,4
2015-02-06,4,5,0,5
2015-02-06,5,35,0,35
2015-02-06,6,105,1,106
2015-02-06,7,308,3,311
2015-02-06,8,607,3,610
2015-02-06,9,353,5,358
2015-02-06,10,150,17,167
2015-02-06,11,175,3,178
2015-02-06,12,195,12,207
2015-02-06,13,205,23,228
2015-02-06,14,154,10,164
2015-02-06,15,205,15,220
2015-02-06,16,330,17,347
2015-02-06,17,581,24,605
2015-02-06,18,471,10,481
2015-02-06,19,320,9,329
2015-02-06,20,191,11,202
2015-02-06,21,139,8,147
2015-02-06,22,105,1,106
2015-02-06,23,83,3,86
2015-02-07,0,80,5,85
2015-02-07,1,41,0,41
2015-02-07,2,19,2,21
2015-02-07,3,11,4,15
2015-02-07,4,2,0,2
2015-02-07,5,1,1,2
2015-02-07,6,11,2,13
2015-02-07,7,43,4,47
2015-02-07,8,110,13,123
2015-02-07,9,181,20,201
2015-02-07,10,255,26,281
2015-02-07,11,312,50,362
2015-02-07,12,363,100,463
2015-02-07,13,374,88,462
2015-02-07,14,343,95,438
2015-02-07,15,365,105,470
2015-02-07,16,338,52,390
2015-02-07,17,306,54,360
2015-02-07,18,264,43,307
2015-02-07,19,237,27,264
2015-02-07,20,175,18,193
2015-02-07,21,130,14,144
2015-02-07,22,123,6,129
2015-02-07,23,104,8,112
2015-02-08,0,76,18,94
2015-02-08,1,63,10,73
2015-02-08,2,55,4,59
2015-02-08,3,20,2,22
2015-02-08,4,3,0,3
2015-02-08,5,7,1,8
2015-02-08,6,3,0,3
2015-02-08,7,22,2,24
2015-02-08,8,86,9,95
2015-02-08,9,157,21,178
2015-02-08,10,263,42,305
2015-02-08,11,348,85,433
2015-02-08,12,394,126,520
2015-02-08,13,516,188,704
2015-02-08,14,495,204,699
2015-02-08,15,598,258,856
2015-02-08,16,584,267,851
2015-02-08,17,452,169,621
2015-02-08,18,355,65,420
2015-02-08,19,239,42,281
2015-02-08,20,135,14,149
2015-02-08,21,108,12,120
2015-02-08,22,69,11,80
2015-02-08,23,45,4,49
2015-02-09,0,15,2,17
2015-02-09,1,13,2,15
2015-02-09,2,8,1,9
2015-02-09,3,1,0,1
2015-02-09,4,5,1,6
2015-02-09,5,48,0,48
2015-02-09,6,155,1,156
2015-02-09,7,494,13,507
2015-02-09,8,835,11,846
2015-02-09,9,351,11,362
2015-02-09,10,142,12,154
2015-02-09,11,120,25,145
2015-02-09,12,184,13,197
2015-02-09,13,180,21,201
2015-02-09,14,145,9,154
2015-02-09,15,212,9,221
2015-02-09,16,313,14,327
2015-02-09,17,429,3,432
2015-02-09,18,490,5,495
2015-02-09,19,321,4,325
2015-02-09,20,160,5,165
2015-02-09,21,79,1,80
2015-02-09,22,55,1,56
2015-02-09,23,20,0,20
2015-02-10,0,8,0,8
2015-02-10,1,3,0,3
2015-02-10,3,2,0,2
2015-02-10,4,4,0,4
2015-02-10,5,40,0,40
2015-02-10,6,126,0,126
2015-02-10,7,395,4,399
2015-02-10,8,797,13,810
2015-02-10,9,346,7,353
2015-02-10,10,153,10,163
2015-02-10,11,145,11,156
2015-02-10,12,199,19,218
2015-02-10,13,193,19,212
2015-02-10,14,161,13,174
2015-02-10,15,199,13,212
2015-02-10,16,289,27,316
2015-02-10,17,720,20,740
2015-02-10,18,605,20,625
2015-02-10,19,409,5,414
2015-02-10,20,306,12,318
2015-02-10,21,213,3,216
2015-02-10,22,103,7,110
2015-02-10,23,47,1,48
2015-02-11,0,17,0,17
2015-02-11,1,4,0,4
2015-02-11,2,3,0,3
2015-02-11,3,1,1,2
2015-02-11,4,1,0,1
2015-02-11,5,48,2,50
2015-02-11,6,163,5,168
2015-02-11,7,450,8,458
2015-02-11,8,903,17,920
2015-02-11,9,398,27,425
2015-02-11,10,142,24,166
2015-02-11,11,221,24,245
2015-02-11,12,225,28,253
2015-02-11,13,218,28,246
2015-02-11,14,180,32,212
2015-02-11,15,223,30,253
2015-02-11,16,388,46,434
2015-02-11,17,760,69,829
2015-02-11,18,677,23,700
2015-02-11,19,432,27,459
2015-02-11,20,282,7,289
2015-02-11,21,253,7,260
2015-02-11,22,118,8,126
2015-02-11,23,69,3,72
2015-02-12,0,22,2,24
2015-02-12,1,7,4,11
2015-02-12,2,0,2,2
2015-02-12,4,1,0,1
2015-02-12,5,45,0,45
2015-02-12,6,153,3,156
2015-02-12,7,460,5,465
2015-02-12,8,893,22,915
2015-02-12,9,360,20,380
2015-02-12,10,158,12,170
2015-02-12,11,164,20,184
2015-02-12,12,181,12,193
2015-02-12,13,205,16,221
2015-02-12,14,154,14,168
2015-02-12,15,189,15,204
2015-02-12,16,320,16,336
2015-02-12,17,597,22,619
2015-02-12,18,559,8,567
2015-02-12,19,306,14,320
2015-02-12,20,219,9,228
2015-02-12,21,114,6,120
2015-02-12,22,77,1,78
2015-02-12,23,32,0,32
2015-02-13,0,21,0,21
2015-02-13,1,6,0,6
2015-02-13,2,3,0,3
2015-02-13,3,1,2,3
2015-02-13,4,4,0,4
2015-02-13,5,26,0,26
2015-02-13,6,58,2,60
2015-02-13,7,250,3,253
2015-02-13,8,506,4,510
2015-02-13,9,301,9,310
2015-02-13,10,135,3,138
2015-02-13,11,131,8,139
2015-02-13,12,180,14,194
2015-02-13,13,190,19,209
2015-02-13,14,144,12,156
2015-02-13,15,210,17,227
2015-02-13,16,278,25,303
2015-02-13,17,439,17,456
2015-02-13,18,361,11,372
2015-02-13,19,220,7,227
2015-02-13,20,172,2,174
2015-02-13,21,97,2,99
2015-02-13,22,70,6,76
2015-02-13,23,42,2,44
2015-02-14,0,44,0,44
2015-02-14,1,39,0,39
2015-02-14,2,23,0,23
2015-02-14,3,6,0,6
2015-02-14,4,3,0,3
2015-02-14,5,2,0,2
2015-02-14,6,11,0,11
2015-02-14,7,31,4,35
2015-02-14,8,105,10,115
2015-02-14,9,140,11,151
2015-02-14,10,192,29,221
2015-02-14,11,217,28,245
2015-02-14,12,199,46,245
2015-02-14,13,219,47,266
2015-02-14,14,203,78,281
2015-02-14,15,260,82,342
2015-02-14,16,256,58,314
2015-02-14,17,221,65,286
2015-02-14,18,144,18,162
2015-02-14,19,46,4,50
2015-02-14,20,24,1,25
2015-02-14,21,27,0,27
2015-02-14,22,26,0,26
2015-02-14,23,14,0,14
2015-02-15,0,10,1,11
2015-02-15,1,7,0,7
2015-02-15,2,11,0,11
2015-02-15,3,4,1,5
2015-02-15,5,1,0,1
2015-02-15,6,3,1,4
2015-02-15,7,7,0,7
2015-02-15,8,22,1,23
2015-02-15,9,36,5,41
2015-02-15,10,60,4,64
2015-02-15,11,66,6,72
2015-02-15,12,72,5,77
2015-02-15,13,79,5,84
2015-02-15,14,94,8,102
2015-02-15,15,80,4,84
2015-02-15,16,92,5,97
2015-02-15,17,88,16,104
2015-02-15,18,68,4,72
2015-02-15,19,49,2,51
2015-02-15,20,37,0,37
2015-02-15,21,35,3,38
2015-02-15,22,34,0,34
2015-02-15,23,15,0,15
2015-02-16,0,8,0,8
2015-02-16,1,2,0,2
2015-02-16,2,3,0,3
2015-02-16,3,1,0,1
2015-02-16,4,1,0,1
2015-02-16,5,4,0,4
2015-02-16,6,13,2,15
2015-02-16,7,41,2,43
2015-02-16,8,92,2,94
2015-02-16,9,90,9,99
2015-02-16,10,86,9,95
2015-02-16,11,107,13,120
2015-02-16,12,130,12,142
2015-02-16,13,136,13,149
2015-02-16,14,118,12,130
2015-02-16,15,111,8,119
2015-02-16,16,91,5,96
2015-02-16,17,62,8,70
2015-02-16,18,46,0,46
2015-02-16,19,30,0,30
2015-02-16,20,13,0,13
2015-02-16,21,10,1,11
2015-02-16,22,15,0,15
2015-02-16,23,9,0,9
2015-02-17,0,12,0,12
2015-02-17,1,7,0,7
2015-02-17,3,1,0,1
2015-02-17,5,2,0,2
2015-02-17,6,5,0,5
2015-02-17,7,11,0,11
2015-02-17,8,35,0,35
2015-02-17,9,40,0,40
2015-02-17,10,41,0,41
2015-02-17,11,47,4,51
2015-02-17,12,68,2,70
2015-02-17,13,83,3,86
2015-02-17,14,76,4,80
2015-02-17,15,89,5,94
2015-02-17,16,104,5,109
2015-02-17,17,122,5,127
2015-02-17,18,121,2,123
2015-02-17,19,94,3,97
2015-02-17,20,71,0,71
2015-02-17,21,49,1,50
2015-02-17,22,48,1,49
2015-02-17,23,17,0,17
2015-02-18,0,10,0,10
2015-02-18,1,4,0,4
2015-02-18,4,4,0,4
2015-02-18,5,20,0,20
2015-02-18,6,67,0,67
2015-02-18,7,210,0,210
2015-02-18,8,381,3,384
2015-02-18,9,235,5,240
2015-02-18,10,115,4,119
2015-02-18,11,96,1,97
2015-02-18,12,137,4,141
2015-02-18,13,118,3,121
2015-02-18,14,109,1,110
2015-02-18,15,126,3,129
2015-02-18,16,201,7,208
2015-02-18,17,418,7,425
2015-02-18,18,338,3,341
2015-02-18,19,201,2,203
2015-02-18,20,148,0,148
2015-02-18,21,81,0,81
2015-02-18,22,54,0,54
2015-02-18,23,27,0,27
2015-02-19,0,9,0,9
2015-02-19,1,3,0,3
2015-02-19,2,3,0,3
2015-02-19,4,3,0,3
2015-02-19,5,17,0,17
2015-02-19,6,77,0,77
2015-02-19,7,232,0,232
2015-02-19,8,432,3,435
2015-02-19,9,224,8,232
2015-02-19,10,83,1,84
2015-02-19,11,93,9,102
2015-02-19,12,85,7,92
2015-02-19,13,85,4,89
2015-02-19,14,63,3,66
2015-02-19,15,102,6,108
2015-02-19,16,153,2,155
2015-02-19,17,294,5,299
2015-02-19,18,267,2,269
2015-02-19,19,164,1,165
2015-02-19,20,105,1,106
2015-02-19,21,78,3,81
2015-02-19,22,40,2,42
2015-02-19,23,13,0,13
2015-02-20,0,9,0,9
2015-02-20,1,3,0,3
2015-02-20,2,1,0,1
2015-02-20,3,1,0,1
2015-02-20,4,2,0,2
2015-02-20,5,16,0,16
2015-02-20,6,47,0,47
2015-02-20,7,153,2,155
2015-02-20,8,318,5,323
2015-02-20,9,171,2,173
2015-02-20,10,66,3,69
2015-02-20,11,75,6,81
2015-02-20,12,93,7,100
2015-02-20,13,103,7,110
2015-02-20,14,94,4,98
2015-02-20,15,124,2,126
2015-02-20,16,179,10,189
2015-02-20,17,317,7,324
2015-02-20,18,241,1,242
2015-02-20,19,154,0,154
2015-02-20,20,104,3,107
2015-02-20,21,68,0,68
2015-02-20,22,42,1,43
2015-02-20,23,42,1,43
2015-02-21,0,24,0,24
2015-02-21,1,13,0,13
2015-02-21,2,15,0,15
2015-02-21,3,4,0,4
2015-02-21,4,3,0,3
2015-02-21,5,5,0,5
2015-02-21,6,6,1,7
2015-02-21,7,28,0,28
2015-02-21,8,68,3,71
2015-02-21,9,118,1,119
2015-02-21,10,153,6,159
2015-02-21,11,60,4,64
2015-02-21,12,46,0,46
2015-02-21,13,27,1,28
2015-02-21,14,21,0,21
2015-02-21,15,15,2,17
2015-02-21,16,27,0,27
2015-02-21,17,21,0,21
2015-02-21,18,18,1,19
2015-02-21,19,12,1,13
2015-02-21,20,6,0,6
2015-02-21,21,7,0,7
2015-02-21,22,13,0,13
2015-02-21,23,9,2,11
2015-02-22,0,8,0,8
2015-02-22,1,12,0,12
2015-02-22,2,6,0,6
2015-02-22,3,5,0,5
2015-02-22,4,2,0,2
2015-02-22,6,1,1,2
2015-02-22,7,8,0,8
2015-02-22,8,26,1,27
2015-02-22,9,38,2,40
2015-02-22,10,71,4,75
2015-02-22,11,117,5,122
2015-02-22,12,132,7,139
2015-02-22,13,145,17,162
2015-02-22,14,181,10,191
2015-02-22,15,253,28,281
2015-02-22,16,220,22,242
2015-02-22,17,181,22,203
2015-02-22,18,155,12,167
2015-02-22,19,111,2,113
2015-02-22,20,64,4,68
2015-02-22,21,44,0,44
2015-02-22,22,39,4,43
2015-02-22,23,29,0,29
2015-02-23,0,39,2,41
2015-02-23,1,5,3,8
2015-02-23,2,3,1,4
2015-02-23,3,2,1,3
2015-02-23,4,5,0,5
2015-02-23,5,36,0,36
2015-02-23,6,99,2,101
2015-02-23,7,323,3,326
2015-02-23,8,528,10,538
2015-02-23,9,283,1,284
2015-02-23,10,81,1,82
2015-02-23,11,88,1,89
2015-02-23,12,116,7,123
2015-02-23,13,108,1,109
2015-02-23,14,91,9,100
2015-02-23,15,126,12,138
2015-02-23,16,232,6,238
2015-02-23,17,422,7,429
2015-02-23,18,367,6,373
2015-02-23,19,245,2,247
2015-02-23,20,154,1,155
2015-02-23,21,102,3,105
2015-02-23,22,41,0,41
2015-02-23,23,22,0,22
2015-02-24,0,10,0,10
2015-02-24,1,4,0,4
2015-02-24,2,1,0,1
2015-02-24,3,1,0,1
2015-02-24,4,5,0,5
2015-02-24,5,21,0,21
2015-02-24,6,90,0,90
2015-02-24,7,312,1,313
2015-02-24,8,520,4,524
2015-02-24,9,268,1,269
2015-02-24,10,112,4,116
2015-02-24,11,116,5,121
2015-02-24,12,132,5,137
2015-02-24,13,127,4,131
2015-02-24,14,125,4,129
2015-02-24,15,131,6,137
2015-02-24,16,249,5,254
2015-02-24,17,447,5,452
2015-02-24,18,424,9,433
2015-02-24,19,276,2,278
2015-02-24,20,184,1,185
2015-02-24,21,149,1,150
2015-02-24,22,67,1,68
2015-02-24,23,41,1,42
2015-02-25,0,17,0,17
2015-02-25,1,8,0,8
2015-02-25,2,2,0,2
2015-02-25,3,1,0,1
2015-02-25,4,3,0,3
2015-02-25,5,35,0,35
2015-02-25,6,120,1,121
2015-02-25,7,362,1,363
2015-02-25,8,651,8,659
2015-02-25,9,340,4,344
2015-02-25,10,127,3,130
2015-02-25,11,142,7,149
2015-02-25,12,188,14,202
2015-02-25,13,157,14,171
2015-02-25,14,157,5,162
2015-02-25,15,181,8,189
2015-02-25,16,292,16,308
2015-02-25,17,606,15,621
2015-02-25,18,568,10,578
2015-02-25,19,331,7,338
2015-02-25,20,218,2,220
2015-02-25,21,129,1,130
2015-02-25,22,122,2,124
2015-02-25,23,75,0,75
2015-02-26,0,18,9,27
2015-02-26,1,15,3,18
2015-02-26,2,7,0,7
2015-02-26,3,2,0,2
2015-02-26,4,3,0,3
2015-02-26,5,20,0,20
2015-02-26,6,33,0,33
2015-02-26,7,85,1,86
2015-02-26,8,141,1,142
2015-02-26,9,150,4,154
2015-02-26,10,155,4,159
2015-02-26,11,114,2,116
2015-02-26,12,120,8,128
2015-02-26,13,130,4,134
2015-02-26,14,114,7,121
2015-02-26,15,164,3,167
2015-02-26,16,268,13,281
2015-02-26,17,503,15,518
2015-02-26,18,485,7,492
2015-02-26,19,305,4,309
2015-02-26,20,219,5,224
2015-02-26,21,146,7,153
2015-02-26,22,105,2,107
2015-02-26,23,70,4,74
2015-02-27,0,22,4,26
2015-02-27,1,9,0,9
2015-02-27,2,5,0,5
2015-02-27,3,4,0,4
2015-02-27,4,5,0,5
2015-02-27,5,33,0,33
2015-02-27,6,92,0,92
2015-02-27,7,314,2,316
2015-02-27,8,638,9,647
2015-02-27,9,353,13,366
2015-02-27,10,163,12,175
2015-02-27,11,145,15,160
2015-02-27,12,186,7,193
2015-02-27,13,190,18,208
2015-02-27,14,125,9,134
2015-02-27,15,222,16,238
2015-02-27,16,287,10,297
2015-02-27,17,532,31,563
2015-02-27,18,442,10,452
2015-02-27,19,283,17,300
2015-02-27,20,157,2,159
2015-02-27,21,81,7,88
2015-02-27,22,104,0,104
2015-02-27,23,62,4,66
2015-02-28,0,55,0,55
2015-02-28,1,29,0,29
2015-02-28,2,13,0,13
2015-02-28,3,4,1,5
2015-02-28,4,7,0,7
2015-02-28,5,1,1,2
2015-02-28,6,5,1,6
2015-02-28,7,38,1,39
2015-02-28,8,92,11,103
2015-02-28,9,157,13,170
2015-02-28,10,185,18,203
2015-02-28,11,216,9,225
2015-02-28,12,219,21,240
2015-02-28,13,247,55,302
2015-02-28,14,232,66,298
2015-02-28,15,261,42,303
2015-02-28,16,241,70,311
2015-02-28,17,219,47,266
2015-02-28,18,176,24,200
2015-02-28,19,119,3,122
2015-02-28,20,110,5,115
2015-02-28,21,83,2,85
2015-02-28,22,64,5,69
2015-02-28,23,53,1,54
2015-03-01,0,42,2,44
2015-03-01,1,34,2,36
2015-03-01,2,37,2,39
2015-03-01,3,10,0,10
2015-03-01,4,2,0,2
2015-03-01,5,3,0,3
2015-03-01,6,7,0,7
2015-03-01,7,42,1,43
2015-03-01,8,48,2,50
2015-03-01,9,78,5,83
2015-03-01,10,71,2,73
2015-03-01,11,57,6,63
2015-03-01,12,45,3,48
2015-03-01,13,27,7,34
2015-03-01,14,18,4,22
2015-03-01,15,28,5,33
2015-03-01,16,24,3,27
2015-03-01,17,28,0,28
2015-03-01,18,32,0,32
2015-03-01,19,16,0,16
2015-03-01,20,17,2,19
2015-03-01,21,22,0,22
2015-03-01,22,27,0,27
2015-03-01,23,5,2,7
2015-03-02,0,9,0,9
2015-03-02,3,1,0,1
2015-03-02,5,14,0,14
2015-03-02,6,38,0,38
2015-03-02,7,142,2,144
2015-03-02,8,303,5,308
2015-03-02,9,294,8,302
2015-03-02,10,232,10,242
2015-03-02,11,135,16,151
2015-03-02,12,149,13,162
2015-03-02,13,170,12,182
2015-03-02,14,145,12,157
2015-03-02,15,174,26,200
2015-03-02,16,278,14,292
2015-03-02,17,542,24,566
2015-03-02,18,485,11,496
2015-03-02,19,347,7,354
2015-03-02,20,203,4,207
2015-03-02,21,125,2,127
2015-03-02,22,80,4,84
2015-03-02,23,31,0,31
2015-03-03,0,18,0,18
2015-03-03,1,1,0,1
2015-03-03,2,2,0,2
2015-03-03,3,3,0,3
2015-03-03,4,5,0,5
2015-03-03,5,37,0,37
2015-03-03,6,121,1,122
2015-03-03,7,363,3,366
2015-03-03,8,749,7,756
2015-03-03,9,366,6,372
2015-03-03,10,151,16,167
2015-03-03,11,133,16,149
2015-03-03,12,133,16,149
2015-03-03,13,89,17,106
2015-03-03,14,77,15,92
2015-03-03,15,130,10,140
2015-03-03,16,147,17,164
2015-03-03,17,276,9,285
2015-03-03,18,252,6,258
2015-03-03,19,207,4,211
2015-03-03,20,159,4,163
2015-03-03,21,110,0,110
2015-03-03,22,101,4,105
2015-03-03,23,46,4,50
2015-03-04,0,16,0,16
2015-03-04,1,10,0,10
2015-03-04,2,1,0,1
2015-03-04,3,2,0,2
2015-03-04,4,3,0,3
2015-03-04,5,35,0,35
2015-03-04,6,112,1,113
2015-03-04,7,375,2,377
2015-03-04,8,701,10,711
2015-03-04,9,286,7,293
2015-03-04,10,139,4,143
2015-03-04,11,140,8,148
2015-03-04,12,207,17,224
2015-03-04,13,183,12,195
2015-03-04,14,147,2,149
2015-03-04,15,167,8,175
2015-03-04,16,230,6,236
2015-03-04,17,391,10,401
2015-03-04,18,358,7,365
2015-03-04,19,263,6,269
2015-03-04,20,103,3,106
2015-03-04,21,82,7,89
2015-03-04,22,45,1,46
2015-03-04,23,33,1,34
2015-03-05,0,9,0,9
2015-03-05,1,6,0,6
2015-03-05,2,4,0,4
2015-03-05,3,4,0,4
2015-03-05,4,4,0,4
2015-03-05,5,12,0,12
2015-03-05,6,20,0,20
2015-03-05,7,36,1,37
2015-03-05,8,63,0,63
2015-03-05,9,50,7,57
2015-03-05,10,29,2,31
2015-03-05,11,29,4,33
2015-03-05,12,25,3,28
2015-03-05,13,29,1,30
2015-03-05,14,11,1,12
2015-03-05,15,18,1,19
2015-03-05,16,18,2,20
2015-03-05,17,31,3,34
2015-03-05,18,22,3,25
2015-03-05,19,21,0,21
2015-03-05,20,15,1,16
2015-03-05,21,18,0,18
2015-03-05,22,18,0,18
2015-03-05,23,17,0,17
2015-03-06,0,6,0,6
2015-03-06,1,5,0,5
2015-03-06,2,3,0,3
2015-03-06,5,9,0,9
2015-03-06,6,10,0,10
2015-03-06,7,30,2,32
2015-03-06,8,101,2,103
2015-03-06,9,103,6,109
2015-03-06,10,95,6,101
2015-03-06,11,72,1,73
2015-03-06,12,66,1,67
2015-03-06,13,93,1,94
2015-03-06,14,77,9,86
2015-03-06,15,101,7,108
2015-03-06,16,159,10,169
2015-03-06,17,253,12,265
2015-03-06,18,233,3,236
2015-03-06,19,162,4,166
2015-03-06,20,94,2,96
2015-03-06,21,86,2,88
2015-03-06,22,47,0,47
2015-03-06,23,50,5,55
2015-03-07,0,22,1,23
2015-03-07,1,24,1,25
2015-03-07,2,16,0,16
2015-03-07,3,10,0,10
2015-03-07,4,2,0,2
2015-03-07,5,6,0,6
2015-03-07,6,8,0,8
2015-03-07,7,32,1,33
2015-03-07,8,71,1,72
2015-03-07,9,116,7,123
2015-03-07,10,166,7,173
2015-03-07,11,207,19,226
2015-03-07,12,240,24,264
2015-03-07,13,245,44,289
2015-03-07,14,259,43,302
2015-03-07,15,245,43,288
2015-03-07,16,217,38,255
2015-03-07,17,256,53,309
2015-03-07,18,191,24,215
2015-03-07,19,157,13,170
2015-03-07,20,109,6,115
2015-03-07,21,93,9,102
2015-03-07,22,68,12,80
2015-03-07,23,70,6,76
2015-03-08,0,76,11,87
2015-03-08,1,42,2,44
2015-03-08,3,58,7,65
2015-03-08,4,19,4,23
2015-03-08,5,6,1,7
2015-03-08,6,4,1,5
2015-03-08,7,15,3,18
2015-03-08,8,58,6,64
2015-03-08,9,100,16,116
2015-03-08,10,192,48,240
2015-03-08,11,239,60,299
2015-03-08,12,313,103,416
2015-03-08,13,352,139,491
2015-03-08,14,365,173,538
2015-03-08,15,458,163,621
2015-03-08,16,457,152,609
2015-03-08,17,388,141,529
2015-03-08,18,353,90,443
2015-03-08,19,237,50,287
2015-03-08,20,132,26,158
2015-03-08,21,95,29,124
2015-03-08,22,74,36,110
2015-03-08,23,42,12,54
2015-03-09,0,26,3,29
2015-03-09,1,9,1,10
2015-03-09,2,3,0,3
2015-03-09,3,1,0,1
2015-03-09,4,3,0,3
2015-03-09,5,48,0,48
2015-03-09,6,147,1,148
2015-03-09,7,427,6,433
2015-03-09,8,837,25,862
2015-03-09,9,420,30,450
2015-03-09,10,148,61,209
2015-03-09,11,157,76,233
2015-03-09,12,216,95,311
2015-03-09,13,248,118,366
2015-03-09,14,206,108,314
2015-03-09,15,245,123,368
2015-03-09,16,476,153,629
2015-03-09,17,895,159,1054
2015-03-09,18,897,119,1016
2015-03-09,19,521,71,592
2015-03-09,20,308,68,376
2015-03-09,21,230,40,270
2015-03-09,22,114,31,145
2015-03-09,23,59,13,72
2015-03-10,0,17,5,22
2015-03-10,1,8,3,11
2015-03-10,4,4,0,4
2015-03-10,5,49,0,49
2015-03-10,6,155,5,160
2015-03-10,7,507,23,530
2015-03-10,8,941,37,978
2015-03-10,9,446,27,473
2015-03-10,10,147,56,203
2015-03-10,11,88,43,131
2015-03-10,12,94,46,140
2015-03-10,13,74,10,84
2015-03-10,14,60,8,68
2015-03-10,15,62,17,79
2015-03-10,16,124,13,137
2015-03-10,17,264,23,287
2015-03-10,18,187,14,201
2015-03-10,19,128,2,130
2015-03-10,20,95,2,97
2015-03-10,21,65,11,76
2015-03-10,22,26,8,34
2015-03-10,23,38,9,47
2015-03-11,0,12,1,13
2015-03-11,1,5,1,6
2015-03-11,2,2,0,2
2015-03-11,4,0,1,1
2015-03-11,5,47,1,48
2015-03-11,6,156,1,157
2015-03-11,7,448,25,473
2015-03-11,8,797,33,830
2015-03-11,9,308,26,334
2015-03-11,10,154,26,180
2015-03-11,11,159,30,189
2015-03-11,12,242,41,283
2015-03-11,13,238,65,303
2015-03-11,14,189,91,280
2015-03-11,15,271,80,351
2015-03-11,16,426,71,497
2015-03-11,17,877,133,1010
2015-03-11,18,936,107,1043
2015-03-11,19,560,88,648
2015-03-11,20,346,59,405
2015-03-11,21,263,55,318
2015-03-11,22,182,45,227
2015-03-11,23,88,14,102
2015-03-12,0,20,3,23
2015-03-12,1,14,3,17
2015-03-12,2,5,2,7
2015-03-12,5,42,0,42
2015-03-12,6,169,2,171
2015-03-12,7,566,19,585
2015-03-12,8,1002,50,1052
2015-03-12,9,404,49,453
2015-03-12,10,180,80,260
2015-03-12,11,179,95,274
2015-03-12,12,270,116,386
2015-03-12,13,266,131,397
2015-03-12,14,249,157,406
2015-03-12,15,269,202,471
2015-03-12,16,461,157,618
2015-03-12,17,954,204,1158
2015-03-12,18,921,139,1060
2015-03-12,19,534,97,631
2015-03-12,20,315,70,385
2015-03-12,21,272,66,338
2015-03-12,22,137,51,188
2015-03-12,23,61,16,77
2015-03-13,0,33,9,42
2015-03-13,1,15,3,18
2015-03-13,2,11,5,16
2015-03-13,3,1,0,1
2015-03-13,4,6,1,7
2015-03-13,5,37,1,38
2015-03-13,6,146,1,147
2015-03-13,7,420,16,436
2015-03-13,8,849,49,898
2015-03-13,9,404,70,474
2015-03-13,10,217,63,280
2015-03-13,11,255,105,360
2015-03-13,12,307,131,438
2015-03-13,13,308,190,498
2015-03-13,14,244,150,394
2015-03-13,15,298,115,413
2015-03-13,16,458,108,566
2015-03-13,17,867,139,1006
2015-03-13,18,672,86,758
2015-03-13,19,403,34,437
2015-03-13,20,243,44,287
2015-03-13,21,156,19,175
2015-03-13,22,136,6,142
2015-03-13,23,70,7,77
2015-03-14,0,37,6,43
2015-03-14,1,41,0,41
2015-03-14,2,11,1,12
2015-03-14,3,7,0,7
2015-03-14,4,1,0,1
2015-03-14,5,4,1,5
2015-03-14,6,65,3,68
2015-03-14,7,51,15,66
2015-03-14,8,70,25,95
2015-03-14,9,84,27,111
2015-03-14,10,110,18,128
2015-03-14,11,134,10,144
2015-03-14,12,167,37,204
2015-03-14,13,283,77,360
2015-03-14,14,309,89,398
2015-03-14,15,232,101,333
2015-03-14,16,102,42,144
2015-03-14,17,191,78,269
2015-03-14,18,222,62,284
2015-03-14,19,186,47,233
2015-03-14,20,145,50,195
2015-03-14,21,130,21,151
2015-03-14,22,112,25,137
2015-03-14,23,95,23,118
2015-03-15,0,100,25,125
2015-03-15,1,68,7,75
2015-03-15,2,51,3,54
2015-03-15,3,19,9,28
2015-03-15,4,5,0,5
2015-03-15,5,2,0,2
2015-03-15,6,9,2,11
2015-03-15,7,31,10,41
2015-03-15,8,99,32,131
2015-03-15,9,154,45,199
2015-03-15,10,276,113,389
2015-03-15,11,350,167,517
2015-03-15,12,411,166,577
2015-03-15,13,412,225,637
2015-03-15,14,417,256,673
2015-03-15,15,414,266,680
2015-03-15,16,406,212,618
2015-03-15,17,387,161,548
2015-03-15,18,308,109,417
2015-03-15,19,193,58,251
2015-03-15,20,138,14,152
2015-03-15,21,122,25,147
2015-03-15,22,82,14,96
2015-03-15,23,33,10,43
2015-03-16,0,23,5,28
2015-03-16,1,3,1,4
2015-03-16,2,7,2,9
2015-03-16,3,4,0,4
2015-03-16,4,3,0,3
2015-03-16,5,41,0,41
2015-03-16,6,152,4,156
2015-03-16,7,513,15,528
2015-03-16,8,911,24,935
2015-03-16,9,385,34,419
2015-03-16,10,150,46,196
2015-03-16,11,171,83,254
2015-03-16,12,251,121,372
2015-03-16,13,250,130,380
2015-03-16,14,185,180,365
2015-03-16,15,284,200,484
2015-03-16,16,507,156,663
2015-03-16,17,1021,165,1186
2015-03-16,18,981,158,1139
2015-03-16,19,539,91,630
2015-03-16,20,355,69,424
2015-03-16,21,272,44,316
2015-03-16,22,136,21,157
2015-03-16,23,63,25,88
2015-03-17,0,33,19,52
2015-03-17,1,10,8,18
2015-03-17,2,5,2,7
2015-03-17,3,3,1,4
2015-03-17,4,5,0,5
2015-03-17,5,58,0,58
2015-03-17,6,201,4,205
2015-03-17,7,610,13,623
2015-03-17,8,1021,36,1057
2015-03-17,9,430,52,482
2015-03-17,10,180,93,273
2015-03-17,11,206,93,299
2015-03-17,12,316,104,420
2015-03-17,13,260,133,393
2015-03-17,14,247,119,366
2015-03-17,15,286,156,442
2015-03-17,16,552,180,732
2015-03-17,17,1030,165,1195
2015-03-17,18,911,123,1034
2015-03-17,19,495,55,550
2015-03-17,20,333,21,354
2015-03-17,21,187,21,208
2015-03-17,22,163,9,172
2015-03-17,23,71,7,78
2015-03-18,0,24,4,28
2015-03-18,1,13,0,13
2015-03-18,2,5,0,5
2015-03-18,3,2,0,2
2015-03-18,4,2,0,2
2015-03-18,5,52,1,53
2015-03-18,6,173,3,176
2015-03-18,7,522,13,535
2015-03-18,8,867,24,891
2015-03-18,9,391,22,413
2015-03-18,10,167,37,204
2015-03-18,11,179,33,212
2015-03-18,12,246,48,294
2015-03-18,13,246,45,291
2015-03-18,14,209,76,285
2015-03-18,15,241,74,315
2015-03-18,16,405,91,496
2015-03-18,17,850,115,965
2015-03-18,18,767,50,817
2015-03-18,19,520,66,586
2015-03-18,20,314,33,347
2015-03-18,21,227,9,236
2015-03-18,22,126,20,146
2015-03-18,23,62,8,70
2015-03-19,0,28,6,34
2015-03-19,1,10,2,12
2015-03-19,2,8,3,11
2015-03-19,3,1,2,3
2015-03-19,4,6,0,6
2015-03-19,5,52,0,52
2015-03-19,6,170,4,174
2015-03-19,7,523,17,540
2015-03-19,8,889,25,914
2015-03-19,9,417,48,465
2015-03-19,10,172,48,220
2015-03-19,11,231,60,291
2015-03-19,12,268,100,368
2015-03-19,13,290,77,367
2015-03-19,14,201,104,305
2015-03-19,15,257,138,395
2015-03-19,16,431,122,553
2015-03-19,17,878,141,1019
2015-03-19,18,783,93,876
2015-03-19,19,482,51,533
2015-03-19,20,332,34,366
2015-03-19,21,237,27,264
2015-03-19,22,161,24,185
2015-03-19,23,80,11,91
2015-03-20,0,27,6,33
2015-03-20,1,21,11,32
2015-03-20,2,7,0,7
2015-03-20,3,0,1,1
2015-03-20,4,3,0,3
2015-03-20,5,16,1,17
2015-03-20,6,41,1,42
2015-03-20,7,86,3,89
2015-03-20,8,233,4,237
2015-03-20,9,126,5,131
2015-03-20,10,57,4,61
2015-03-20,11,53,8,61
2015-03-20,12,65,8,73
2015-03-20,13,70,7,77
2015-03-20,14,82,2,84
2015-03-20,15,96,11,107
2015-03-20,16,178,13,191
2015-03-20,17,437,13,450
2015-03-20,18,402,15,417
2015-03-20,19,266,9,275
2015-03-20,20,187,7,194
2015-03-20,21,127,10,137
2015-03-20,22,98,5,103
2015-03-20,23,82,1,83
2015-03-21,0,66,2,68
2015-03-21,1,41,5,46
2015-03-21,2,24,1,25
2015-03-21,3,12,0,12
2015-03-21,4,3,0,3
2015-03-21,5,7,0,7
2015-03-21,6,15,1,16
2015-03-21,7,42,11,53
2015-03-21,8,155,29,184
2015-03-21,9,245,47,292
2015-03-21,10,319,64,383
2015-03-21,11,352,121,473
2015-03-21,12,449,205,654
2015-03-21,13,452,312,764
2015-03-21,14,529,377,906
2015-03-21,15,550,406,956
2015-03-21,16,498,458,956
2015-03-21,17,506,400,906
2015-03-21,18,495,273,768
2015-03-21,19,350,135,485
2015-03-21,20,204,134,338
2015-03-21,21,190,110,300
2015-03-21,22,170,69,239
2015-03-21,23,142,67,209
2015-03-22,0,113,28,141
2015-03-22,1,71,13,84
2015-03-22,2,72,12,84
2015-03-22,3,28,2,30
2015-03-22,4,3,1,4
2015-03-22,5,3,1,4
2015-03-22,6,11,1,12
2015-03-22,7,39,6,45
2015-03-22,8,80,29,109
2015-03-22,9,197,73,270
2015-03-22,10,294,136,430
2015-03-22,11,428,191,619
2015-03-22,12,467,225,692
2015-03-22,13,512,282,794
2015-03-22,14,432,335,767
2015-03-22,15,538,336,874
2015-03-22,16,451,256,707
2015-03-22,17,469,259,728
2015-03-22,18,389,187,576
2015-03-22,19,252,97,349
2015-03-22,20,180,74,254
2015-03-22,21,143,51,194
2015-03-22,22,101,33,134
2015-03-22,23,41,11,52
2015-03-23,0,13,14,27
2015-03-23,1,8,8,16
2015-03-23,2,2,0,2
2015-03-23,3,1,0,1
2015-03-23,4,9,1,10
2015-03-23,5,49,0,49
2015-03-23,6,163,2,165
2015-03-23,7,463,18,481
2015-03-23,8,852,24,876
2015-03-23,9,370,60,430
2015-03-23,10,163,69,232
2015-03-23,11,138,98,236
2015-03-23,12,215,102,317
2015-03-23,13,238,116,354
2015-03-23,14,228,134,362
2015-03-23,15,242,104,346
2015-03-23,16,468,143,611
2015-03-23,17,912,175,1087
2015-03-23,18,854,148,1002
2015-03-23,19,511,84,595
2015-03-23,20,312,34,346
2015-03-23,21,195,31,226
2015-03-23,22,116,32,148
2015-03-23,23,42,6,48
2015-03-24,0,19,8,27
2015-03-24,1,4,0,4
2015-03-24,2,7,1,8
2015-03-24,3,3,0,3
2015-03-24,4,6,0,6
2015-03-24,5,59,1,60
2015-03-24,6,185,3,188
2015-03-24,7,520,7,527
2015-03-24,8,899,26,925
2015-03-24,9,430,35,465
2015-03-24,10,188,58,246
2015-03-24,11,178,77,255
2015-03-24,12,237,70,307
2015-03-24,13,241,78,319
2015-03-24,14,176,90,266
2015-03-24,15,269,81,350
2015-03-24,16,450,84,534
2015-03-24,17,852,111,963
2015-03-24,18,814,109,923
2015-03-24,19,494,55,549
2015-03-24,20,339,35,374
2015-03-24,21,203,9,212
2015-03-24,22,131,15,146
2015-03-24,23,69,3,72
2015-03-25,0,20,2,22
2015-03-25,1,6,0,6
2015-03-25,2,5,0,5
2015-03-25,3,4,0,4
2015-03-25,4,1,3,4
2015-03-25,5,40,0,40
2015-03-25,6,183,3,186
2015-03-25,7,513,11,524
2015-03-25,8,850,16,866
2015-03-25,9,423,20,443
2015-03-25,10,118,14,132
2015-03-25,11,151,38,189
2015-03-25,12,210,38,248
2015-03-25,13,219,63,282
2015-03-25,14,219,60,279
2015-03-25,15,235,68,303
2015-03-25,16,415,86,501
2015-03-25,17,941,65,1006
2015-03-25,18,826,54,880
2015-03-25,19,499,42,541
2015-03-25,20,350,25,375
2015-03-25,21,279,24,303
2015-03-25,22,167,15,182
2015-03-25,23,86,16,102
2015-03-26,0,26,2,28
2015-03-26,1,8,0,8
2015-03-26,2,2,3,5
2015-03-26,3,3,0,3
2015-03-26,4,3,1,4
2015-03-26,5,57,1,58
2015-03-26,6,186,1,187
2015-03-26,7,566,10,576
2015-03-26,8,1065,32,1097
2015-03-26,9,327,46,373
2015-03-26,10,133,23,156
2015-03-26,11,108,25,133
2015-03-26,12,225,48,273
2015-03-26,13,272,79,351
2015-03-26,14,221,113,334
2015-03-26,15,300,148,448
2015-03-26,16,541,160,701
2015-03-26,17,1076,196,1272
2015-03-26,18,1057,142,1199
2015-03-26,19,617,75,692
2015-03-26,20,169,18,187
2015-03-26,21,258,17,275
2015-03-26,22,78,9,87
2015-03-26,23,82,7,89
2015-03-27,0,27,1,28
2015-03-27,1,8,3,11
2015-03-27,2,9,0,9
2015-03-27,3,3,0,3
2015-03-27,4,1,0,1
2015-03-27,5,16,1,17
2015-03-27,6,56,1,57
2015-03-27,7,185,3,188
2015-03-27,8,262,8,270
2015-03-27,9,306,11,317
2015-03-27,10,170,24,194
2015-03-27,11,164,34,198
2015-03-27,12,226,62,288
2015-03-27,13,238,57,295
2015-03-27,14,212,77,289
2015-03-27,15,286,90,376
2015-03-27,16,411,78,489
2015-03-27,17,793,129,922
2015-03-27,18,658,109,767
2015-03-27,19,445,61,506
2015-03-27,20,285,36,321
2015-03-27,21,174,18,192
2015-03-27,22,132,18,150
2015-03-27,23,101,13,114
2015-03-28,0,90,10,100
2015-03-28,1,58,4,62
2015-03-28,2,38,0,38
2015-03-28,3,7,2,9
2015-03-28,4,2,0,2
2015-03-28,5,4,0,4
2015-03-28,6,13,3,16
2015-03-28,7,52,8,60
2015-03-28,8,150,14,164
2015-03-28,9,225,38,263
2015-03-28,10,253,82,335
2015-03-28,11,306,112,418
2015-03-28,12,338,100,438
2015-03-28,13,349,114,463
2015-03-28,14,277,72,349
2015-03-28,15,299,81,380
2015-03-28,16,240,67,307
2015-03-28,17,247,46,293
2015-03-28,18,227,39,266
2015-03-28,19,184,23,207
2015-03-28,20,119,11,130
2015-03-28,21,86,12,98
2015-03-28,22,68,10,78
2015-03-28,23,87,6,93
2015-03-29,0,49,1,50
2015-03-29,1,45,4,49
2015-03-29,2,29,2,31
2015-03-29,3,9,1,10
2015-03-29,4,2,0,2
2015-03-29,5,1,1,2
2015-03-29,6,11,3,14
2015-03-29,7,37,2,39
2015-03-29,8,61,7,68
2015-03-29,9,143,22,165
2015-03-29,10,259,68,327
2015-03-29,11,302,126,428
2015-03-29,12,332,134,466
2015-03-29,13,351,129,480
2015-03-29,14,374,171,545
2015-03-29,15,374,226,600
2015-03-29,16,402,214,616
2015-03-29,17,403,216,619
2015-03-29,18,294,158,452
2015-03-29,19,251,74,325
2015-03-29,20,132,25,157
2015-03-29,21,91,13,104
2015-03-29,22,72,3,75
2015-03-29,23,42,6,48
2015-03-30,0,23,3,26
2015-03-30,1,7,0,7
2015-03-30,2,4,0,4
2015-03-30,3,2,0,2
2015-03-30,4,3,0,3
2015-03-30,5,38,1,39
2015-03-30,6,175,2,177
2015-03-30,7,469,9,478
2015-03-30,8,951,25,976
2015-03-30,9,386,53,439
2015-03-30,10,226,65,291
2015-03-30,11,175,89,264
2015-03-30,12,249,98,347
2015-03-30,13,243,150,393
2015-03-30,14,236,171,407
2015-03-30,15,284,178,462
2015-03-30,16,475,211,686
2015-03-30,17,1078,169,1247
2015-03-30,18,948,140,1088
2015-03-30,19,616,71,687
2015-03-30,20,365,50,415
2015-03-30,21,252,32,284
2015-03-30,22,141,24,165
2015-03-30,23,63,2,65
2015-03-31,0,20,4,24
2015-03-31,1,11,1,12
2015-03-31,2,6,1,7
2015-03-31,3,2,1,3
2015-03-31,4,4,0,4
2015-03-31,5,56,0,56
2015-03-31,6,203,2,205
2015-03-31,7,648,10,658
2015-03-31,8,1080,40,1120
2015-03-31,9,462,53,515
2015-03-31,10,238,131,369
2015-03-31,11,208,130,338
2015-03-31,12,304,114,418
2015-03-31,13,281,143,424
2015-03-31,14,302,170,472
2015-03-31,15,312,142,454
2015-03-31,16,345,79,424
2015-03-31,17,549,55,604
2015-03-31,18,655,49,704
2015-03-31,19,428,40,468
2015-03-31,20,271,26,297
2015-03-31,21,226,27,253
2015-03-31,22,111,13,124
2015-03-31,23,57,1,58
2015-04-01,0,31,0,31
2015-04-01,1,9,1,10
2015-04-01,2,2,1,3
2015-04-01,3,2,0,2
2015-04-01,4,3,0,3
2015-04-01,5,53,1,54
2015-04-01,6,211,3,214
2015-04-01,7,593,20,613
2015-04-01,8,1030,41,1071
2015-04-01,9,421,74,495
2015-04-01,10,204,57,261
2015-04-01,11,238,98,336
2015-04-01,12,318,148,466
2015-04-01,13,226,178,404
2015-04-01,14,248,153,401
2015-04-01,15,314,220,534
2015-04-01,16,517,191,708
2015-04-01,17,1114,207,1321
2015-04-01,18,1027,145,1172
2015-04-01,19,605,101,706
2015-04-01,20,407,65,472
2015-04-01,21,273,45,318
2015-04-01,22,167,22,189
2015-04-01,23,84,9,93
2015-04-02,0,27,1,28
2015-04-02,1,18,3,21
2015-04-02,2,8,0,8
2015-04-02,4,2,0,2
2015-04-02,5,46,0,46
2015-04-02,6,207,4,211
2015-04-02,7,607,16,623
2015-04-02,8,1087,51,1138
2015-04-02,9,466,43,509
2015-04-02,10,183,153,336
2015-04-02,11,233,200,433
2015-04-02,12,348,221,569
2015-04-02,13,304,238,542
2015-04-02,14,277,266,543
2015-04-02,15,319,253,572
2015-04-02,16,580,287,867
2015-04-02,17,1175,282,1457
2015-04-02,18,1038,200,1238
2015-04-02,19,641,141,782
2015-04-02,20,439,100,539
2015-04-02,21,321,61,382
2015-04-02,22,223,57,280
2015-04-02,23,119,31,150
2015-04-03,0,54,18,72
2015-04-03,1,29,11,40
2015-04-03,2,16,9,25
2015-04-03,3,2,0,2
2015-04-03,4,3,0,3
2015-04-03,5,65,2,67
2015-04-03,6,175,5,180
2015-04-03,7,458,19,477
2015-04-03,8,452,36,488
2015-04-03,9,164,20,184
2015-04-03,10,58,27,85
2015-04-03,11,111,33,144
2015-04-03,12,173,43,216
2015-04-03,13,118,41,159
2015-04-03,14,134,50,184
2015-04-03,15,255,99,354
2015-04-03,16,464,167,631
2015-04-03,17,663,147,810
2015-04-03,18,651,132,783
2015-04-03,19,402,97,499
2015-04-03,20,253,85,338
2015-04-03,21,228,69,297
2015-04-03,22,186,35,221
2015-04-03,23,137,32,169
2015-04-04,0,95,16,111
2015-04-04,1,71,12,83
2015-04-04,2,45,9,54
2015-04-04,3,17,10,27
2015-04-04,4,4,2,6
2015-04-04,5,9,3,12
2015-04-04,6,23,11,34
2015-04-04,7,64,13,77
2015-04-04,8,178,54,232
2015-04-04,9,273,175,448
2015-04-04,10,366,279,645
2015-04-04,11,369,430,799
2015-04-04,12,453,430,883
2015-04-04,13,434,521,955
2015-04-04,14,391,521,912
2015-04-04,15,467,579,1046
2015-04-04,16,439,554,993
2015-04-04,17,422,489,911
2015-04-04,18,331,369,700
2015-04-04,19,300,245,545
2015-04-04,20,206,145,351
2015-04-04,21,146,128,274
2015-04-04,22,101,69,170
2015-04-04,23,132,38,170
2015-04-05,0,74,40,114
2015-04-05,1,70,14,84
2015-04-05,2,40,5,45
2015-04-05,3,19,2,21
2015-04-05,4,3,0,3
2015-04-05,5,11,4,15
2015-04-05,6,33,15,48
2015-04-05,7,68,18,86
2015-04-05,8,116,79,195
2015-04-05,9,248,149,397
2015-04-05,10,333,255,588
2015-04-05,11,356,390,746
2015-04-05,12,387,446,833
2015-04-05,13,357,537,894
2015-04-05,14,404,611,1015
2015-04-05,15,465,611,1076
2015-04-05,16,402,563,965
2015-04-05,17,396,524,920
2015-04-05,18,396,425,821
2015-04-05,19,294,248,542
2015-04-05,20,193,126,319
2015-04-05,21,143,81,224
2015-04-05,22,100,61,161
2015-04-05,23,51,24,75
2015-04-06,0,16,15,31
2015-04-06,1,7,6,13
2015-04-06,2,6,0,6
2015-04-06,3,2,0,2
2015-04-06,4,6,3,9
2015-04-06,5,51,0,51
2015-04-06,6,200,15,215
2015-04-06,7,625,18,643
2015-04-06,8,1002,81,1083
2015-04-06,9,433,136,569
2015-04-06,10,228,225,453
2015-04-06,11,249,354,603
2015-04-06,12,419,303,722
2015-04-06,13,404,309,713
2015-04-06,14,337,336,673
2015-04-06,15,389,329,718
2015-04-06,16,558,335,893
2015-04-06,17,1149,320,1469
2015-04-06,18,1014,287,1301
2015-04-06,19,850,249,1099
2015-04-06,20,479,113,592
2015-04-06,21,283,85,368
2015-04-06,22,142,61,203
2015-04-06,23,174,37,211
2015-04-07,0,53,20,73
2015-04-07,1,16,15,31
2015-04-07,2,3,2,5
2015-04-07,3,2,1,3
2015-04-07,4,5,0,5
2015-04-07,5,49,1,50
2015-04-07,6,196,12,208
2015-04-07,7,699,17,716
2015-04-07,8,1149,42,1191
2015-04-07,9,491,102,593
2015-04-07,10,220,179,399
2015-04-07,11,237,214,451
2015-04-07,12,306,220,526
2015-04-07,13,396,221,617
2015-04-07,14,366,244,610
2015-04-07,15,357,235,592
2015-04-07,16,523,222,745
2015-04-07,17,1096,246,1342
2015-04-07,18,956,177,1133
2015-04-07,19,562,139,701
2015-04-07,20,374,56,430
2015-04-07,21,291,68,359
2015-04-07,22,186,48,234
2015-04-07,23,86,17,103
2015-04-08,0,8,0,8
2015-04-08,1,4,0,4
2015-04-08,2,1,0,1
2015-04-08,3,1,0,1
2015-04-08,4,2,2,4
2015-04-08,5,59,0,59
2015-04-08,6,210,5,215
2015-04-08,7,493,18,511
2015-04-08,8,686,22,708
2015-04-08,9,294,26,320
2015-04-08,10,172,49,221
2015-04-08,11,182,61,243
2015-04-08,12,216,79,295
2015-04-08,13,223,90,313
2015-04-08,14,184,77,261
2015-04-08,15,254,104,358
2015-04-08,16,402,125,527
2015-04-08,17,923,111,1034
2015-04-08,18,882,85,967
2015-04-08,19,481,67,548
2015-04-08,20,267,18,285
2015-04-08,21,234,20,254
2015-04-08,22,183,24,207
2015-04-08,23,87,10,97
2015-04-09,0,31,6,37
2015-04-09,1,13,3,16
2015-04-09,2,3,1,4
2015-04-09,3,1,2,3
2015-04-09,4,2,0,2
2015-04-09,5,31,1,32
2015-04-09,6,166,5,171
2015-04-09,7,503,14,517
2015-04-09,8,861,27,888
2015-04-09,9,484,30,514
2015-04-09,10,177,68,245
2015-04-09,11,209,92,301
2015-04-09,12,270,87,357
2015-04-09,13,235,70,305
2015-04-09,14,214,101,315
2015-04-09,15,306,111,417
2015-04-09,16,469,126,595
2015-04-09,17,870,107,977
2015-04-09,18,800,84,884
2015-04-09,19,455,58,513
2015-04-09,20,272,23,295
2015-04-09,21,205,22,227
2015-04-09,22,129,12,141
2015-04-09,23,69,3,72
2015-04-10,0,27,4,31
2015-04-10,1,15,0,15
2015-04-10,2,3,2,5
2015-04-10,4,4,0,4
2015-04-10,5,43,2,45
2015-04-10,6,170,12,182
2015-04-10,7,439,18,457
2015-04-10,8,785,39,824
2015-04-10,9,440,61,501
2015-04-10,10,202,81,283
2015-04-10,11,225,164,389
2015-04-10,12,323,150,473
2015-04-10,13,342,213,555
2015-04-10,14,295,178,473
2015-04-10,15,350,211,561
2015-04-10,16,529,216,745
2015-04-10,17,953,208,1161
2015-04-10,18,701,172,873
2015-04-10,19,472,153,625
2015-04-10,20,310,108,418
2015-04-10,21,214,73,287
2015-04-10,22,218,75,293
2015-04-10,23,138,60,198
2015-04-11,0,113,35,148
2015-04-11,1,88,30,118
2015-04-11,2,62,24,86
2015-04-11,3,27,12,39
2015-04-11,4,6,16,22
2015-04-11,5,24,15,39
2015-04-11,6,69,47,116
2015-04-11,7,150,71,221
2015-04-11,8,305,173,478
2015-04-11,9,466,248,714
2015-04-11,10,558,412,970
2015-04-11,11,667,636,1303
2015-04-11,12,659,787,1446
2015-04-11,13,657,887,1544
2015-04-11,14,604,875,1479
2015-04-11,15,617,870,1487
2015-04-11,16,663,966,1629
2015-04-11,17,611,817,1428
2015-04-11,18,542,686,1228
2015-04-11,19,457,445,902
2015-04-11,20,235,195,430
2015-04-11,21,236,182,418
2015-04-11,22,174,101,275
2015-04-11,23,142,84,226
2015-04-12,0,115,50,165
2015-04-12,1,83,11,94
2015-04-12,2,55,12,67
2015-04-12,3,23,4,27
2015-04-12,4,10,2,12
2015-04-12,5,22,13,35
2015-04-12,6,172,50,222
2015-04-12,7,136,82,218
2015-04-12,8,222,155,377
2015-04-12,9,393,324,717
2015-04-12,10,484,526,1010
2015-04-12,11,625,658,1283
2015-04-12,12,692,766,1458
2015-04-12,13,692,883,1575
2015-04-12,14,604,808,1412
2015-04-12,15,631,811,1442
2015-04-12,16,663,703,1366
2015-04-12,17,663,646,1309
2015-04-12,18,543,548,1091
2015-04-12,19,446,391,837
2015-04-12,20,290,210,500
2015-04-12,21,154,97,251
2015-04-12,22,129,58,187
2015-04-12,23,67,30,97
2015-04-13,0,30,15,45
2015-04-13,1,10,4,14
2015-04-13,2,10,0,10
2015-04-13,3,4,0,4
2015-04-13,4,2,1,3
2015-04-13,5,62,8,70
2015-04-13,6,258,26,284
2015-04-13,7,676,62,738
2015-04-13,8,1016,80,1096
2015-04-13,9,415,108,523
2015-04-13,10,243,186,429
2015-04-13,11,263,215,478
2015-04-13,12,388,237,625
2015-04-13,13,307,247,554
2015-04-13,14,325,301,626
2015-04-13,15,340,273,613
2015-04-13,16,649,283,932
2015-04-13,17,1286,317,1603
2015-04-13,18,1245,287,1532
2015-04-13,19,824,266,1090
2015-04-13,20,531,120,651
2015-04-13,21,374,64,438
2015-04-13,22,175,55,230
2015-04-13,23,77,31,108
2015-04-14,0,22,7,29
2015-04-14,1,9,1,10
2015-04-14,2,7,3,10
2015-04-14,3,1,0,1
2015-04-14,4,5,0,5
2015-04-14,5,49,2,51
2015-04-14,6,69,2,71
2015-04-14,7,146,3,149
2015-04-14,8,451,16,467
2015-04-14,9,286,24,310
2015-04-14,10,124,22,146
2015-04-14,11,138,32,170
2015-04-14,12,116,22,138
2015-04-14,13,84,13,97
2015-04-14,14,57,11,68
2015-04-14,15,66,10,76
2015-04-14,16,111,12,123
2015-04-14,17,320,19,339
2015-04-14,18,483,35,518
2015-04-14,19,371,23,394
2015-04-14,20,229,11,240
2015-04-14,21,196,10,206
2015-04-14,22,120,10,130
2015-04-14,23,72,5,77
2015-04-15,0,27,12,39
2015-04-15,1,16,7,23
2015-04-15,2,4,2,6
2015-04-15,3,5,7,12
2015-04-15,4,14,0,14
2015-04-15,5,81,4,85
2015-04-15,6,272,13,285
2015-04-15,7,756,29,785
2015-04-15,8,1123,52,1175
2015-04-15,9,448,71,519
2015-04-15,10,217,100,317
2015-04-15,11,247,134,381
2015-04-15,12,349,164,513
2015-04-15,13,300,119,419
2015-04-15,14,332,156,488
2015-04-15,15,294,143,437
2015-04-15,16,567,152,719
2015-04-15,17,1193,209,1402
2015-04-15,18,1091,192,1283
2015-04-15,19,694,117,811
2015-04-15,20,509,62,571
2015-04-15,21,353,58,411
2015-04-15,22,230,57,287
2015-04-15,23,121,26,147
2015-04-16,0,48,11,59
2015-04-16,1,13,3,16
2015-04-16,2,9,7,16
2015-04-16,3,3,4,7
2015-04-16,4,6,2,8
2015-04-16,5,56,3,59
2015-04-16,6,254,8,262
2015-04-16,7,758,29,787
2015-04-16,8,1132,52,1184
2015-04-16,9,498,76,574
2015-04-16,10,244,87,331
2015-04-16,11,279,165,444
2015-04-16,12,388,138,526
2015-04-16,13,367,156,523
2015-04-16,14,327,165,492
2015-04-16,15,381,184,565
2015-04-16,16,607,181,788
2015-04-16,17,1187,256,1443
2015-04-16,18,1196,181,1377
2015-04-16,19,685,133,818
2015-04-16,20,449,71,520
2015-04-16,21,409,58,467
2015-04-16,22,286,31,317
2015-04-16,23,97,11,108
2015-04-17,0,26,3,29
2015-04-17,1,12,2,14
2015-04-17,2,14,4,18
2015-04-17,3,3,0,3
2015-04-17,4,4,0,4
2015-04-17,5,57,2,59
2015-04-17,6,195,8,203
2015-04-17,7,680,26,706
2015-04-17,8,1067,59,1126
2015-04-17,9,504,100,604
2015-04-17,10,273,193,466
2015-04-17,11,299,224,523
2015-04-17,12,415,267,682
2015-04-17,13,383,235,618
2015-04-17,14,347,283,630
2015-04-17,15,430,309,739
2015-04-17,16,714,269,983
2015-04-17,17,1210,305,1515
2015-04-17,18,906,236,1142
2015-04-17,19,571,144,715
2015-04-17,20,416,148,564
2015-04-17,21,363,137,500
2015-04-17,22,304,98,402
2015-04-17,23,216,89,305
2015-04-18,0,153,58,211
2015-04-18,1,68,37,105
2015-04-18,2,55,19,74
2015-04-18,3,27,15,42
2015-04-18,4,6,4,10
2015-04-18,5,13,3,16
2015-04-18,6,37,7,44
2015-04-18,7,122,44,166
2015-04-18,8,275,103,378
2015-04-18,9,419,269,688
2015-04-18,10,548,413,961
2015-04-18,11,585,605,1190
2015-04-18,12,679,740,1419
2015-04-18,13,609,686,1295
2015-04-18,14,591,782,1373
2015-04-18,15,591,861,1452
2015-04-18,16,664,688,1352
2015-04-18,17,629,694,1323
2015-04-18,18,610,590,1200
2015-04-18,19,474,448,922
2015-04-18,20,395,257,652
2015-04-18,21,318,173,491
2015-04-18,22,209,138,347
2015-04-18,23,183,114,297
2015-04-19,0,142,76,218
2015-04-19,1,107,33,140
2015-04-19,2,75,39,114
2015-04-19,3,35,19,54
2015-04-19,4,5,2,7
2015-04-19,5,13,1,14
2015-04-19,6,22,14,36
2015-04-19,7,64,38,102
2015-04-19,8,182,97,279
2015-04-19,9,279,229,508
2015-04-19,10,436,351,787
2015-04-19,11,557,537,1094
2015-04-19,12,626,513,1139
2015-04-19,13,575,533,1108
2015-04-19,14,590,461,1051
2015-04-19,15,543,511,1054
2015-04-19,16,569,416,985
2015-04-19,17,451,337,788
2015-04-19,18,278,162,440
2015-04-19,19,106,34,140
2015-04-19,20,85,25,110
2015-04-19,21,36,4,40
2015-04-19,22,24,4,28
2015-04-19,23,19,0,19
2015-04-20,0,7,0,7
2015-04-20,2,5,0,5
2015-04-20,4,1,0,1
2015-04-20,5,25,1,26
2015-04-20,6,122,2,124
2015-04-20,7,356,19,375
2015-04-20,8,900,45,945
2015-04-20,9,436,69,505
2015-04-20,10,193,121,314
2015-04-20,11,217,165,382
2015-04-20,12,335,114,449
2015-04-20,13,308,169,477
2015-04-20,14,308,219,527
2015-04-20,15,346,173,519
2015-04-20,16,503,173,676
2015-04-20,17,1111,178,1289
2015-04-20,18,998,142,1140
2015-04-20,19,661,104,765
2015-04-20,20,125,24,149
2015-04-20,21,167,19,186
2015-04-20,22,116,17,133
2015-04-20,23,59,15,74
2015-04-21,0,31,4,35
2015-04-21,1,6,0,6
2015-04-21,2,1,2,3
2015-04-21,3,2,0,2
2015-04-21,4,9,0,9
2015-04-21,5,64,3,67
2015-04-21,6,241,4,245
2015-04-21,7,786,41,827
2015-04-21,8,1152,78,1230
2015-04-21,9,476,74,550
2015-04-21,10,225,108,333
2015-04-21,11,265,149,414
2015-04-21,12,362,141,503
2015-04-21,13,320,171,491
2015-04-21,14,264,167,431
2015-04-21,15,349,184,533
2015-04-21,16,635,185,820
2015-04-21,17,1298,215,1513
2015-04-21,18,1234,193,1427
2015-04-21,19,732,119,851
2015-04-21,20,474,88,562
2015-04-21,21,300,47,347
2015-04-21,22,253,49,302
2015-04-21,23,115,28,143
2015-04-22,0,36,11,47
2015-04-22,1,11,3,14
2015-04-22,2,8,0,8
2015-04-22,3,6,0,6
2015-04-22,4,7,0,7
2015-04-22,5,80,7,87
2015-04-22,6,279,11,290
2015-04-22,7,824,39,863
2015-04-22,8,1222,55,1277
2015-04-22,9,487,88,575
2015-04-22,10,219,124,343
2015-04-22,11,239,158,397
2015-04-22,12,316,166,482
2015-04-22,13,343,141,484
2015-04-22,14,236,99,335
2015-04-22,15,282,73,355
2015-04-22,16,549,84,633
2015-04-22,17,1104,116,1220
2015-04-22,18,1136,119,1255
2015-04-22,19,623,84,707
2015-04-22,20,431,54,485
2015-04-22,21,280,47,327
2015-04-22,22,222,31,253
2015-04-22,23,92,3,95
2015-04-23,0,34,5,39
2015-04-23,1,11,3,14
2015-04-23,2,7,1,8
2015-04-23,3,3,0,3
2015-04-23,4,7,0,7
2015-04-23,5,53,3,56
2015-04-23,6,217,8,225
2015-04-23,7,701,28,729
2015-04-23,8,1100,43,1143
2015-04-23,9,452,70,522
2015-04-23,10,227,118,345
2015-04-23,11,243,122,365
2015-04-23,12,323,146,469
2015-04-23,13,308,121,429
2015-04-23,14,276,157,433
2015-04-23,15,369,149,518
2015-04-23,16,513,142,655
2015-04-23,17,1012,178,1190
2015-04-23,18,1009,130,1139
2015-04-23,19,627,72,699
2015-04-23,20,352,46,398
2015-04-23,21,309,43,352
2015-04-23,22,233,13,246
2015-04-23,23,110,13,123
2015-04-24,0,48,9,57
2015-04-24,1,25,3,28
2015-04-24,2,10,1,11
2015-04-24,3,1,0,1
2015-04-24,4,6,0,6
2015-04-24,5,53,2,55
2015-04-24,6,202,4,206
2015-04-24,7,514,25,539
2015-04-24,8,986,34,1020
2015-04-24,9,499,81,580
2015-04-24,10,221,112,333
2015-04-24,11,280,145,425
2015-04-24,12,355,199,554
2015-04-24,13,387,195,582
2015-04-24,14,317,250,567
2015-04-24,15,407,218,625
2015-04-24,16,606,228,834
2015-04-24,17,1043,245,1288
2015-04-24,18,810,160,970
2015-04-24,19,539,105,644
2015-04-24,20,344,55,399
2015-04-24,21,201,50,251
2015-04-24,22,159,57,216
2015-04-24,23,164,21,185
2015-04-25,0,99,14,113
2015-04-25,1,63,5,68
2015-04-25,2,44,4,48
2015-04-25,3,8,0,8
2015-04-25,4,8,1,9
2015-04-25,5,13,4,17
2015-04-25,6,44,9,53
2015-04-25,7,92,23,115
2015-04-25,8,215,57,272
2015-04-25,9,316,140,456
2015-04-25,10,365,206,571
2015-04-25,11,442,292,734
2015-04-25,12,474,274,748
2015-04-25,13,454,367,821
2015-04-25,14,432,305,737
2015-04-25,15,456,344,800
2015-04-25,16,359,299,658
2015-04-25,17,272,222,494
2015-04-25,18,119,57,176
2015-04-25,19,89,32,121
2015-04-25,20,58,13,71
2015-04-25,21,34,7,41
2015-04-25,22,25,4,29
2015-04-25,23,27,5,32
2015-04-26,0,44,1,45
2015-04-26,1,44,4,48
2015-04-26,2,47,1,48
2015-04-26,3,13,0,13
2015-04-26,4,4,0,4
2015-04-26,5,5,0,5
2015-04-26,6,21,7,28
2015-04-26,7,34,16,50
2015-04-26,8,131,60,191
2015-04-26,9,252,110,362
2015-04-26,10,362,193,555
2015-04-26,11,464,321,785
2015-04-26,12,594,435,1029
2015-04-26,13,591,464,1055
2015-04-26,14,588,497,1085
2015-04-26,15,537,461,998
2015-04-26,16,558,436,994
2015-04-26,17,525,361,886
2015-04-26,18,509,257,766
2015-04-26,19,367,174,541
2015-04-26,20,262,96,358
2015-04-26,21,182,63,245
2015-04-26,22,130,37,167
2015-04-26,23,59,20,79
2015-04-27,0,35,6,41
2015-04-27,1,15,8,23
2015-04-27,2,7,6,13
2015-04-27,3,6,1,7
2015-04-27,4,2,0,2
2015-04-27,5,50,0,50
2015-04-27,6,191,6,197
2015-04-27,7,669,24,693
2015-04-27,8,1014,40,1054
2015-04-27,9,429,64,493
2015-04-27,10,159,90,249
2015-04-27,11,174,116,290
2015-04-27,12,271,141,412
2015-04-27,13,268,62,330
2015-04-27,14,249,99,348
2015-04-27,15,329,106,435
2015-04-27,16,522,99,621
2015-04-27,17,1078,116,1194
2015-04-27,18,942,82,1024
2015-04-27,19,553,60,613
2015-04-27,20,257,29,286
2015-04-27,21,213,23,236
2015-04-27,22,162,35,197
2015-04-27,23,53,8,61
2015-04-28,0,16,4,20
2015-04-28,1,7,8,15
2015-04-28,2,5,4,9
2015-04-28,3,2,2,4
2015-04-28,4,7,0,7
2015-04-28,5,71,3,74
2015-04-28,6,247,13,260
2015-04-28,7,736,23,759
2015-04-28,8,1098,47,1145
2015-04-28,9,463,66,529
2015-04-28,10,252,108,360
2015-04-28,11,288,112,400
2015-04-28,12,315,149,464
2015-04-28,13,305,172,477
2015-04-28,14,292,149,441
2015-04-28,15,333,145,478
2015-04-28,16,577,154,731
2015-04-28,17,1229,119,1348
2015-04-28,18,1196,130,1326
2015-04-28,19,738,114,852
2015-04-28,20,499,68,567
2015-04-28,21,330,51,381
2015-04-28,22,203,23,226
2015-04-28,23,102,24,126
2015-04-29,0,34,16,50
2015-04-29,1,12,1,13
2015-04-29,2,8,1,9
2015-04-29,3,2,0,2
2015-04-29,4,6,0,6
2015-04-29,5,68,1,69
2015-04-29,6,269,10,279
2015-04-29,7,821,40,861
2015-04-29,8,1226,57,1283
2015-04-29,9,475,74,549
2015-04-29,10,208,114,322
2015-04-29,11,268,123,391
2015-04-29,12,341,155,496
2015-04-29,13,375,148,523
2015-04-29,14,299,151,450
2015-04-29,15,332,175,507
2015-04-29,16,619,151,770
2015-04-29,17,1236,201,1437
2015-04-29,18,1171,192,1363
2015-04-29,19,752,118,870
2015-04-29,20,506,101,607
2015-04-29,21,351,61,412
2015-04-29,22,218,25,243
2015-04-29,23,128,24,152
2015-04-30,0,45,12,57
2015-04-30,1,16,6,22
2015-04-30,2,13,1,14
2015-04-30,3,3,0,3
2015-04-30,4,5,0,5
2015-04-30,5,59,3,62
2015-04-30,6,258,7,265
2015-04-30,7,792,39,831
2015-04-30,8,1156,52,1208
2015-04-30,9,520,66,586
2015-04-30,10,224,103,327
2015-04-30,11,304,150,454
2015-04-30,12,362,150,512
2015-04-30,13,352,111,463
2015-04-30,14,283,119,402
2015-04-30,15,338,140,478
2015-04-30,16,398,110,508
2015-04-30,17,899,118,1017
2015-04-30,18,971,106,1077
2015-04-30,19,674,92,766
2015-04-30,20,405,59,464
2015-04-30,21,312,26,338
2015-04-30,22,216,34,250
2015-04-30,23,141,7,148
2015-05-01,0,56,12,68
2015-05-01,1,31,3,34
2015-05-01,2,18,5,23
2015-05-01,3,7,0,7
2015-05-01,4,5,0,5
2015-05-01,5,58,0,58
2015-05-01,6,172,0,172
2015-05-01,7,507,19,526
2015-05-01,8,1004,45,1049
2015-05-01,9,464,83,547
2015-05-01,10,259,116,375
2015-05-01,11,297,122,419
2015-05-01,12,357,134,491
2015-05-01,13,386,122,508
2015-05-01,14,339,187,526
2015-05-01,15,417,177,594
2015-05-01,16,641,179,820
2015-05-01,17,1031,142,1173
2015-05-01,18,862,124,986
2015-05-01,19,608,122,730
2015-05-01,20,398,75,473
2015-05-01,21,279,56,335
2015-05-01,22,208,32,240
2015-05-01,23,174,23,197
2015-05-02,0,140,17,157
2015-05-02,1,79,6,85
2015-05-02,2,58,9,67
2015-05-02,3,18,6,24
2015-05-02,4,7,2,9
2015-05-02,5,3,1,4
2015-05-02,6,46,2,48
2015-05-02,7,85,28,113
2015-05-02,8,242,54,296
2015-05-02,9,400,159,559
2015-05-02,10,529,347,876
2015-05-02,11,515,408,923
2015-05-02,12,590,438,1028
2015-05-02,13,606,468,1074
2015-05-02,14,554,587,1141
2015-05-02,15,600,558,1158
2015-05-02,16,562,519,1081
2015-05-02,17,526,441,967
2015-05-02,18,484,314,798
2015-05-02,19,425,235,660
2015-05-02,20,346,202,548
2015-05-02,21,265,149,414
2015-05-02,22,228,100,328
2015-05-02,23,161,60,221
2015-05-03,0,115,34,149
2015-05-03,1,191,39,230
2015-05-03,2,57,33,90
2015-05-03,3,16,20,36
2015-05-03,4,6,1,7
2015-05-03,5,7,6,13
2015-05-03,6,22,9,31
2015-05-03,7,74,31,105
2015-05-03,8,178,75,253
2015-05-03,9,308,195,503
2015-05-03,10,489,323,812
2015-05-03,11,556,445,1001
2015-05-03,12,568,493,1061
2015-05-03,13,578,485,1063
2015-05-03,14,609,513,1122
2015-05-03,15,589,507,1096
2015-05-03,16,605,395,1000
2015-05-03,17,513,383,896
2015-05-03,18,511,300,811
2015-05-03,19,430,251,681
2015-05-03,20,297,182,479
2015-05-03,21,189,138,327
2015-05-03,22,136,83,219
2015-05-03,23,76,45,121
2015-05-04,0,26,18,44
2015-05-04,1,15,12,27
2015-05-04,2,12,3,15
2015-05-04,3,10,3,13
2015-05-04,4,10,1,11
2015-05-04,5,68,6,74
2015-05-04,6,260,15,275
2015-05-04,7,750,41,791
2015-05-04,8,1028,86,1114
2015-05-04,9,407,109,516
2015-05-04,10,185,163,348
2015-05-04,11,266,195,461
2015-05-04,12,314,172,486
2015-05-04,13,331,161,492
2015-05-04,14,332,229,561
2015-05-04,15,338,202,540
2015-05-04,16,554,191,745
2015-05-04,17,1301,257,1558
2015-05-04,18,1264,243,1507
2015-05-04,19,707,158,865
2015-05-04,20,483,109,592
2015-05-04,21,375,115,490
2015-05-04,22,251,85,336
2015-05-04,23,96,35,131
2015-05-05,0,40,18,58
2015-05-05,1,17,11,28
2015-05-05,2,10,6,16
2015-05-05,3,6,4,10
2015-05-05,4,9,3,12
2015-05-05,5,78,8,86
2015-05-05,6,333,18,351
2015-05-05,7,924,39,963
2015-05-05,8,1192,55,1247
2015-05-05,9,458,94,552
2015-05-05,10,236,133,369
2015-05-05,11,322,133,455
2015-05-05,12,360,142,502
2015-05-05,13,346,131,477
2015-05-05,14,295,154,449
2015-05-05,15,351,156,507
2015-05-05,16,655,154,809
2015-05-05,17,1211,193,1404
2015-05-05,18,743,92,835
2015-05-05,19,577,70,647
2015-05-05,20,428,62,490
2015-05-05,21,310,52,362
2015-05-05,22,263,42,305
2015-05-05,23,151,15,166
2015-05-06,0,43,11,54
2015-05-06,1,21,3,24
2015-05-06,2,8,3,11
2015-05-06,3,2,0,2
2015-05-06,4,9,2,11
2015-05-06,5,78,1,79
2015-05-06,6,325,11,336
2015-05-06,7,883,33,916
2015-05-06,8,1168,51,1219
2015-05-06,9,483,59,542
2015-05-06,10,233,104,337
2015-05-06,11,273,147,420
2015-05-06,12,382,123,505
2015-05-06,13,364,117,481
2015-05-06,14,289,154,443
2015-05-06,15,387,185,572
2015-05-06,16,673,132,805
2015-05-06,17,1129,189,1318
2015-05-06,18,1151,159,1310
2015-05-06,19,603,113,716
2015-05-06,20,492,87,579
2015-05-06,21,291,62,353
2015-05-06,22,253,57,310
2015-05-06,23,124,22,146
2015-05-07,0,54,13,67
2015-05-07,1,21,27,48
2015-05-07,2,13,13,26
2015-05-07,3,7,1,8
2015-05-07,4,10,2,12
2015-05-07,5,67,3,70
2015-05-07,6,314,7,321
2015-05-07,7,855,42,897
2015-05-07,8,1188,63,1251
2015-05-07,9,458,74,532
2015-05-07,10,225,132,357
2015-05-07,11,292,144,436
2015-05-07,12,387,133,520
2015-05-07,13,372,154,526
2015-05-07,14,317,138,455
2015-05-07,15,396,173,569
2015-05-07,16,657,167,824
2015-05-07,17,1251,188,1439
2015-05-07,18,1197,192,1389
2015-05-07,19,751,157,908
2015-05-07,20,563,119,682
2015-05-07,21,396,67,463
2015-05-07,22,264,80,344
2015-05-07,23,136,42,178
2015-05-08,0,73,44,117
2015-05-08,1,35,23,58
2015-05-08,2,25,2,27
2015-05-08,4,7,1,8
2015-05-08,5,77,3,80
2015-05-08,6,258,14,272
2015-05-08,7,762,25,787
2015-05-08,8,1186,78,1264
2015-05-08,9,477,104,581
2015-05-08,10,301,184,485
2015-05-08,11,560,267,827
2015-05-08,12,507,182,689
2015-05-08,13,491,231,722
2015-05-08,14,398,248,646
2015-05-08,15,477,221,698
2015-05-08,16,670,220,890
2015-05-08,17,1168,280,1448
2015-05-08,18,1009,236,1245
2015-05-08,19,738,183,921
2015-05-08,20,426,131,557
2015-05-08,21,348,105,453
2015-05-08,22,283,96,379
2015-05-08,23,230,47,277
2015-05-09,0,131,38,169
2015-05-09,1,89,36,125
2015-05-09,2,48,13,61
2015-05-09,3,25,6,31
2015-05-09,4,12,2,14
2015-05-09,5,14,3,17
2015-05-09,6,35,11,46
2015-05-09,7,143,31,174
2015-05-09,8,256,90,346
2015-05-09,9,402,165,567
2015-05-09,10,634,262,896
2015-05-09,11,503,369,872
2015-05-09,12,591,423,1014
2015-05-09,13,570,569,1139
2015-05-09,14,588,520,1108
2015-05-09,15,602,485,1087
2015-05-09,16,527,434,961
2015-05-09,17,526,418,944
2015-05-09,18,454,367,821
2015-05-09,19,454,303,757
2015-05-09,20,400,237,637
2015-05-09,21,284,139,423
2015-05-09,22,242,126,368
2015-05-09,23,187,87,274
2015-05-10,0,169,91,260
2015-05-10,1,104,28,132
2015-05-10,2,76,20,96
2015-05-10,3,29,7,36
2015-05-10,4,11,1,12
2015-05-10,5,12,5,17
2015-05-10,6,27,8,35
2015-05-10,7,60,42,102
2015-05-10,8,137,83,220
2015-05-10,9,288,165,453
2015-05-10,10,405,310,715
2015-05-10,11,474,349,823
2015-05-10,12,541,429,970
2015-05-10,13,550,484,1034
2015-05-10,14,487,424,911
2015-05-10,15,510,480,990
2015-05-10,16,504,376,880
2015-05-10,17,502,365,867
2015-05-10,18,523,227,750
2015-05-10,19,329,236,565
2015-05-10,20,314,158,472
2015-05-10,21,219,98,317
2015-05-10,22,190,91,281
2015-05-10,23,94,68,162
2015-05-11,0,27,27,54
2015-05-11,1,7,2,9
2015-05-11,2,18,4,22
2015-05-11,3,1,0,1
2015-05-11,4,11,0,11
2015-05-11,5,56,1,57
2015-05-11,6,245,11,256
2015-05-11,7,775,43,818
2015-05-11,8,1254,97,1351
2015-05-11,9,541,188,729
2015-05-11,10,254,179,433
2015-05-11,11,225,188,413
2015-05-11,12,292,180,472
2015-05-11,13,300,212,512
2015-05-11,14,284,165,449
2015-05-11,15,345,172,517
2015-05-11,16,578,180,758
2015-05-11,17,1277,227,1504
2015-05-11,18,1164,172,1336
2015-05-11,19,737,146,883
2015-05-11,20,513,114,627
2015-05-11,21,364,106,470
2015-05-11,22,240,85,325
2015-05-11,23,101,31,132
2015-05-12,0,34,19,53
2015-05-12,1,17,9,26
2015-05-12,2,7,6,13
2015-05-12,3,2,0,2
2015-05-12,4,10,0,10
2015-05-12,5,75,5,80
2015-05-12,6,344,14,358
2015-05-12,7,910,34,944
2015-05-12,8,1184,74,1258
2015-05-12,9,434,101,535
2015-05-12,10,216,130,346
2015-05-12,11,238,183,421
2015-05-12,12,321,149,470
2015-05-12,13,306,151,457
2015-05-12,14,259,159,418
2015-05-12,15,315,158,473
2015-05-12,16,618,163,781
2015-05-12,17,1245,237,1482
2015-05-12,18,1170,173,1343
2015-05-12,19,767,172,939
2015-05-12,20,572,131,703
2015-05-12,21,410,90,500
2015-05-12,22,244,77,321
2015-05-12,23,104,30,134
2015-05-13,0,52,0,52
2015-05-13,1,12,0,12
2015-05-13,2,5,0,5
2015-05-13,3,5,0,5
2015-05-13,4,3,0,3
2015-05-13,5,85,3,88
2015-05-13,6,357,15,372
2015-05-13,7,888,36,924
2015-05-13,8,1177,71,1248
2015-05-13,9,489,72,561
2015-05-13,10,224,107,331
2015-05-13,11,291,117,408
2015-05-13,12,361,131,492
2015-05-13,13,372,130,502
2015-05-13,14,300,127,427
2015-05-13,15,362,141,503
2015-05-13,16,631,166,797
2015-05-13,17,1285,192,1477
2015-05-13,18,1174,142,1316
2015-05-13,19,800,125,925
2015-05-13,20,498,75,573
2015-05-13,21,295,67,362
2015-05-13,22,214,17,231
2015-05-13,23,137,29,166
2015-05-14,0,51,34,85
2015-05-14,1,18,32,50
2015-05-14,2,13,9,22
2015-05-14,3,4,0,4
2015-05-14,4,9,0,9
2015-05-14,5,68,3,71
2015-05-14,6,297,10,307
2015-05-14,7,868,41,909
2015-05-14,8,1203,66,1269
2015-05-14,9,466,73,539
2015-05-14,10,223,131,354
2015-05-14,11,263,167,430
2015-05-14,12,370,215,585
2015-05-14,13,374,184,558
2015-05-14,14,328,196,524
2015-05-14,15,416,217,633
2015-05-14,16,651,262,913
2015-05-14,17,1309,266,1575
2015-05-14,18,1176,210,1386
2015-05-14,19,706,156,862
2015-05-14,20,549,116,665
2015-05-14,21,324,69,393
2015-05-14,22,257,45,302
2015-05-14,23,128,44,172
2015-05-15,0,59,9,68
2015-05-15,1,35,6,41
2015-05-15,2,13,0,13
2015-05-15,3,1,1,2
2015-05-15,4,9,0,9
2015-05-15,5,77,5,82
2015-05-15,6,285,19,304
2015-05-15,7,895,71,966
2015-05-15,8,1326,107,1433
2015-05-15,9,501,114,615
2015-05-15,10,281,180,461
2015-05-15,11,315,225,540
2015-05-15,12,409,235,644
2015-05-15,13,450,334,784
2015-05-15,14,388,338,726
2015-05-15,15,473,260,733
2015-05-15,16,735,260,995
2015-05-15,17,1201,288,1489
2015-05-15,18,965,249,1214
2015-05-15,19,624,206,830
2015-05-15,20,453,140,593
2015-05-15,21,341,131,472
2015-05-15,22,262,120,382
2015-05-15,23,188,67,255
2015-05-16,0,142,28,170
2015-05-16,1,88,15,103
2015-05-16,2,77,8,85
2015-05-16,3,29,21,50
2015-05-16,4,14,3,17
2015-05-16,5,20,11,31
2015-05-16,6,31,23,54
2015-05-16,7,121,41,162
2015-05-16,8,251,97,348
2015-05-16,9,438,196,634
2015-05-16,10,500,321,821
2015-05-16,11,553,417,970
2015-05-16,12,624,512,1136
2015-05-16,13,567,495,1062
2015-05-16,14,580,508,1088
2015-05-16,15,559,473,1032
2015-05-16,16,569,463,1032
2015-05-16,17,505,380,885
2015-05-16,18,70,44,114
2015-05-16,19,205,86,291
2015-05-16,20,252,104,356
2015-05-16,21,222,67,289
2015-05-16,22,185,79,264
2015-05-16,23,152,62,214
2015-05-17,0,132,20,152
2015-05-17,1,91,29,120
2015-05-17,2,85,18,103
2015-05-17,3,39,14,53
2015-05-17,4,12,3,15
2015-05-17,5,12,9,21
2015-05-17,6,22,16,38
2015-05-17,7,109,36,145
2015-05-17,8,185,71,256
2015-05-17,9,256,124,380
2015-05-17,10,436,219,655
2015-05-17,11,525,267,792
2015-05-17,12,614,331,945
2015-05-17,13,535,362,897
2015-05-17,14,536,340,876
2015-05-17,15,520,362,882
2015-05-17,16,551,329,880
2015-05-17,17,500,345,845
2015-05-17,18,532,274,806
2015-05-17,19,426,255,681
2015-05-17,20,346,214,560
2015-05-17,21,249,143,392
2015-05-17,22,187,94,281
2015-05-17,23,76,91,167
2015-05-18,0,25,42,67
2015-05-18,1,21,10,31
2015-05-18,2,15,10,25
2015-05-18,3,2,0,2
2015-05-18,4,12,2,14
2015-05-18,5,76,6,82
2015-05-18,6,286,17,303
2015-05-18,7,797,51,848
2015-05-18,8,1053,84,1137
2015-05-18,9,452,95,547
2015-05-18,10,196,183,379
2015-05-18,11,252,221,473
2015-05-18,12,319,198,517
2015-05-18,13,326,151,477
2015-05-18,14,282,195,477
2015-05-18,15,359,208,567
2015-05-18,16,570,180,750
2015-05-18,17,711,157,868
2015-05-18,18,993,187,1180
2015-05-18,19,653,153,806
2015-05-18,20,345,101,446
2015-05-18,21,181,63,244
2015-05-18,22,129,38,167
2015-05-18,23,32,6,38
2015-05-19,0,18,8,26
2015-05-19,1,13,2,15
2015-05-19,2,6,5,11
2015-05-19,3,7,4,11
2015-05-19,4,6,2,8
2015-05-19,5,84,1,85
2015-05-19,6,321,11,332
2015-05-19,7,864,45,909
2015-05-19,8,1221,67,1288
2015-05-19,9,480,92,572
2015-05-19,10,210,116,326
2015-05-19,11,242,133,375
2015-05-19,12,330,175,505
2015-05-19,13,297,158,455
2015-05-19,14,279,143,422
2015-05-19,15,365,173,538
2015-05-19,16,594,163,757
2015-05-19,17,1264,198,1462
2015-05-19,18,1149,213,1362
2015-05-19,19,771,141,912
2015-05-19,20,520,140,660
2015-05-19,21,379,86,465
2015-05-19,22,330,64,394
2015-05-19,23,136,42,178
2015-05-20,0,68,9,77
2015-05-20,1,20,8,28
2015-05-20,2,11,4,15
2015-05-20,3,2,4,6
2015-05-20,4,6,1,7
2015-05-20,5,106,7,113
2015-05-20,6,355,25,380
2015-05-20,7,918,35,953
2015-05-20,8,1199,77,1276
2015-05-20,9,478,98,576
2015-05-20,10,244,167,411
2015-05-20,11,298,173,471
2015-05-20,12,358,211,569
2015-05-20,13,376,231,607
2015-05-20,14,338,195,533
2015-05-20,15,394,210,604
2015-05-20,16,661,185,846
2015-05-20,17,1335,207,1542
2015-05-20,18,1216,211,1427
2015-05-20,19,770,163,933
2015-05-20,20,521,111,632
2015-05-20,21,373,83,456
2015-05-20,22,285,68,353
2015-05-20,23,133,38,171
2015-05-21,0,37,12,49
2015-05-21,1,21,9,30
2015-05-21,2,6,5,11
2015-05-21,3,6,1,7
2015-05-21,4,10,0,10
2015-05-21,5,65,5,70
2015-05-21,6,283,10,293
2015-05-21,7,797,22,819
2015-05-21,8,705,22,727
2015-05-21,9,224,19,243
2015-05-21,10,72,19,91
2015-05-21,11,47,7,54
2015-05-21,12,73,4,77
2015-05-21,13,60,7,67
2015-05-21,14,65,12,77
2015-05-21,15,141,10,151
2015-05-21,16,419,40,459
2015-05-21,17,933,74,1007
2015-05-21,18,934,55,989
2015-05-21,19,534,60,594
2015-05-21,20,433,38,471
2015-05-21,21,287,49,336
2015-05-21,22,197,23,220
2015-05-21,23,117,14,131
2015-05-22,0,57,3,60
2015-05-22,1,14,2,16
2015-05-22,2,7,6,13
2015-05-22,3,7,0,7
2015-05-22,4,6,0,6
2015-05-22,5,69,5,74
2015-05-22,6,225,7,232
2015-05-22,7,647,22,669
2015-05-22,8,1050,72,1122
2015-05-22,9,486,135,621
2015-05-22,10,290,147,437
2015-05-22,11,328,210,538
2015-05-22,12,420,252,672
2015-05-22,13,462,272,734
2015-05-22,14,499,290,789
2015-05-22,15,683,277,960
2015-05-22,16,761,298,1059
2015-05-22,17,1040,299,1339
2015-05-22,18,762,265,1027
2015-05-22,19,535,231,766
2015-05-22,20,353,162,515
2015-05-22,21,274,113,387
2015-05-22,22,230,58,288
2015-05-22,23,143,57,200
2015-05-23,0,118,30,148
2015-05-23,1,77,32,109
2015-05-23,2,54,14,68
2015-05-23,3,18,12,30
2015-05-23,4,11,3,14
2015-05-23,5,11,1,12
2015-05-23,6,32,6,38
2015-05-23,7,74,12,86
2015-05-23,8,162,59,221
2015-05-23,9,286,132,418
2015-05-23,10,398,323,721
2015-05-23,11,491,448,939
2015-05-23,12,462,516,978
2015-05-23,13,515,627,1142
2015-05-23,14,518,719,1237
2015-05-23,15,457,659,1116
2015-05-23,16,415,641,1056
2015-05-23,17,447,641,1088
2015-05-23,18,393,536,929
2015-05-23,19,373,441,814
2015-05-23,20,257,319,576
2015-05-23,21,227,222,449
2015-05-23,22,146,151,297
2015-05-23,23,126,108,234
2015-05-24,0,98,64,162
2015-05-24,1,89,31,120
2015-05-24,2,37,20,57
2015-05-24,3,24,11,35
2015-05-24,4,12,4,16
2015-05-24,5,14,6,20
2015-05-24,6,17,11,28
2015-05-24,7,69,39,108
2015-05-24,8,124,102,226
2015-05-24,9,259,253,512
2015-05-24,10,344,429,773
2015-05-24,11,401,624,1025
2015-05-24,12,483,678,1161
2015-05-24,13,448,658,1106
2015-05-24,14,387,705,1092
2015-05-24,15,435,682,1117
2015-05-24,16,476,820,1296
2015-05-24,17,455,607,1062
2015-05-24,18,415,570,985
2015-05-24,19,364,489,853
2015-05-24,20,308,362,670
2015-05-24,21,228,292,520
2015-05-24,22,169,206,375
2015-05-24,23,136,124,260
2015-05-25,0,82,50,132
2015-05-25,1,54,35,89
2015-05-25,2,25,18,43
2015-05-25,3,19,3,22
2015-05-25,4,5,5,10
2015-05-25,5,18,16,34
2015-05-25,6,22,38,60
2015-05-25,7,80,41,121
2015-05-25,8,137,117,254
2015-05-25,9,236,271,507
2015-05-25,10,360,455,815
2015-05-25,11,474,557,1031
2015-05-25,12,519,557,1076
2015-05-25,13,506,643,1149
2015-05-25,14,499,494,993
2015-05-25,15,517,574,1091
2015-05-25,16,439,488,927
2015-05-25,17,462,366,828
2015-05-25,18,432,354,786
2015-05-25,19,435,273,708
2015-05-25,20,345,245,590
2015-05-25,21,253,146,399
2015-05-25,22,145,90,235
2015-05-25,23,75,34,109
2015-05-26,0,30,13,43
2015-05-26,1,11,4,15
2015-05-26,2,4,2,6
2015-05-26,3,3,1,4
2015-05-26,4,7,0,7
2015-05-26,5,80,3,83
2015-05-26,6,313,10,323
2015-05-26,7,772,48,820
2015-05-26,8,1009,64,1073
2015-05-26,9,421,114,535
2015-05-26,10,233,152,385
2015-05-26,11,222,164,386
2015-05-26,12,299,195,494
2015-05-26,13,276,175,451
2015-05-26,14,282,190,472
2015-05-26,15,302,171,473
2015-05-26,16,569,113,682
2015-05-26,17,1232,236,1468
2015-05-26,18,1128,167,1295
2015-05-26,19,726,163,889
2015-05-26,20,517,98,615
2015-05-26,21,354,72,426
2015-05-26,22,195,65,260
2015-05-26,23,106,43,149
2015-05-27,0,35,18,53
2015-05-27,1,14,15,29
2015-05-27,2,9,4,13
2015-05-27,3,4,6,10
2015-05-27,4,13,1,14
2015-05-27,5,93,8,101
2015-05-27,6,359,28,387
2015-05-27,7,887,38,925
2015-05-27,8,1214,53,1267
2015-05-27,9,494,71,565
2015-05-27,10,217,120,337
2015-05-27,11,276,114,390
2015-05-27,12,297,147,444
2015-05-27,13,275,116,391
2015-05-27,14,252,127,379
2015-05-27,15,321,110,431
2015-05-27,16,573,145,718
2015-05-27,17,1257,115,1372
2015-05-27,18,1187,114,1301
2015-05-27,19,764,104,868
2015-05-27,20,544,88,632
2015-05-27,21,340,72,412
2015-05-27,22,253,46,299
2015-05-27,23,121,16,137
2015-05-28,0,51,8,59
2015-05-28,1,17,7,24
2015-05-28,2,7,4,11
2015-05-28,3,3,2,5
2015-05-28,4,11,3,14
2015-05-28,5,76,2,78
2015-05-28,6,312,15,327
2015-05-28,7,884,37,921
2015-05-28,8,1155,66,1221
2015-05-28,9,491,69,560
2015-05-28,10,215,113,328
2015-05-28,11,249,145,394
2015-05-28,12,348,125,473
2015-05-28,13,310,156,466
2015-05-28,14,265,150,415
2015-05-28,15,345,174,519
2015-05-28,16,594,185,779
2015-05-28,17,1208,223,1431
2015-05-28,18,1072,141,1213
2015-05-28,19,669,151,820
2015-05-28,20,522,126,648
2015-05-28,21,372,102,474
2015-05-28,22,213,58,271
2015-05-28,23,149,38,187
2015-05-29,0,81,37,118
2015-05-29,1,42,14,56
2015-05-29,2,11,5,16
2015-05-29,3,7,3,10
2015-05-29,4,13,4,17
2015-05-29,5,85,0,85
2015-05-29,6,288,11,299
2015-05-29,7,811,24,835
2015-05-29,8,1062,70,1132
2015-05-29,9,503,89,592
2015-05-29,10,296,139,435
2015-05-29,11,295,136,431
2015-05-29,12,411,191,602
2015-05-29,13,369,194,563
2015-05-29,14,346,174,520
2015-05-29,15,395,199,594
2015-05-29,16,654,173,827
2015-05-29,17,1113,218,1331
2015-05-29,18,958,222,1180
2015-05-29,19,638,141,779
2015-05-29,20,433,108,541
2015-05-29,21,320,104,424
2015-05-29,22,282,93,375
2015-05-29,23,237,68,305
2015-05-30,0,170,48,218
2015-05-30,1,113,16,129
2015-05-30,2,71,13,84
2015-05-30,3,33,4,37
2015-05-30,4,9,4,13
2015-05-30,5,9,1,10
2015-05-30,6,50,11,61
2015-05-30,7,129,34,163
2015-05-30,8,247,98,345
2015-05-30,9,411,154,565
2015-05-30,10,550,348,898
2015-05-30,11,626,425,1051
2015-05-30,12,626,494,1120
2015-05-30,13,605,482,1087
2015-05-30,14,525,478,1003
2015-05-30,15,515,435,950
2015-05-30,16,478,402,880
2015-05-30,17,480,390,870
2015-05-30,18,462,347,809
2015-05-30,19,423,229,652
2015-05-30,20,344,239,583
2015-05-30,21,266,167,433
2015-05-30,22,263,145,408
2015-05-30,23,205,98,303
2015-05-31,0,169,61,230
2015-05-31,1,87,37,124
2015-05-31,2,79,21,100
2015-05-31,3,38,21,59
2015-05-31,4,6,3,9
2015-05-31,5,10,5,15
2015-05-31,6,26,7,33
2015-05-31,7,94,28,122
2015-05-31,8,177,94,271
2015-05-31,9,313,195,508
2015-05-31,10,460,233,693
2015-05-31,11,550,279,829
2015-05-31,12,557,366,923
2015-05-31,13,557,330,887
2015-05-31,14,478,353,831
2015-05-31,15,480,338,818
2015-05-31,16,554,330,884
2015-05-31,17,492,298,790
2015-05-31,18,502,292,794
2015-05-31,19,440,235,675
2015-05-31,20,348,229,577
2015-05-31,21,210,161,371
2015-05-31,22,160,74,234
2015-05-31,23,95,56,151
2015-06-01,0,41,44,85
2015-06-01,1,12,6,18
2015-06-01,2,9,4,13
2015-06-01,3,1,0,1
2015-06-01,4,5,1,6
2015-06-01,5,79,2,81
2015-06-01,6,278,15,293
2015-06-01,7,792,41,833
2015-06-01,8,957,43,1000
2015-06-01,9,389,92,481
2015-06-01,10,176,90,266
2015-06-01,11,207,176,383
2015-06-01,12,340,178,518
2015-06-01,13,295,136,431
2015-06-01,14,240,135,375
2015-06-01,15,312,164,476
2015-06-01,16,343,60,403
2015-06-01,17,736,118,854
2015-06-01,18,489,65,554
2015-06-01,19,380,56,436
2015-06-01,20,193,28,221
2015-06-01,21,179,15,194
2015-06-01,22,119,28,147
2015-06-01,23,36,1,37
2015-06-02,0,11,0,11
2015-06-02,1,4,0,4
2015-06-02,2,2,0,2
2015-06-02,3,3,0,3
2015-06-02,4,6,0,6
2015-06-02,5,76,3,79
2015-06-02,6,296,13,309
2015-06-02,7,780,13,793
2015-06-02,8,779,35,814
2015-06-02,9,257,22,279
2015-06-02,10,151,48,199
2015-06-02,11,183,73,256
2015-06-02,12,141,44,185
2015-06-02,13,189,52,241
2015-06-02,14,192,52,244
2015-06-02,15,310,93,403
2015-06-02,16,519,65,584
2015-06-02,17,1056,94,1150
2015-06-02,18,709,78,787
2015-06-02,19,541,51,592
2015-06-02,20,360,70,430
2015-06-02,21,299,40,339
2015-06-02,22,203,34,237
2015-06-02,23,87,21,108
2015-06-03,0,20,3,23
2015-06-03,1,8,5,13
2015-06-03,2,4,0,4
2015-06-03,3,2,1,3
2015-06-03,4,8,0,8
2015-06-03,5,84,2,86
2015-06-03,6,300,11,311
2015-06-03,7,787,29,816
2015-06-03,8,965,40,1005
2015-06-03,9,429,35,464
2015-06-03,10,205,45,250
2015-06-03,11,205,59,264
2015-06-03,12,330,59,389
2015-06-03,13,300,91,391
2015-06-03,14,251,90,341
2015-06-03,15,291,87,378
2015-06-03,16,559,110,669
2015-06-03,17,1179,95,1274
2015-06-03,18,1086,92,1178
2015-06-03,19,645,100,745
2015-06-03,20,452,46,498
2015-06-03,21,353,54,407
2015-06-03,22,190,55,245
2015-06-03,23,108,12,120
2015-06-04,0,51,11,62
2015-06-04,1,12,5,17
2015-06-04,2,6,0,6
2015-06-04,3,4,0,4
2015-06-04,4,7,0,7
2015-06-04,5,78,4,82
2015-06-04,6,164,9,173
2015-06-04,7,548,26,574
2015-06-04,8,1084,35,1119
2015-06-04,9,400,24,424
2015-06-04,10,209,65,274
2015-06-04,11,248,74,322
2015-06-04,12,308,84,392
2015-06-04,13,301,100,401
2015-06-04,14,222,125,347
2015-06-04,15,255,73,328
2015-06-04,16,364,64,428
2015-06-04,17,256,47,303
2015-06-04,18,163,13,176
2015-06-04,19,199,19,218
2015-06-04,20,201,21,222
2015-06-04,21,201,21,222
2015-06-04,22,138,22,160
2015-06-04,23,94,5,99
2015-06-05,0,54,13,67
2015-06-05,1,24,2,26
2015-06-05,2,12,1,13
2015-06-05,3,3,2,5
2015-06-05,4,9,0,9
2015-06-05,5,57,2,59
2015-06-05,6,158,5,163
2015-06-05,7,577,16,593
2015-06-05,8,867,42,909
2015-06-05,9,474,43,517
2015-06-05,10,229,121,350
2015-06-05,11,268,111,379
2015-06-05,12,384,155,539
2015-06-05,13,366,157,523
2015-06-05,14,371,213,584
2015-06-05,15,455,193,648
2015-06-05,16,653,192,845
2015-06-05,17,1235,207,1442
2015-06-05,18,1011,149,1160
2015-06-05,19,585,111,696
2015-06-05,20,388,93,481
2015-06-05,21,321,103,424
2015-06-05,22,310,74,384
2015-06-05,23,197,69,266
2015-06-06,0,145,39,184
2015-06-06,1,97,9,106
2015-06-06,2,64,9,73
2015-06-06,3,21,3,24
2015-06-06,4,4,1,5
2015-06-06,5,7,2,9
2015-06-06,6,27,8,35
2015-06-06,7,128,22,150
2015-06-06,8,279,65,344
2015-06-06,9,433,125,558
2015-06-06,10,505,211,716
2015-06-06,11,610,389,999
2015-06-06,12,604,408,1012
2015-06-06,13,589,408,997
2015-06-06,14,562,402,964
2015-06-06,15,592,459,1051
2015-06-06,16,569,451,1020
2015-06-06,17,623,354,977
2015-06-06,18,504,333,837
2015-06-06,19,469,285,754
2015-06-06,20,388,229,617
2015-06-06,21,337,171,508
2015-06-06,22,239,184,423
2015-06-06,23,215,107,322
2015-06-07,0,189,53,242
2015-06-07,1,123,33,156
2015-06-07,2,79,23,102
2015-06-07,3,35,21,56
2015-06-07,4,9,14,23
2015-06-07,5,13,6,19
2015-06-07,6,23,5,28
2015-06-07,7,82,38,120
2015-06-07,8,168,93,261
2015-06-07,9,295,126,421
2015-06-07,10,409,262,671
2015-06-07,11,487,348,835
2015-06-07,12,534,415,949
2015-06-07,13,600,450,1050
2015-06-07,14,602,433,1035
2015-06-07,15,642,422,1064
2015-06-07,16,582,417,999
2015-06-07,17,511,355,866
2015-06-07,18,471,327,798
2015-06-07,19,487,229,716
2015-06-07,20,365,225,590
2015-06-07,21,196,123,319
2015-06-07,22,142,70,212
2015-06-07,23,88,55,143
2015-06-08,0,26,23,49
2015-06-08,1,8,2,10
2015-06-08,2,16,1,17
2015-06-08,3,6,0,6
2015-06-08,4,5,0,5
2015-06-08,5,83,3,86
2015-06-08,6,301,21,322
2015-06-08,7,839,33,872
2015-06-08,8,1108,68,1176
2015-06-08,9,433,81,514
2015-06-08,10,268,161,429
2015-06-08,11,258,178,436
2015-06-08,12,293,150,443
2015-06-08,13,319,172,491
2015-06-08,14,232,190,422
2015-06-08,15,302,159,461
2015-06-08,16,632,163,795
2015-06-08,17,801,104,905
2015-06-08,18,939,131,1070
2015-06-08,19,720,115,835
2015-06-08,20,211,27,238
2015-06-08,21,190,37,227
2015-06-08,22,90,12,102
2015-06-08,23,49,7,56
2015-06-09,0,32,12,44
2015-06-09,1,8,7,15
2015-06-09,2,2,0,2
2015-06-09,3,2,1,3
2015-06-09,4,8,0,8
2015-06-09,5,105,3,108
2015-06-09,6,301,11,312
2015-06-09,7,891,22,913
2015-06-09,8,1193,52,1245
2015-06-09,9,433,50,483
2015-06-09,10,223,110,333
2015-06-09,11,240,129,369
2015-06-09,12,314,118,432
2015-06-09,13,322,131,453
2015-06-09,14,255,154,409
2015-06-09,15,373,155,528
2015-06-09,16,606,147,753
2015-06-09,17,1249,190,1439
2015-06-09,18,1237,168,1405
2015-06-09,19,789,130,919
2015-06-09,20,595,110,705
2015-06-09,21,395,65,460
2015-06-09,22,228,63,291
2015-06-09,23,115,28,143
2015-06-10,0,59,11,70
2015-06-10,1,12,4,16
2015-06-10,2,2,4,6
2015-06-10,3,4,0,4
2015-06-10,4,7,1,8
2015-06-10,5,93,2,95
2015-06-10,6,372,14,386
2015-06-10,7,901,28,929
2015-06-10,8,1174,61,1235
2015-06-10,9,462,75,537
2015-06-10,10,199,58,257
2015-06-10,11,283,40,323
2015-06-10,12,358,56,414
2015-06-10,13,320,92,412
2015-06-10,14,302,97,399
2015-06-10,15,349,114,463
2015-06-10,16,551,118,669
2015-06-10,17,1239,185,1424
2015-06-10,18,1128,154,1282
2015-06-10,19,786,172,958
2015-06-10,20,594,123,717
2015-06-10,21,413,89,502
2015-06-10,22,268,57,325
2015-06-10,23,142,17,159
2015-06-11,0,56,26,82
2015-06-11,1,18,23,41
2015-06-11,2,13,9,22
2015-06-11,3,5,4,9
2015-06-11,4,5,3,8
2015-06-11,5,93,4,97
2015-06-11,6,314,18,332
2015-06-11,7,855,37,892
2015-06-11,8,1161,77,1238
2015-06-11,9,480,78,558
2015-06-11,10,214,89,303
2015-06-11,11,255,113,368
2015-06-11,12,306,158,464
2015-06-11,13,309,142,451
2015-06-11,14,243,145,388
2015-06-11,15,335,136,471
2015-06-11,16,585,140,725
2015-06-11,17,1107,136,1243
2015-06-11,18,1178,154,1332
2015-06-11,19,742,184,926
2015-06-11,20,620,138,758
2015-06-11,21,455,137,592
2015-06-11,22,294,57,351
2015-06-11,23,178,25,203
2015-06-12,0,81,21,102
2015-06-12,1,41,10,51
2015-06-12,2,20,6,26
2015-06-12,3,5,2,7
2015-06-12,4,7,0,7
2015-06-12,5,82,3,85
2015-06-12,6,260,16,276
2015-06-12,7,738,37,775
2015-06-12,8,1018,69,1087
2015-06-12,9,510,106,616
2015-06-12,10,236,128,364
2015-06-12,11,296,141,437
2015-06-12,12,354,158,512
2015-06-12,13,365,149,514
2015-06-12,14,304,133,437
2015-06-12,15,391,154,545
2015-06-12,16,604,171,775
2015-06-12,17,980,163,1143
2015-06-12,18,720,159,879
2015-06-12,19,553,103,656
2015-06-12,20,416,120,536
2015-06-12,21,301,98,399
2015-06-12,22,293,88,381
2015-06-12,23,188,74,262
2015-06-13,0,175,59,234
2015-06-13,1,112,25,137
2015-06-13,2,66,14,80
2015-06-13,3,33,7,40
2015-06-13,4,12,8,20
2015-06-13,5,16,3,19
2015-06-13,6,85,14,99
2015-06-13,7,130,29,159
2015-06-13,8,273,86,359
2015-06-13,9,444,162,606
2015-06-13,10,513,240,753
2015-06-13,11,520,368,888
2015-06-13,12,606,298,904
2015-06-13,13,565,364,929
2015-06-13,14,474,372,846
2015-06-13,15,530,456,986
2015-06-13,16,404,353,757
2015-06-13,17,403,346,749
2015-06-13,18,432,321,753
2015-06-13,19,419,317,736
2015-06-13,20,403,207,610
2015-06-13,21,297,153,450
2015-06-13,22,217,127,344
2015-06-13,23,203,107,310
2015-06-14,0,185,52,237
2015-06-14,1,122,24,146
2015-06-14,2,79,29,108
2015-06-14,3,51,14,65
2015-06-14,4,16,3,19
2015-06-14,5,13,3,16
2015-06-14,6,24,11,35
2015-06-14,7,73,30,103
2015-06-14,8,168,76,244
2015-06-14,9,307,197,504
2015-06-14,10,435,287,722
2015-06-14,11,556,289,845
2015-06-14,12,596,360,956
2015-06-14,13,526,333,859
2015-06-14,14,548,301,849
2015-06-14,15,519,327,846
2015-06-14,16,459,249,708
2015-06-14,17,158,90,248
2015-06-14,18,275,126,401
2015-06-14,19,343,161,504
2015-06-14,20,329,144,473
2015-06-14,21,182,81,263
2015-06-14,22,181,55,236
2015-06-14,23,105,23,128
2015-06-15,0,34,24,58
2015-06-15,1,13,2,15
2015-06-15,2,9,2,11
2015-06-15,3,4,2,6
2015-06-15,4,10,1,11
2015-06-15,5,78,5,83
2015-06-15,6,261,9,270
2015-06-15,7,749,25,774
2015-06-15,8,894,53,947
2015-06-15,9,440,70,510
2015-06-15,10,174,136,310
2015-06-15,11,214,159,373
2015-06-15,12,318,187,505
2015-06-15,13,320,157,477
2015-06-15,14,207,175,382
2015-06-15,15,324,169,493
2015-06-15,16,548,196,744
2015-06-15,17,1058,147,1205
2015-06-15,18,698,85,783
2015-06-15,19,634,90,724
2015-06-15,20,486,84,570
2015-06-15,21,306,71,377
2015-06-15,22,184,35,219
2015-06-15,23,105,35,140
2015-06-16,0,32,10,42
2015-06-16,1,14,2,16
2015-06-16,2,9,2,11
2015-06-16,3,5,0,5
2015-06-16,4,8,1,9
2015-06-16,5,102,6,108
2015-06-16,6,317,8,325
2015-06-16,7,898,42,940
2015-06-16,8,1149,55,1204
2015-06-16,9,430,72,502
2015-06-16,10,204,90,294
2015-06-16,11,241,115,356
2015-06-16,12,296,134,430
2015-06-16,13,311,109,420
2015-06-16,14,253,162,415
2015-06-16,15,325,144,469
2015-06-16,16,604,175,779
2015-06-16,17,1204,148,1352
2015-06-16,18,1137,162,1299
2015-06-16,19,785,134,919
2015-06-16,20,571,118,689
2015-06-16,21,369,84,453
2015-06-16,22,263,51,314
2015-06-16,23,107,42,149
2015-06-17,0,68,23,91
2015-06-17,1,15,2,17
2015-06-17,2,6,5,11
2015-06-17,3,0,1,1
2015-06-17,4,10,1,11
2015-06-17,5,101,6,107
2015-06-17,6,344,26,370
2015-06-17,7,845,40,885
2015-06-17,8,1138,70,1208
2015-06-17,9,457,77,534
2015-06-17,10,186,113,299
2015-06-17,11,251,143,394
2015-06-17,12,369,124,493
2015-06-17,13,316,132,448
2015-06-17,14,256,122,378
2015-06-17,15,290,127,417
2015-06-17,16,605,136,741
2015-06-17,17,1166,173,1339
2015-06-17,18,1171,161,1332
2015-06-17,19,678,157,835
2015-06-17,20,490,92,582
2015-06-17,21,191,46,237
2015-06-17,22,289,44,333
2015-06-17,23,96,16,112
2015-06-18,0,18,4,22
2015-06-18,1,21,0,21
2015-06-18,2,7,0,7
2015-06-18,3,4,1,5
2015-06-18,4,14,0,14
2015-06-18,5,81,7,88
2015-06-18,6,282,19,301
2015-06-18,7,822,29,851
2015-06-18,8,1214,42,1256
2015-06-18,9,510,72,582
2015-06-18,10,203,85,288
2015-06-18,11,250,132,382
2015-06-18,12,297,133,430
2015-06-18,13,351,137,488
2015-06-18,14,254,125,379
2015-06-18,15,347,136,483
2015-06-18,16,403,109,512
2015-06-18,17,484,62,546
2015-06-18,18,984,114,1098
2015-06-18,19,716,121,837
2015-06-18,20,408,79,487
2015-06-18,21,337,56,393
2015-06-18,22,306,42,348
2015-06-18,23,152,25,177
2015-06-19,0,68,17,85
2015-06-19,1,17,7,24
2015-06-19,2,7,4,11
2015-06-19,3,1,1,2
2015-06-19,4,6,2,8
2015-06-19,5,70,7,77
2015-06-19,6,250,16,266
2015-06-19,7,732,41,773
2015-06-19,8,1071,64,1135
2015-06-19,9,491,100,591
2015-06-19,10,260,141,401
2015-06-19,11,283,135,418
2015-06-19,12,408,187,595
2015-06-19,13,360,178,538
2015-06-19,14,364,143,507
2015-06-19,15,426,212,638
2015-06-19,16,686,181,867
2015-06-19,17,1128,205,1333
2015-06-19,18,1005,209,1214
2015-06-19,19,723,202,925
2015-06-19,20,439,156,595
2015-06-19,21,276,86,362
2015-06-19,22,295,102,397
2015-06-19,23,195,67,262
2015-06-20,0,168,77,245
2015-06-20,1,105,23,128
2015-06-20,2,77,15,92
2015-06-20,3,25,16,41
2015-06-20,4,9,6,15
2015-06-20,5,12,4,16
2015-06-20,6,37,13,50
2015-06-20,7,127,30,157
2015-06-20,8,226,79,305
2015-06-20,9,350,168,518
2015-06-20,10,454,213,667
2015-06-20,11,548,280,828
2015-06-20,12,514,372,886
2015-06-20,13,582,365,947
2015-06-20,14,529,378,907
2015-06-20,15,495,314,809
2015-06-20,16,479,335,814
2015-06-20,17,449,342,791
2015-06-20,18,415,249,664
2015-06-20,19,139,120,259
2015-06-20,20,41,35,76
2015-06-20,21,22,1,23
2015-06-20,22,14,6,20
2015-06-20,23,53,7,60
2015-06-21,0,84,15,99
2015-06-21,1,56,34,90
2015-06-21,2,55,4,59
2015-06-21,3,15,7,22
2015-06-21,4,7,7,14
2015-06-21,5,12,7,19
2015-06-21,6,16,8,24
2015-06-21,7,53,21,74
2015-06-21,8,186,64,250
2015-06-21,9,310,167,477
2015-06-21,10,472,213,685
2015-06-21,11,537,307,844
2015-06-21,12,568,346,914
2015-06-21,13,548,330,878
2015-06-21,14,489,317,806
2015-06-21,15,480,72,552
2015-06-21,16,524,26,550
2015-06-21,17,479,15,494
2015-06-21,18,436,8,444
2015-06-21,19,388,12,400
2015-06-21,20,312,83,395
2015-06-21,21,244,78,322
2015-06-21,22,162,72,234
2015-06-21,23,87,51,138
2015-06-22,0,33,28,61
2015-06-22,1,8,9,17
2015-06-22,2,6,10,16
2015-06-22,3,8,5,13
2015-06-22,4,8,4,12
2015-06-22,5,85,4,89
2015-06-22,6,277,12,289
2015-06-22,7,795,25,820
2015-06-22,8,972,72,1044
2015-06-22,9,449,83,532
2015-06-22,10,199,118,317
2015-06-22,11,242,176,418
2015-06-22,12,311,203,514
2015-06-22,13,252,114,366
2015-06-22,14,222,129,351
2015-06-22,15,296,162,458
2015-06-22,16,518,145,663
2015-06-22,17,1224,164,1388
2015-06-22,18,1107,168,1275
2015-06-22,19,768,195,963
2015-06-22,20,563,133,696
2015-06-22,21,380,106,486
2015-06-22,22,250,77,327
2015-06-22,23,99,49,148
2015-06-23,0,29,13,42
2015-06-23,1,16,13,29
2015-06-23,2,5,4,9
2015-06-23,3,4,0,4
2015-06-23,4,11,2,13
2015-06-23,5,91,9,100
2015-06-23,6,346,17,363
2015-06-23,7,843,39,882
2015-06-23,8,1072,66,1138
2015-06-23,9,461,101,562
2015-06-23,10,175,101,276
2015-06-23,11,215,86,301
2015-06-23,12,267,93,360
2015-06-23,13,259,76,335
2015-06-23,14,239,80,319
2015-06-23,15,300,85,385
2015-06-23,16,543,111,654
2015-06-23,17,1137,130,1267
2015-06-23,18,960,86,1046
2015-06-23,19,88,6,94
2015-06-23,20,302,48,350
2015-06-23,21,234,42,276
2015-06-23,22,193,44,237
2015-06-23,23,114,34,148
2015-06-24,0,50,10,60
2015-06-24,1,16,5,21
2015-06-24,2,10,8,18
2015-06-24,3,4,1,5
2015-06-24,4,12,0,12
2015-06-24,5,95,8,103
2015-06-24,6,348,18,366
2015-06-24,7,903,35,938
2015-06-24,8,1102,44,1146
2015-06-24,9,429,59,488
2015-06-24,10,226,100,326
2015-06-24,11,274,138,412
2015-06-24,12,351,169,520
2015-06-24,13,326,150,476
2015-06-24,14,318,146,464
2015-06-24,15,329,163,492
2015-06-24,16,594,178,772
2015-06-24,17,1386,172,1558
2015-06-24,18,1245,185,1430
2015-06-24,19,814,204,1018
2015-06-24,20,638,154,792
2015-06-24,21,396,129,525
2015-06-24,22,354,81,435
2015-06-24,23,158,55,213
2015-06-25,0,66,19,85
2015-06-25,1,25,13,38
2015-06-25,2,6,6,12
2015-06-25,3,2,4,6
2015-06-25,4,9,5,14
2015-06-25,5,75,11,86
2015-06-25,6,339,16,355
2015-06-25,7,868,29,897
2015-06-25,8,1093,89,1182
2015-06-25,9,444,90,534
2015-06-25,10,220,127,347
2015-06-25,11,236,183,419
2015-06-25,12,346,171,517
2015-06-25,13,330,166,496
2015-06-25,14,294,154,448
2015-06-25,15,384,182,566
2015-06-25,16,600,143,743
2015-06-25,17,1137,169,1306
2015-06-25,18,1006,163,1169
2015-06-25,19,675,136,811
2015-06-25,20,436,105,541
2015-06-25,21,187,73,260
2015-06-25,22,143,37,180
2015-06-25,23,111,8,119
2015-06-26,0,57,4,61
2015-06-26,1,23,0,23
2015-06-26,2,10,1,11
2015-06-26,3,6,5,11
2015-06-26,4,2,0,2
2015-06-26,5,71,15,86
2015-06-26,6,277,15,292
2015-06-26,7,679,38,717
2015-06-26,8,1119,72,1191
2015-06-26,9,468,118,586
2015-06-26,10,305,154,459
2015-06-26,11,319,217,536
2015-06-26,12,390,200,590
2015-06-26,13,397,227,624
2015-06-26,14,348,281,629
2015-06-26,15,498,227,725
2015-06-26,16,715,262,977
2015-06-26,17,1164,238,1402
2015-06-26,18,954,255,1209
2015-06-26,19,702,153,855
2015-06-26,20,464,136,600
2015-06-26,21,445,129,574
2015-06-26,22,373,122,495
2015-06-26,23,293,94,387
2015-06-27,0,269,57,326
2015-06-27,1,136,37,173
2015-06-27,2,103,25,128
2015-06-27,3,17,10,27
2015-06-27,4,9,2,11
2015-06-27,5,9,0,9
2015-06-27,6,10,0,10
2015-06-27,7,29,6,35
2015-06-27,8,36,4,40
2015-06-27,9,83,5,88
2015-06-27,10,148,22,170
2015-06-27,11,214,48,262
2015-06-27,12,215,75,290
2015-06-27,13,134,48,182
2015-06-27,14,60,35,95
2015-06-27,15,43,11,54
2015-06-27,16,85,24,109
2015-06-27,17,192,66,258
2015-06-27,18,232,84,316
2015-06-27,19,241,51,292
2015-06-27,20,119,28,147
2015-06-27,21,44,5,49
2015-06-27,22,91,16,107
2015-06-27,23,103,24,127
2015-06-28,0,87,16,103
2015-06-28,1,69,14,83
2015-06-28,2,36,3,39
2015-06-28,3,28,10,38
2015-06-28,4,6,3,9
2015-06-28,5,11,0,11
2015-06-28,6,15,21,36
2015-06-28,7,67,21,88
2015-06-28,8,168,36,204
2015-06-28,9,305,126,431
2015-06-28,10,459,269,728
2015-06-28,11,592,357,949
2015-06-28,12,616,413,1029
2015-06-28,13,616,446,1062
2015-06-28,14,587,448,1035
2015-06-28,15,655,423,1078
2015-06-28,16,637,421,1058
2015-06-28,17,551,323,874
2015-06-28,18,519,273,792
2015-06-28,19,478,221,699
2015-06-28,20,353,166,519
2015-06-28,21,265,134,399
2015-06-28,22,148,87,235
2015-06-28,23,80,42,122
2015-06-29,0,48,17,65
2015-06-29,1,14,8,22
2015-06-29,2,7,3,10
2015-06-29,3,8,0,8
2015-06-29,4,12,2,14
2015-06-29,5,81,7,88
2015-06-29,6,308,11,319
2015-06-29,7,780,35,815
2015-06-29,8,962,66,1028
2015-06-29,9,387,96,483
2015-06-29,10,190,166,356
2015-06-29,11,253,164,417
2015-06-29,12,365,194,559
2015-06-29,13,323,229,552
2015-06-29,14,296,240,536
2015-06-29,15,331,229,560
2015-06-29,16,549,219,768
2015-06-29,17,1356,262,1618
2015-06-29,18,1167,222,1389
2015-06-29,19,817,193,1010
2015-06-29,20,557,139,696
2015-06-29,21,334,100,434
2015-06-29,22,254,72,326
2015-06-29,23,93,39,132
2015-06-30,0,34,18,52
2015-06-30,1,12,4,16
2015-06-30,2,9,8,17
2015-06-30,3,6,0,6
2015-06-30,4,9,1,10
2015-06-30,5,102,1,103
2015-06-30,6,334,11,345
2015-06-30,7,852,40,892
2015-06-30,8,1161,59,1220
2015-06-30,9,406,66,472
2015-06-30,10,196,79,275
2015-06-30,11,247,108,355
2015-06-30,12,336,161,497
2015-06-30,13,316,152,468
2015-06-30,14,295,161,456
2015-06-30,15,327,158,485
2015-06-30,16,586,196,782
2015-06-30,17,1304,228,1532
2015-06-30,18,1188,185,1373
2015-06-30,19,728,173,901
2015-06-30,20,514,126,640
2015-06-30,21,481,96,577
2015-06-30,22,285,74,359
2015-06-30,23,116,31,147
2015-07-01,0,44,16,60
2015-07-01,1,1,2,3
2015-07-01,2,5,3,8
2015-07-01,3,2,1,3
2015-07-01,4,8,1,9
2015-07-01,5,70,2,72
2015-07-01,6,287,11,298
2015-07-01,7,784,41,825
2015-07-01,8,1103,54,1157
2015-07-01,9,490,92,582
2015-07-01,10,201,109,310
2015-07-01,11,255,185,440
2015-07-01,12,342,169,511
2015-07-01,13,330,185,515
2015-07-01,14,254,229,483
2015-07-01,15,311,241,552
2015-07-01,16,580,214,794
2015-07-01,17,1126,215,1341
2015-07-01,18,836,87,923
2015-07-01,19,677,147,824
2015-07-01,20,476,157,633
2015-07-01,21,364,67,431
2015-07-01,22,234,44,278
2015-07-01,23,135,36,171
2015-07-02,0,56,22,78
2015-07-02,1,17,9,26
2015-07-02,2,6,1,7
2015-07-02,3,5,0,5
2015-07-02,4,6,0,6
2015-07-02,5,74,3,77
2015-07-02,6,108,5,113
2015-07-02,7,382,25,407
2015-07-02,8,916,43,959
2015-07-02,9,477,71,548
2015-07-02,10,229,77,306
2015-07-02,11,275,128,403
2015-07-02,12,384,138,522
2015-07-02,13,410,214,624
2015-07-02,14,484,205,689
2015-07-02,15,640,225,865
2015-07-02,16,750,198,948
2015-07-02,17,862,222,1084
2015-07-02,18,845,199,1044
2015-07-02,19,540,199,739
2015-07-02,20,452,168,620
2015-07-02,21,337,135,472
2015-07-02,22,282,107,389
2015-07-02,23,232,94,326
2015-07-03,0,123,49,172
2015-07-03,1,92,25,117
2015-07-03,2,72,26,98
2015-07-03,3,20,8,28
2015-07-03,4,9,2,11
2015-07-03,5,30,9,39
2015-07-03,6,55,10,65
2015-07-03,7,107,20,127
2015-07-03,8,210,64,274
2015-07-03,9,316,164,480
2015-07-03,10,417,349,766
2015-07-03,11,510,437,947
2015-07-03,12,511,580,1091
2015-07-03,13,536,654,1190
2015-07-03,14,494,767,1261
2015-07-03,15,512,665,1177
2015-07-03,16,535,686,1221
2015-07-03,17,478,604,1082
2015-07-03,18,402,427,829
2015-07-03,19,212,290,502
2015-07-03,20,229,229,458
2015-07-03,21,213,147,360
2015-07-03,22,124,138,262
2015-07-03,23,155,79,234
2015-07-04,0,94,94,188
2015-07-04,1,93,33,126
2015-07-04,2,64,22,86
2015-07-04,3,34,19,53
2015-07-04,4,4,22,26
2015-07-04,5,15,7,22
2015-07-04,6,28,17,45
2015-07-04,7,61,25,86
2015-07-04,8,157,77,234
2015-07-04,9,71,41,112
2015-07-04,10,144,86,230
2015-07-04,11,286,308,594
2015-07-04,12,349,413,762
2015-07-04,13,362,597,959
2015-07-04,14,426,690,1116
2015-07-04,15,423,779,1202
2015-07-04,16,126,186,312
2015-07-04,17,187,284,471
2015-07-04,18,246,446,692
2015-07-04,19,280,435,715
2015-07-04,20,291,376,667
2015-07-04,21,343,366,709
2015-07-04,22,257,304,561
2015-07-04,23,192,128,320
2015-07-05,0,173,145,318
2015-07-05,1,84,50,134
2015-07-05,2,60,46,106
2015-07-05,3,32,27,59
2015-07-05,4,14,26,40
2015-07-05,5,14,16,30
2015-07-05,6,23,13,36
2015-07-05,7,52,24,76
2015-07-05,8,127,110,237
2015-07-05,9,225,198,423
2015-07-05,10,352,364,716
2015-07-05,11,454,525,979
2015-07-05,12,454,587,1041
2015-07-05,13,502,580,1082
2015-07-05,14,390,586,976
2015-07-05,15,450,491,941
2015-07-05,16,502,558,1060
2015-07-05,17,454,494,948
2015-07-05,18,502,366,868
2015-07-05,19,336,272,608
2015-07-05,20,244,229,473
2015-07-05,21,302,202,504
2015-07-05,22,148,178,326
2015-07-05,23,94,124,218
2015-07-06,0,30,48,78
2015-07-06,1,20,23,43
2015-07-06,2,5,6,11
2015-07-06,3,4,10,14
2015-07-06,4,7,6,13
2015-07-06,5,69,2,71
2015-07-06,6,216,10,226
2015-07-06,7,639,31,670
2015-07-06,8,926,51,977
2015-07-06,9,426,100,526
2015-07-06,10,177,171,348
2015-07-06,11,253,189,442
2015-07-06,12,298,177,475
2015-07-06,13,327,235,562
2015-07-06,14,266,248,514
2015-07-06,15,364,190,554
2015-07-06,16,548,216,764
2015-07-06,17,1046,215,1261
2015-07-06,18,1003,157,1160
2015-07-06,19,646,129,775
2015-07-06,20,445,139,584
2015-07-06,21,295,152,447
2015-07-06,22,187,65,252
2015-07-06,23,91,44,135
2015-07-07,0,37,23,60
2015-07-07,1,19,10,29
2015-07-07,2,8,1,9
2015-07-07,3,4,1,5
2015-07-07,4,10,0,10
2015-07-07,5,92,5,97
2015-07-07,6,333,10,343
2015-07-07,7,864,33,897
2015-07-07,8,1138,62,1200
2015-07-07,9,462,99,561
2015-07-07,10,226,143,369
2015-07-07,11,240,129,369
2015-07-07,12,337,179,516
2015-07-07,13,306,118,424
2015-07-07,14,233,175,408
2015-07-07,15,340,211,551
2015-07-07,16,578,168,746
2015-07-07,17,1288,244,1532
2015-07-07,18,1120,208,1328
2015-07-07,19,758,164,922
2015-07-07,20,585,162,747
2015-07-07,21,455,118,573
2015-07-07,22,273,94,367
2015-07-07,23,124,36,160
2015-07-08,0,50,7,57
2015-07-08,1,22,5,27
2015-07-08,2,14,2,16
2015-07-08,3,4,0,4
2015-07-08,4,16,0,16
2015-07-08,5,102,1,103
2015-07-08,6,330,11,341
2015-07-08,7,863,30,893
2015-07-08,8,1164,51,1215
2015-07-08,9,483,101,584
2015-07-08,10,227,146,373
2015-07-08,11,249,149,398
2015-07-08,12,303,134,437
2015-07-08,13,333,153,486
2015-07-08,14,242,165,407
2015-07-08,15,232,140,372
2015-07-08,16,433,122,555
2015-07-08,17,655,93,748
2015-07-08,18,468,68,536
2015-07-08,19,617,98,715
2015-07-08,20,444,78,522
2015-07-08,21,272,57,329
2015-07-08,22,174,50,224
2015-07-08,23,115,22,137
2015-07-09,0,48,6,54
2015-07-09,1,18,23,41
2015-07-09,2,5,4,9
2015-07-09,3,5,0,5
2015-07-09,4,6,0,6
2015-07-09,5,88,6,94
2015-07-09,6,312,13,325
2015-07-09,7,885,25,910
2015-07-09,8,1109,47,1156
2015-07-09,9,460,96,556
2015-07-09,10,211,110,321
2015-07-09,11,222,163,385
2015-07-09,12,296,155,451
2015-07-09,13,319,152,471
2015-07-09,14,262,156,418
2015-07-09,15,290,166,456
2015-07-09,16,588,131,719
2015-07-09,17,1187,146,1333
2015-07-09,18,916,126,1042
2015-07-09,19,607,117,724
2015-07-09,20,548,103,651
2015-07-09,21,390,78,468
2015-07-09,22,240,60,300
2015-07-09,23,117,33,150
2015-07-10,0,72,29,101
2015-07-10,1,30,17,47
2015-07-10,2,22,6,28
2015-07-10,3,10,1,11
2015-07-10,4,7,0,7
2015-07-10,5,91,6,97
2015-07-10,6,292,23,315
2015-07-10,7,720,50,770
2015-07-10,8,1103,71,1174
2015-07-10,9,493,112,605
2015-07-10,10,249,131,380
2015-07-10,11,270,177,447
2015-07-10,12,407,194,601
2015-07-10,13,415,210,625
2015-07-10,14,334,231,565
2015-07-10,15,426,272,698
2015-07-10,16,673,233,906
2015-07-10,17,1137,243,1380
2015-07-10,18,1063,218,1281
2015-07-10,19,726,255,981
2015-07-10,20,479,210,689
2015-07-10,21,400,159,559
2015-07-10,22,303,129,432
2015-07-10,23,219,95,314
2015-07-11,0,173,56,229
2015-07-11,1,111,34,145
2015-07-11,2,65,12,77
2015-07-11,3,20,2,22
2015-07-11,4,5,2,7
2015-07-11,5,8,1,9
2015-07-11,6,45,4,49
2015-07-11,7,60,3,63
2015-07-11,8,174,28,202
2015-07-11,9,329,101,430
2015-07-11,10,420,194,614
2015-07-11,11,549,279,828
2015-07-11,12,616,420,1036
2015-07-11,13,570,472,1042
2015-07-11,14,597,478,1075
2015-07-11,15,597,488,1085
2015-07-11,16,511,468,979
2015-07-11,17,541,390,931
2015-07-11,18,564,398,962
2015-07-11,19,439,362,801
2015-07-11,20,422,251,673
2015-07-11,21,292,158,450
2015-07-11,22,258,164,422
2015-07-11,23,207,82,289
2015-07-12,0,179,43,222
2015-07-12,1,129,48,177
2015-07-12,2,104,24,128
2015-07-12,3,31,9,40
2015-07-12,4,17,3,20
2015-07-12,5,10,5,15
2015-07-12,6,24,9,33
2015-07-12,7,86,11,97
2015-07-12,8,167,51,218
2015-07-12,9,286,149,435
2015-07-12,10,458,265,723
2015-07-12,11,544,326,870
2015-07-12,12,571,425,996
2015-07-12,13,579,406,985
2015-07-12,14,574,386,960
2015-07-12,15,549,363,912
2015-07-12,16,594,395,989
2015-07-12,17,567,316,883
2015-07-12,18,570,276,846
2015-07-12,19,461,216,677
2015-07-12,20,349,223,572
2015-07-12,21,274,185,459
2015-07-12,22,186,111,297
2015-07-12,23,88,69,157
2015-07-13,0,35,35,70
2015-07-13,1,21,8,29
2015-07-13,2,7,1,8
2015-07-13,3,2,1,3
2015-07-13,4,7,0,7
2015-07-13,5,87,2,89
2015-07-13,6,290,14,304
2015-07-13,7,767,38,805
2015-07-13,8,597,29,626
2015-07-13,9,368,66,434
2015-07-13,10,211,107,318
2015-07-13,11,155,90,245
2015-07-13,12,236,78,314
2015-07-13,13,309,130,439
2015-07-13,14,248,169,417
2015-07-13,15,332,208,540
2015-07-13,16,592,182,774
2015-07-13,17,1221,182,1403
2015-07-13,18,1046,141,1187
2015-07-13,19,700,126,826
2015-07-13,20,513,117,630
2015-07-13,21,336,87,423
2015-07-13,22,185,41,226
2015-07-13,23,95,12,107
2015-07-14,0,71,31,102
2015-07-14,1,18,11,29
2015-07-14,2,9,1,10
2015-07-14,3,8,3,11
2015-07-14,4,11,4,15
2015-07-14,5,97,2,99
2015-07-14,6,333,16,349
2015-07-14,7,864,19,883
2015-07-14,8,1092,56,1148
2015-07-14,9,422,41,463
2015-07-14,10,225,133,358
2015-07-14,11,236,120,356
2015-07-14,12,345,145,490
2015-07-14,13,304,168,472
2015-07-14,14,267,134,401
2015-07-14,15,300,145,445
2015-07-14,16,564,137,701
2015-07-14,17,1250,183,1433
2015-07-14,18,1146,177,1323
2015-07-14,19,791,146,937
2015-07-14,20,542,98,640
2015-07-14,21,340,85,425
2015-07-14,22,246,60,306
2015-07-14,23,135,60,195
2015-07-15,0,52,21,73
2015-07-15,1,10,1,11
2015-07-15,2,4,2,6
2015-07-15,3,1,0,1
2015-07-15,4,18,0,18
2015-07-15,5,108,4,112
2015-07-15,6,323,17,340
2015-07-15,7,892,57,949
2015-07-15,8,1268,61,1329
2015-07-15,9,501,76,577
2015-07-15,10,243,105,348
2015-07-15,11,229,96,325
2015-07-15,12,299,137,436
2015-07-15,13,298,123,421
2015-07-15,14,261,104,365
2015-07-15,15,345,155,500
2015-07-15,16,586,155,741
2015-07-15,17,1196,167,1363
2015-07-15,18,1200,206,1406
2015-07-15,19,778,216,994
2015-07-15,20,626,153,779
2015-07-15,21,417,80,497
2015-07-15,22,260,62,322
2015-07-15,23,134,41,175
2015-07-16,0,62,31,93
2015-07-16,1,14,3,17
2015-07-16,2,8,6,14
2015-07-16,3,1,2,3
2015-07-16,4,11,0,11
2015-07-16,5,89,5,94
2015-07-16,6,311,17,328
2015-07-16,7,884,24,908
2015-07-16,8,1228,58,1286
2015-07-16,9,516,82,598
2015-07-16,10,238,141,379
2015-07-16,11,281,143,424
2015-07-16,12,421,175,596
2015-07-16,13,365,147,512
2015-07-16,14,300,172,472
2015-07-16,15,375,208,583
2015-07-16,16,686,188,874
2015-07-16,17,1339,175,1514
2015-07-16,18,1248,194,1442
2015-07-16,19,877,193,1070
2015-07-16,20,614,177,791
2015-07-16,21,391,135,526
2015-07-16,22,322,144,466
2015-07-16,23,160,96,256
2015-07-17,0,76,37,113
2015-07-17,1,42,23,65
2015-07-17,2,18,15,33
2015-07-17,3,4,1,5
2015-07-17,4,8,5,13
2015-07-17,5,91,11,102
2015-07-17,6,265,11,276
2015-07-17,7,733,39,772
2015-07-17,8,1111,70,1181
2015-07-17,9,503,98,601
2015-07-17,10,246,146,392
2015-07-17,11,268,207,475
2015-07-17,12,388,262,650
2015-07-17,13,359,215,574
2015-07-17,14,352,277,629
2015-07-17,15,466,258,724
2015-07-17,16,702,233,935
2015-07-17,17,1195,243,1438
2015-07-17,18,918,215,1133
2015-07-17,19,642,181,823
2015-07-17,20,424,158,582
2015-07-17,21,324,123,447
2015-07-17,22,304,96,400
2015-07-17,23,211,53,264
2015-07-18,0,159,38,197
2015-07-18,1,127,35,162
2015-07-18,2,88,9,97
2015-07-18,3,25,14,39
2015-07-18,4,9,5,14
2015-07-18,5,9,3,12
2015-07-18,6,48,11,59
2015-07-18,7,121,37,158
2015-07-18,8,260,79,339
2015-07-18,9,290,106,396
2015-07-18,10,226,89,315
2015-07-18,11,423,207,630
2015-07-18,12,493,323,816
2015-07-18,13,499,418,917
2015-07-18,14,518,406,924
2015-07-18,15,515,458,973
2015-07-18,16,450,361,811
2015-07-18,17,406,338,744
2015-07-18,18,474,350,824
2015-07-18,19,454,348,802
2015-07-18,20,381,292,673
2015-07-18,21,263,204,467
2015-07-18,22,235,182,417
2015-07-18,23,197,113,310
2015-07-19,0,150,89,239
2015-07-19,1,131,40,171
2015-07-19,2,82,24,106
2015-07-19,3,36,21,57
2015-07-19,4,11,7,18
2015-07-19,5,14,3,17
2015-07-19,6,27,21,48
2015-07-19,7,64,27,91
2015-07-19,8,160,108,268
2015-07-19,9,286,175,461
2015-07-19,10,447,362,809
2015-07-19,11,476,386,862
2015-07-19,12,467,381,848
2015-07-19,13,417,306,723
2015-07-19,14,425,357,782
2015-07-19,15,415,305,720
2015-07-19,16,421,302,723
2015-07-19,17,424,310,734
2015-07-19,18,394,246,640
2015-07-19,19,382,222,604
2015-07-19,20,316,204,520
2015-07-19,21,218,165,383
2015-07-19,22,158,71,229
2015-07-19,23,72,23,95
2015-07-20,0,35,24,59
2015-07-20,1,9,9,18
2015-07-20,2,7,4,11
2015-07-20,3,4,0,4
2015-07-20,4,10,1,11
2015-07-20,5,88,3,91
2015-07-20,6,276,13,289
2015-07-20,7,724,27,751
2015-07-20,8,913,64,977
2015-07-20,9,381,87,468
2015-07-20,10,174,140,314
2015-07-20,11,215,168,383
2015-07-20,12,312,153,465
2015-07-20,13,250,174,424
2015-07-20,14,195,150,345
2015-07-20,15,241,178,419
2015-07-20,16,515,191,706
2015-07-20,17,1137,188,1325
2015-07-20,18,1096,159,1255
2015-07-20,19,707,172,879
2015-07-20,20,565,156,721
2015-07-20,21,358,107,465
2015-07-20,22,221,88,309
2015-07-20,23,105,62,167
2015-07-21,0,36,5,41
2015-07-21,1,10,3,13
2015-07-21,2,8,1,9
2015-07-21,3,3,2,5
2015-07-21,4,13,0,13
2015-07-21,5,84,3,87
2015-07-21,6,304,15,319
2015-07-21,7,816,49,865
2015-07-21,8,1070,64,1134
2015-07-21,9,463,70,533
2015-07-21,10,197,122,319
2015-07-21,11,229,171,400
2015-07-21,12,291,161,452
2015-07-21,13,329,163,492
2015-07-21,14,266,155,421
2015-07-21,15,324,192,516
2015-07-21,16,555,165,720
2015-07-21,17,1244,202,1446
2015-07-21,18,1164,185,1349
2015-07-21,19,744,134,878
2015-07-21,20,565,146,711
2015-07-21,21,429,104,533
2015-07-21,22,299,82,381
2015-07-21,23,122,52,174
2015-07-22,0,42,22,64
2015-07-22,1,22,13,35
2015-07-22,2,8,9,17
2015-07-22,3,2,5,7
2015-07-22,4,11,4,15
2015-07-22,5,100,12,112
2015-07-22,6,373,27,400
2015-07-22,7,931,41,972
2015-07-22,8,1161,67,1228
2015-07-22,9,501,84,585
2015-07-22,10,289,115,404
2015-07-22,11,327,168,495
2015-07-22,12,379,163,542
2015-07-22,13,312,169,481
2015-07-22,14,277,158,435
2015-07-22,15,346,202,548
2015-07-22,16,628,208,836
2015-07-22,17,1336,240,1576
2015-07-22,18,1164,188,1352
2015-07-22,19,806,192,998
2015-07-22,20,611,164,775
2015-07-22,21,435,112,547
2015-07-22,22,273,75,348
2015-07-22,23,132,30,162
2015-07-23,0,66,31,97
2015-07-23,1,27,9,36
2015-07-23,2,14,4,18
2015-07-23,3,6,1,7
2015-07-23,4,14,0,14
2015-07-23,5,79,3,82
2015-07-23,6,316,9,325
2015-07-23,7,916,47,963
2015-07-23,8,1158,62,1220
2015-07-23,9,482,72,554
2015-07-23,10,217,155,372
2015-07-23,11,261,149,410
2015-07-23,12,425,148,573
2015-07-23,13,375,193,568
2015-07-23,14,298,191,489
2015-07-23,15,351,186,537
2015-07-23,16,649,192,841
2015-07-23,17,1307,257,1564
2015-07-23,18,1180,239,1419
2015-07-23,19,811,194,1005
2015-07-23,20,625,189,814
2015-07-23,21,384,136,520
2015-07-23,22,291,83,374
2015-07-23,23,165,25,190
2015-07-24,0,77,18,95
2015-07-24,1,41,27,68
2015-07-24,2,18,11,29
2015-07-24,3,6,2,8
2015-07-24,4,11,0,11
2015-07-24,5,84,8,92
2015-07-24,6,272,20,292
2015-07-24,7,758,39,797
2015-07-24,8,1142,59,1201
2015-07-24,9,525,119,644
2015-07-24,10,287,185,472
2015-07-24,11,331,202,533
2015-07-24,12,401,215,616
2015-07-24,13,413,221,634
2015-07-24,14,386,210,596
2015-07-24,15,469,239,708
2015-07-24,16,738,279,1017
2015-07-24,17,1247,282,1529
2015-07-24,18,971,280,1251
2015-07-24,19,593,254,847
2015-07-24,20,464,258,722
2015-07-24,21,327,138,465
2015-07-24,22,289,126,415
2015-07-24,23,209,88,297
2015-07-25,0,122,49,171
2015-07-25,1,89,20,109
2015-07-25,2,57,27,84
2015-07-25,3,31,12,43
2015-07-25,4,14,8,22
2015-07-25,5,13,9,22
2015-07-25,6,40,19,59
2015-07-25,7,119,50,169
2015-07-25,8,270,89,359
2015-07-25,9,377,209,586
2015-07-25,10,418,318,736
2015-07-25,11,552,384,936
2015-07-25,12,525,477,1002
2015-07-25,13,540,507,1047
2015-07-25,14,543,484,1027
2015-07-25,15,520,525,1045
2015-07-25,16,447,512,959
2015-07-25,17,490,481,971
2015-07-25,18,474,415,889
2015-07-25,19,422,344,766
2015-07-25,20,347,286,633
2015-07-25,21,255,256,511
2015-07-25,22,247,190,437
2015-07-25,23,183,136,319
2015-07-26,0,157,76,233
2015-07-26,1,104,26,130
2015-07-26,2,66,22,88
2015-07-26,3,34,14,48
2015-07-26,4,8,0,8
2015-07-26,5,12,5,17
2015-07-26,6,24,11,35
2015-07-26,7,62,42,104
2015-07-26,8,153,62,215
2015-07-26,9,350,223,573
2015-07-26,10,415,300,715
2015-07-26,11,487,302,789
2015-07-26,12,462,441,903
2015-07-26,13,493,372,865
2015-07-26,14,500,432,932
2015-07-26,15,517,423,940
2015-07-26,16,528,408,936
2015-07-26,17,518,368,886
2015-07-26,18,478,328,806
2015-07-26,19,447,290,737
2015-07-26,20,334,229,563
2015-07-26,21,217,143,360
2015-07-26,22,185,86,271
2015-07-26,23,81,79,160
2015-07-27,0,29,40,69
2015-07-27,1,12,26,38
2015-07-27,2,11,7,18
2015-07-27,3,4,1,5
2015-07-27,4,4,2,6
2015-07-27,5,37,0,37
2015-07-27,6,239,11,250
2015-07-27,7,693,28,721
2015-07-27,8,955,71,1026
2015-07-27,9,434,80,514
2015-07-27,10,203,182,385
2015-07-27,11,225,177,402
2015-07-27,12,311,216,527
2015-07-27,13,299,223,522
2015-07-27,14,262,201,463
2015-07-27,15,101,47,148
2015-07-27,16,425,129,554
2015-07-27,17,1174,228,1402
2015-07-27,18,1129,193,1322
2015-07-27,19,713,212,925
2015-07-27,20,555,155,710
2015-07-27,21,359,135,494
2015-07-27,22,160,78,238
2015-07-27,23,103,40,143
2015-07-28,0,44,24,68
2015-07-28,1,20,15,35
2015-07-28,2,17,0,17
2015-07-28,3,0,2,2
2015-07-28,4,10,1,11
2015-07-28,5,81,4,85
2015-07-28,6,361,15,376
2015-07-28,7,908,26,934
2015-07-28,8,1185,66,1251
2015-07-28,9,486,130,616
2015-07-28,10,190,202,392
2015-07-28,11,263,244,507
2015-07-28,12,329,204,533
2015-07-28,13,319,204,523
2015-07-28,14,243,221,464
2015-07-28,15,334,213,547
2015-07-28,16,612,195,807
2015-07-28,17,1249,203,1452
2015-07-28,18,1140,170,1310
2015-07-28,19,452,94,546
2015-07-28,20,501,119,620
2015-07-28,21,342,85,427
2015-07-28,22,227,46,273
2015-07-28,23,135,45,180
2015-07-29,0,43,17,60
2015-07-29,1,14,16,30
2015-07-29,2,10,14,24
2015-07-29,3,7,7,14
2015-07-29,4,9,1,10
2015-07-29,5,109,4,113
2015-07-29,6,341,16,357
2015-07-29,7,861,27,888
2015-07-29,8,1191,66,1257
2015-07-29,9,471,74,545
2015-07-29,10,216,141,357
2015-07-29,11,271,160,431
2015-07-29,12,307,158,465
2015-07-29,13,306,206,512
2015-07-29,14,258,202,460
2015-07-29,15,276,184,460
2015-07-29,16,585,163,748
2015-07-29,17,1186,207,1393
2015-07-29,18,1101,218,1319
2015-07-29,19,778,184,962
2015-07-29,20,607,137,744
2015-07-29,21,391,109,500
2015-07-29,22,261,83,344
2015-07-29,23,143,34,177
2015-07-30,0,62,39,101
2015-07-30,1,29,14,43
2015-07-30,2,4,4,8
2015-07-30,3,8,4,12
2015-07-30,4,7,0,7
2015-07-30,5,91,4,95
2015-07-30,6,320,18,338
2015-07-30,7,789,34,823
2015-07-30,8,1105,51,1156
2015-07-30,9,464,86,550
2015-07-30,10,210,101,311
2015-07-30,11,238,140,378
2015-07-30,12,315,143,458
2015-07-30,13,304,152,456
2015-07-30,14,49,31,80
2015-07-30,15,252,105,357
2015-07-30,16,585,156,741
2015-07-30,17,1097,171,1268
2015-07-30,18,1037,145,1182
2015-07-30,19,774,138,912
2015-07-30,20,513,121,634
2015-07-30,21,359,61,420
2015-07-30,22,249,56,305
2015-07-30,23,144,29,173
2015-07-31,0,64,17,81
2015-07-31,1,38,11,49
2015-07-31,2,20,2,22
2015-07-31,3,5,2,7
2015-07-31,4,13,3,16
2015-07-31,5,81,4,85
2015-07-31,6,284,23,307
2015-07-31,7,728,26,754
2015-07-31,8,1061,71,1132
2015-07-31,9,506,80,586
2015-07-31,10,229,140,369
2015-07-31,11,326,163,489
2015-07-31,12,421,172,593
2015-07-31,13,409,193,602
2015-07-31,14,354,180,534
2015-07-31,15,445,213,658
2015-07-31,16,726,203,929
2015-07-31,17,1072,217,1289
2015-07-31,18,902,224,1126
2015-07-31,19,619,246,865
2015-07-31,20,509,187,696
2015-07-31,21,336,137,473
2015-07-31,22,250,139,389
2015-07-31,23,247,98,345
2015-08-01,0,151,29,180
2015-08-01,1,101,22,123
2015-08-01,2,73,14,87
2015-08-01,3,18,12,30
2015-08-01,4,7,2,9
2015-08-01,5,11,6,17
2015-08-01,6,54,21,75
2015-08-01,7,107,25,132
2015-08-01,8,218,71,289
2015-08-01,9,413,143,556
2015-08-01,10,485,270,755
2015-08-01,11,477,283,760
2015-08-01,12,532,413,945
2015-08-01,13,561,461,1022
2015-08-01,14,495,467,962
2015-08-01,15,529,440,969
2015-08-01,16,439,448,887
2015-08-01,17,473,433,906
2015-08-01,18,485,332,817
2015-08-01,19,397,332,729
2015-08-01,20,319,240,559
2015-08-01,21,336,201,537
2015-08-01,22,222,167,389
2015-08-01,23,200,108,308
2015-08-02,0,168,79,247
2015-08-02,1,124,43,167
2015-08-02,2,91,18,109
2015-08-02,3,40,24,64
2015-08-02,4,11,13,24
2015-08-02,5,13,7,20
2015-08-02,6,20,10,30
2015-08-02,7,76,33,109
2015-08-02,8,157,88,245
2015-08-02,9,301,174,475
2015-08-02,10,445,284,729
2015-08-02,11,456,385,841
2015-08-02,12,573,398,971
2015-08-02,13,547,381,928
2015-08-02,14,493,436,929
2015-08-02,15,522,349,871
2015-08-02,16,574,436,1010
2015-08-02,17,479,321,800
2015-08-02,18,529,314,843
2015-08-02,19,443,236,679
2015-08-02,20,343,189,532
2015-08-02,21,239,139,378
2015-08-02,22,159,121,280
2015-08-02,23,94,72,166
2015-08-03,0,29,33,62
2015-08-03,1,12,12,24
2015-08-03,2,6,5,11
2015-08-03,3,3,0,3
2015-08-03,4,8,3,11
2015-08-03,5,82,1,83
2015-08-03,6,310,8,318
2015-08-03,7,785,17,802
2015-08-03,8,994,56,1050
2015-08-03,9,484,125,609
2015-08-03,10,233,172,405
2015-08-03,11,265,235,500
2015-08-03,12,309,181,490
2015-08-03,13,308,169,477
2015-08-03,14,293,225,518
2015-08-03,15,336,235,571
2015-08-03,16,576,173,749
2015-08-03,17,1202,202,1404
2015-08-03,18,1121,220,1341
2015-08-03,19,784,216,1000
2015-08-03,20,489,192,681
2015-08-03,21,411,114,525
2015-08-03,22,223,70,293
2015-08-03,23,108,50,158
2015-08-04,0,42,25,67
2015-08-04,1,18,8,26
2015-08-04,2,9,3,12
2015-08-04,3,1,1,2
2015-08-04,4,11,3,14
2015-08-04,5,97,5,102
2015-08-04,6,347,16,363
2015-08-04,7,852,49,901
2015-08-04,8,1146,58,1204
2015-08-04,9,454,94,548
2015-08-04,10,190,159,349
2015-08-04,11,240,142,382
2015-08-04,12,313,134,447
2015-08-04,13,323,153,476
2015-08-04,14,278,155,433
2015-08-04,15,321,154,475
2015-08-04,16,585,162,747
2015-08-04,17,1203,208,1411
2015-08-04,18,1097,186,1283
2015-08-04,19,728,161,889
2015-08-04,20,481,129,610
2015-08-04,21,304,101,405
2015-08-04,22,233,69,302
2015-08-04,23,141,37,178
2015-08-05,0,40,13,53
2015-08-05,1,10,5,15
2015-08-05,2,8,1,9
2015-08-05,3,3,2,5
2015-08-05,4,8,1,9
2015-08-05,5,104,3,107
2015-08-05,6,316,13,329
2015-08-05,7,859,45,904
2015-08-05,8,1151,60,1211
2015-08-05,9,535,89,624
2015-08-05,10,247,116,363
2015-08-05,11,290,122,412
2015-08-05,12,345,179,524
2015-08-05,13,336,189,525
2015-08-05,14,252,193,445
2015-08-05,15,339,195,534
2015-08-05,16,636,214,850
2015-08-05,17,1251,205,1456
2015-08-05,18,1189,182,1371
2015-08-05,19,771,201,972
2015-08-05,20,578,138,716
2015-08-05,21,365,114,479
2015-08-05,22,300,83,383
2015-08-05,23,160,45,205
2015-08-06,0,57,34,91
2015-08-06,1,28,2,30
2015-08-06,2,7,6,13
2015-08-06,3,3,1,4
2015-08-06,4,5,0,5
2015-08-06,5,79,4,83
2015-08-06,6,311,12,323
2015-08-06,7,886,46,932
2015-08-06,8,1209,73,1282
2015-08-06,9,570,97,667
2015-08-06,10,279,146,425
2015-08-06,11,263,199,462
2015-08-06,12,357,191,548
2015-08-06,13,295,186,481
2015-08-06,14,278,216,494
2015-08-06,15,367,216,583
2015-08-06,16,607,208,815
2015-08-06,17,1286,216,1502
2015-08-06,18,1166,211,1377
2015-08-06,19,725,155,880
2015-08-06,20,535,116,651
2015-08-06,21,281,114,395
2015-08-06,22,247,65,312
2015-08-06,23,211,51,262
2015-08-07,0,92,27,119
2015-08-07,1,41,12,53
2015-08-07,2,21,2,23
2015-08-07,3,4,0,4
2015-08-07,4,8,4,12
2015-08-07,5,74,6,80
2015-08-07,6,223,11,234
2015-08-07,7,628,31,659
2015-08-07,8,1032,48,1080
2015-08-07,9,543,86,629
2015-08-07,10,263,122,385
2015-08-07,11,293,155,448
2015-08-07,12,392,208,600
2015-08-07,13,439,202,641
2015-08-07,14,337,228,565
2015-08-07,15,459,204,663
2015-08-07,16,685,242,927
2015-08-07,17,1092,281,1373
2015-08-07,18,936,247,1183
2015-08-07,19,563,235,798
2015-08-07,20,419,161,580
2015-08-07,21,298,130,428
2015-08-07,22,284,111,395
2015-08-07,23,228,74,302
2015-08-08,0,135,41,176
2015-08-08,1,107,33,140
2015-08-08,2,72,22,94
2015-08-08,3,30,10,40
2015-08-08,4,12,4,16
2015-08-08,5,22,4,26
2015-08-08,6,52,23,75
2015-08-08,7,109,45,154
2015-08-08,8,222,77,299
2015-08-08,9,381,160,541
2015-08-08,10,471,269,740
2015-08-08,11,506,358,864
2015-08-08,12,584,485,1069
2015-08-08,13,568,512,1080
2015-08-08,14,572,616,1188
2015-08-08,15,499,553,1052
2015-08-08,16,451,459,910
2015-08-08,17,511,549,1060
2015-08-08,18,507,360,867
2015-08-08,19,358,396,754
2015-08-08,20,328,260,588
2015-08-08,21,250,243,493
2015-08-08,22,212,206,418
2015-08-08,23,168,158,326
2015-08-09,0,172,103,275
2015-08-09,1,118,69,187
2015-08-09,2,68,41,109
2015-08-09,3,29,7,36
2015-08-09,4,12,0,12
2015-08-09,5,8,7,15
2015-08-09,6,28,18,46
2015-08-09,7,70,28,98
2015-08-09,8,175,46,221
2015-08-09,9,260,191,451
2015-08-09,10,464,338,802
2015-08-09,11,493,355,848
2015-08-09,12,582,356,938
2015-08-09,13,549,481,1030
2015-08-09,14,525,478,1003
2015-08-09,15,507,378,885
2015-08-09,16,500,418,918
2015-08-09,17,512,387,899
2015-08-09,18,487,330,817
2015-08-09,19,400,279,679
2015-08-09,20,304,190,494
2015-08-09,21,233,208,441
2015-08-09,22,149,135,284
2015-08-09,23,83,80,163
2015-08-10,0,28,44,72
2015-08-10,1,20,8,28
2015-08-10,2,3,6,9
2015-08-10,3,2,6,8
2015-08-10,4,2,0,2
2015-08-10,5,39,2,41
2015-08-10,6,213,11,224
2015-08-10,7,627,27,654
2015-08-10,8,850,46,896
2015-08-10,9,478,89,567
2015-08-10,10,189,158,347
2015-08-10,11,243,144,387
2015-08-10,12,265,180,445
2015-08-10,13,290,190,480
2015-08-10,14,250,208,458
2015-08-10,15,302,243,545
2015-08-10,16,541,167,708
2015-08-10,17,1227,240,1467
2015-08-10,18,1053,183,1236
2015-08-10,19,651,142,793
2015-08-10,20,469,131,600
2015-08-10,21,181,88,269
2015-08-10,22,145,36,181
2015-08-10,23,64,13,77
2015-08-11,0,22,2,24
2015-08-11,1,14,1,15
2015-08-11,2,1,2,3
2015-08-11,3,4,1,5
2015-08-11,4,8,1,9
2015-08-11,5,84,2,86
2015-08-11,6,200,4,204
2015-08-11,7,648,20,668
2015-08-11,8,1041,48,1089
2015-08-11,9,545,67,612
2015-08-11,10,210,106,316
2015-08-11,11,243,149,392
2015-08-11,12,339,143,482
2015-08-11,13,329,181,510
2015-08-11,14,283,165,448
2015-08-11,15,316,157,473
2015-08-11,16,558,143,701
2015-08-11,17,1309,172,1481
2015-08-11,18,1157,194,1351
2015-08-11,19,719,178,897
2015-08-11,20,547,139,686
2015-08-11,21,346,98,444
2015-08-11,22,236,79,315
2015-08-11,23,118,13,131
2015-08-12,0,40,33,73
2015-08-12,1,15,5,20
2015-08-12,2,11,2,13
2015-08-12,3,2,2,4
2015-08-12,4,9,2,11
2015-08-12,5,114,4,118
2015-08-12,6,361,5,366
2015-08-12,7,847,44,891
2015-08-12,8,1136,50,1186
2015-08-12,9,513,107,620
2015-08-12,10,226,123,349
2015-08-12,11,237,158,395
2015-08-12,12,358,190,548
2015-08-12,13,340,156,496
2015-08-12,14,237,194,431
2015-08-12,15,371,181,552
2015-08-12,16,628,200,828
2015-08-12,17,1334,159,1493
2015-08-12,18,1190,228,1418
2015-08-12,19,815,163,978
2015-08-12,20,618,136,754
2015-08-12,21,405,93,498
2015-08-12,22,251,42,293
2015-08-12,23,123,27,150
2015-08-13,0,45,6,51
2015-08-13,1,24,14,38
2015-08-13,2,17,7,24
2015-08-13,3,9,3,12
2015-08-13,4,6,2,8
2015-08-13,5,86,6,92
2015-08-13,6,341,14,355
2015-08-13,7,842,29,871
2015-08-13,8,1060,61,1121
2015-08-13,9,493,86,579
2015-08-13,10,230,129,359
2015-08-13,11,280,143,423
2015-08-13,12,357,164,521
2015-08-13,13,367,163,530
2015-08-13,14,309,154,463
2015-08-13,15,442,182,624
2015-08-13,16,609,207,816
2015-08-13,17,1329,212,1541
2015-08-13,18,1175,239,1414
2015-08-13,19,793,157,950
2015-08-13,20,504,123,627
2015-08-13,21,404,124,528
2015-08-13,22,225,80,305
2015-08-13,23,144,39,183
2015-08-14,0,76,41,117
2015-08-14,1,38,7,45
2015-08-14,2,18,2,20
2015-08-14,3,4,3,7
2015-08-14,4,7,3,10
2015-08-14,5,73,5,78
2015-08-14,6,283,8,291
2015-08-14,7,695,34,729
2015-08-14,8,1084,54,1138
2015-08-14,9,556,93,649
2015-08-14,10,247,164,411
2015-08-14,11,287,208,495
2015-08-14,12,439,243,682
2015-08-14,13,407,252,659
2015-08-14,14,333,273,606
2015-08-14,15,465,235,700
2015-08-14,16,734,255,989
2015-08-14,17,1190,254,1444
2015-08-14,18,887,198,1085
2015-08-14,19,521,215,736
2015-08-14,20,409,150,559
2015-08-14,21,341,116,457
2015-08-14,22,240,94,334
2015-08-14,23,243,65,308
2015-08-15,0,134,41,175
2015-08-15,1,93,19,112
2015-08-15,2,71,28,99
2015-08-15,3,33,8,41
2015-08-15,4,8,2,10
2015-08-15,5,19,3,22
2015-08-15,6,48,6,54
2015-08-15,7,115,31,146
2015-08-15,8,242,62,304
2015-08-15,9,357,128,485
2015-08-15,10,455,305,760
2015-08-15,11,535,407,942
2015-08-15,12,583,493,1076
2015-08-15,13,522,494,1016
2015-08-15,14,422,479,901
2015-08-15,15,501,449,950
2015-08-15,16,471,446,917
2015-08-15,17,428,420,848
2015-08-15,18,445,363,808
2015-08-15,19,416,333,749
2015-08-15,20,314,243,557
2015-08-15,21,249,217,466
2015-08-15,22,190,161,351
2015-08-15,23,170,123,293
2015-08-16,0,118,74,192
2015-08-16,1,98,37,135
2015-08-16,2,68,24,92
2015-08-16,3,33,22,55
2015-08-16,4,7,2,9
2015-08-16,5,12,6,18
2015-08-16,6,30,7,37
2015-08-16,7,62,27,89
2015-08-16,8,182,54,236
2015-08-16,9,311,167,478
2015-08-16,10,429,285,714
2015-08-16,11,506,375,881
2015-08-16,12,532,377,909
2015-08-16,13,471,374,845
2015-08-16,14,494,311,805
2015-08-16,15,434,338,772
2015-08-16,16,469,285,754
2015-08-16,17,476,251,727
2015-08-16,18,449,219,668
2015-08-16,19,432,237,669
2015-08-16,20,308,179,487
2015-08-16,21,193,97,290
2015-08-16,22,139,79,218
2015-08-16,23,67,45,112
2015-08-17,0,27,25,52
2015-08-17,1,8,20,28
2015-08-17,2,6,2,8
2015-08-17,3,9,1,10
2015-08-17,4,7,5,12
2015-08-17,5,73,2,75
2015-08-17,6,298,14,312
2015-08-17,7,773,28,801
2015-08-17,8,1022,48,1070
2015-08-17,9,416,124,540
2015-08-17,10,215,144,359
2015-08-17,11,196,158,354
2015-08-17,12,316,185,501
2015-08-17,13,301,128,429
2015-08-17,14,245,127,372
2015-08-17,15,316,172,488
2015-08-17,16,535,165,700
2015-08-17,17,1169,139,1308
2015-08-17,18,1085,163,1248
2015-08-17,19,732,150,882
2015-08-17,20,490,120,610
2015-08-17,21,320,124,444
2015-08-17,22,181,63,244
2015-08-17,23,96,28,124
2015-08-18,0,23,9,32
2015-08-18,1,9,2,11
2015-08-18,2,1,5,6
2015-08-18,3,2,0,2
2015-08-18,4,5,2,7
2015-08-18,5,93,4,97
2015-08-18,6,308,11,319
2015-08-18,7,891,23,914
2015-08-18,8,1144,59,1203
2015-08-18,9,465,56,521
2015-08-18,10,193,136,329
2015-08-18,11,262,167,429
2015-08-18,12,323,110,433
2015-08-18,13,316,131,447
2015-08-18,14,281,164,445
2015-08-18,15,361,169,530
2015-08-18,16,601,219,820
2015-08-18,17,1237,218,1455
2015-08-18,18,1130,176,1306
2015-08-18,19,708,158,866
2015-08-18,20,497,98,595
2015-08-18,21,299,83,382
2015-08-18,22,223,52,275
2015-08-18,23,125,46,171
2015-08-19,0,52,19,71
2015-08-19,1,18,8,26
2015-08-19,2,5,4,9
2015-08-19,3,4,4,8
2015-08-19,4,8,4,12
2015-08-19,5,131,0,131
2015-08-19,6,319,6,325
2015-08-19,7,885,41,926
2015-08-19,8,1167,39,1206
2015-08-19,9,520,70,590
2015-08-19,10,236,146,382
2015-08-19,11,257,159,416
2015-08-19,12,335,171,506
2015-08-19,13,351,173,524
2015-08-19,14,268,169,437
2015-08-19,15,364,141,505
2015-08-19,16,565,146,711
2015-08-19,17,1237,156,1393
2015-08-19,18,1136,165,1301
2015-08-19,19,832,117,949
2015-08-19,20,567,100,667
2015-08-19,21,333,60,393
2015-08-19,22,264,52,316
2015-08-19,23,127,35,162
2015-08-20,0,55,19,74
2015-08-20,1,37,17,54
2015-08-20,2,8,2,10
2015-08-20,3,1,3,4
2015-08-20,4,8,0,8
2015-08-20,5,78,0,78
2015-08-20,6,266,6,272
2015-08-20,7,705,28,733
2015-08-20,8,1061,48,1109
2015-08-20,9,471,59,530
2015-08-20,10,214,98,312
2015-08-20,11,254,144,398
2015-08-20,12,316,140,456
2015-08-20,13,288,136,424
2015-08-20,14,224,153,377
2015-08-20,15,331,186,517
2015-08-20,16,536,182,718
2015-08-20,17,1188,202,1390
2015-08-20,18,1087,167,1254
2015-08-20,19,516,95,611
2015-08-20,20,243,63,306
2015-08-20,21,207,36,243
2015-08-20,22,159,20,179
2015-08-20,23,116,19,135
2015-08-21,0,64,19,83
2015-08-21,1,25,7,32
2015-08-21,2,16,2,18
2015-08-21,3,1,1,2
2015-08-21,4,6,1,7
2015-08-21,5,88,11,99
2015-08-21,6,268,8,276
2015-08-21,7,694,23,717
2015-08-21,8,1059,72,1131
2015-08-21,9,549,97,646
2015-08-21,10,265,150,415
2015-08-21,11,325,205,530
2015-08-21,12,444,225,669
2015-08-21,13,434,218,652
2015-08-21,14,436,292,728
2015-08-21,15,506,236,742
2015-08-21,16,796,236,1032
2015-08-21,17,1145,281,1426
2015-08-21,18,914,256,1170
2015-08-21,19,627,197,824
2015-08-21,20,382,179,561
2015-08-21,21,314,139,453
2015-08-21,22,278,117,395
2015-08-21,23,202,92,294
2015-08-22,0,137,62,199
2015-08-22,1,100,14,114
2015-08-22,2,59,17,76
2015-08-22,3,16,18,34
2015-08-22,4,12,7,19
2015-08-22,5,12,1,13
2015-08-22,6,39,13,52
2015-08-22,7,122,33,155
2015-08-22,8,230,61,291
2015-08-22,9,384,159,543
2015-08-22,10,452,242,694
2015-08-22,11,585,347,932
2015-08-22,12,545,384,929
2015-08-22,13,550,431,981
2015-08-22,14,548,461,1009
2015-08-22,15,517,521,1038
2015-08-22,16,526,432,958
2015-08-22,17,548,445,993
2015-08-22,18,475,372,847
2015-08-22,19,431,283,714
2015-08-22,20,342,249,591
2015-08-22,21,306,197,503
2015-08-22,22,235,163,398
2015-08-22,23,173,83,256
2015-08-23,0,136,47,183
2015-08-23,1,99,30,129
2015-08-23,2,76,21,97
2015-08-23,3,38,14,52
2015-08-23,4,6,0,6
2015-08-23,5,17,2,19
2015-08-23,6,32,17,49
2015-08-23,7,82,41,123
2015-08-23,8,191,70,261
2015-08-23,9,346,161,507
2015-08-23,10,464,326,790
2015-08-23,11,539,315,854
2015-08-23,12,529,376,905
2015-08-23,13,487,323,810
2015-08-23,14,493,395,888
2015-08-23,15,531,412,943
2015-08-23,16,575,326,901
2015-08-23,17,540,370,910
2015-08-23,18,534,288,822
2015-08-23,19,419,235,654
2015-08-23,20,319,151,470
2015-08-23,21,208,109,317
2015-08-23,22,137,68,205
2015-08-23,23,64,22,86
2015-08-24,0,24,8,32
2015-08-24,1,11,2,13
2015-08-24,2,7,1,8
2015-08-24,3,3,2,5
2015-08-24,4,6,1,7
2015-08-24,5,91,4,95
2015-08-24,6,275,8,283
2015-08-24,7,822,25,847
2015-08-24,8,1032,59,1091
2015-08-24,9,460,96,556
2015-08-24,10,202,156,358
2015-08-24,11,212,177,389
2015-08-24,12,312,127,439
2015-08-24,13,321,157,478
2015-08-24,14,244,175,419
2015-08-24,15,299,168,467
2015-08-24,16,596,182,778
2015-08-24,17,1272,227,1499
2015-08-24,18,1080,145,1225
2015-08-24,19,461,96,557
2015-08-24,20,162,37,199
2015-08-24,21,214,53,267
2015-08-24,22,139,28,167
2015-08-24,23,75,29,104
2015-08-25,0,25,8,33
2015-08-25,1,5,5,10
2015-08-25,2,6,2,8
2015-08-25,3,1,3,4
2015-08-25,4,8,2,10
2015-08-25,5,89,3,92
2015-08-25,6,363,16,379
2015-08-25,7,953,32,985
2015-08-25,8,1261,58,1319
2015-08-25,9,448,95,543
2015-08-25,10,223,102,325
2015-08-25,11,285,135,420
2015-08-25,12,399,122,521
2015-08-25,13,330,128,458
2015-08-25,14,266,155,421
2015-08-25,15,360,157,517
2015-08-25,16,614,198,812
2015-08-25,17,1387,215,1602
2015-08-25,18,1275,244,1519
2015-08-25,19,819,170,989
2015-08-25,20,531,133,664
2015-08-25,21,398,110,508
2015-08-25,22,303,88,391
2015-08-25,23,103,39,142
2015-08-26,0,48,19,67
2015-08-26,1,20,6,26
2015-08-26,2,6,9,15
2015-08-26,3,6,4,10
2015-08-26,4,14,0,14
2015-08-26,5,109,2,111
2015-08-26,6,393,12,405
2015-08-26,7,927,38,965
2015-08-26,8,1234,50,1284
2015-08-26,9,472,69,541
2015-08-26,10,219,97,316
2015-08-26,11,283,136,419
2015-08-26,12,401,135,536
2015-08-26,13,335,142,477
2015-08-26,14,303,146,449
2015-08-26,15,376,159,535
2015-08-26,16,641,157,798
2015-08-26,17,1340,185,1525
2015-08-26,18,1256,185,1441
2015-08-26,19,778,150,928
2015-08-26,20,491,87,578
2015-08-26,21,318,68,386
2015-08-26,22,303,40,343
2015-08-26,23,124,37,161
2015-08-27,0,39,35,74
2015-08-27,1,17,11,28
2015-08-27,2,9,7,16
2015-08-27,3,10,2,12
2015-08-27,4,14,1,15
2015-08-27,5,72,0,72
2015-08-27,6,343,3,346
2015-08-27,7,886,37,923
2015-08-27,8,1167,64,1231
2015-08-27,9,533,55,588
2015-08-27,10,231,78,309
2015-08-27,11,277,111,388
2015-08-27,12,418,129,547
2015-08-27,13,363,148,511
2015-08-27,14,265,153,418
2015-08-27,15,354,177,531
2015-08-27,16,674,137,811
2015-08-27,17,1367,183,1550
2015-08-27,18,1219,190,1409
2015-08-27,19,798,167,965
2015-08-27,20,511,97,608
2015-08-27,21,344,138,482
2015-08-27,22,315,56,371
2015-08-27,23,158,43,201
2015-08-28,0,62,24,86
2015-08-28,1,27,9,36
2015-08-28,2,24,7,31
2015-08-28,3,4,0,4
2015-08-28,4,9,1,10
2015-08-28,5,75,1,76
2015-08-28,6,276,13,289
2015-08-28,7,751,26,777
2015-08-28,8,1099,59,1158
2015-08-28,9,511,67,578
2015-08-28,10,257,113,370
2015-08-28,11,306,166,472
2015-08-28,12,404,227,631
2015-08-28,13,395,202,597
2015-08-28,14,401,243,644
2015-08-28,15,489,191,680
2015-08-28,16,725,170,895
2015-08-28,17,1181,227,1408
2015-08-28,18,949,195,1144
2015-08-28,19,608,170,778
2015-08-28,20,404,86,490
2015-08-28,21,309,90,399
2015-08-28,22,309,78,387
2015-08-28,23,195,75,270
2015-08-29,0,133,36,169
2015-08-29,1,101,19,120
2015-08-29,2,71,20,91
2015-08-29,3,20,9,29
2015-08-29,4,9,3,12
2015-08-29,5,7,8,15
2015-08-29,6,43,8,51
2015-08-29,7,136,16,152
2015-08-29,8,223,68,291
2015-08-29,9,402,166,568
2015-08-29,10,504,237,741
2015-08-29,11,532,321,853
2015-08-29,12,576,361,937
2015-08-29,13,546,371,917
2015-08-29,14,507,422,929
2015-08-29,15,498,438,936
2015-08-29,16,497,404,901
2015-08-29,17,481,373,854
2015-08-29,18,493,342,835
2015-08-29,19,418,288,706
2015-08-29,20,269,172,441
2015-08-29,21,265,151,416
2015-08-29,22,191,113,304
2015-08-29,23,178,80,258
2015-08-30,0,153,34,187
2015-08-30,1,103,22,125
2015-08-30,2,63,14,77
2015-08-30,3,27,7,34
2015-08-30,4,9,5,14
2015-08-30,5,5,1,6
2015-08-30,6,31,13,44
2015-08-30,7,78,33,111
2015-08-30,8,194,66,260
2015-08-30,9,293,143,436
2015-08-30,10,474,222,696
2015-08-30,11,525,270,795
2015-08-30,12,600,354,954
2015-08-30,13,511,310,821
2015-08-30,14,494,354,848
2015-08-30,15,462,381,843
2015-08-30,16,545,320,865
2015-08-30,17,526,245,771
2015-08-30,18,496,253,749
2015-08-30,19,369,157,526
2015-08-30,20,299,131,430
2015-08-30,21,205,88,293
2015-08-30,22,130,58,188
2015-08-30,23,84,31,115
2015-08-31,0,30,22,52
2015-08-31,1,15,13,28
2015-08-31,2,7,11,18
2015-08-31,3,5,7,12
2015-08-31,4,4,1,5
2015-08-31,5,90,2,92
2015-08-31,6,298,8,306
2015-08-31,7,813,29,842
2015-08-31,8,1026,52,1078
2015-08-31,9,408,54,462
2015-08-31,10,200,139,339
2015-08-31,11,244,147,391
2015-08-31,12,376,136,512
2015-08-31,13,309,112,421
2015-08-31,14,242,140,382
2015-08-31,15,364,128,492
2015-08-31,16,557,140,697
2015-08-31,17,1306,151,1457
2015-08-31,18,1175,115,1290
2015-08-31,19,771,119,890
2015-08-31,20,507,85,592
2015-08-31,21,311,64,375
2015-08-31,22,192,29,221
2015-08-31,23,86,12,98
2015-09-01,0,33,11,44
2015-09-01,1,12,2,14
2015-09-01,2,11,5,16
2015-09-01,3,7,2,9
2015-09-01,4,10,1,11
2015-09-01,5,99,4,103
2015-09-01,6,348,13,361
2015-09-01,7,894,27,921
2015-09-01,8,1202,43,1245
2015-09-01,9,485,79,564
2015-09-01,10,247,115,362
2015-09-01,11,298,104,402
2015-09-01,12,346,121,467
2015-09-01,13,344,97,441
2015-09-01,14,274,70,344
2015-09-01,15,326,91,417
2015-09-01,16,660,120,780
2015-09-01,17,1259,163,1422
2015-09-01,18,1181,139,1320
2015-09-01,19,831,94,925
2015-09-01,20,486,84,570
2015-09-01,21,317,56,373
2015-09-01,22,225,37,262
2015-09-01,23,123,26,149
2015-09-02,0,42,29,71
2015-09-02,1,9,7,16
2015-09-02,2,10,2,12
2015-09-02,3,2,0,2
2015-09-02,4,12,3,15
2015-09-02,5,111,2,113
2015-09-02,6,357,6,363
2015-09-02,7,860,19,879
2015-09-02,8,1192,61,1253
2015-09-02,9,479,63,542
2015-09-02,10,204,92,296
2015-09-02,11,295,141,436
2015-09-02,12,350,120,470
2015-09-02,13,332,99,431
2015-09-02,14,275,124,399
2015-09-02,15,319,103,422
2015-09-02,16,601,106,707
2015-09-02,17,1235,134,1369
2015-09-02,18,1189,134,1323
2015-09-02,19,751,117,868
2015-09-02,20,518,64,582
2015-09-02,21,335,53,388
2015-09-02,22,223,35,258
2015-09-02,23,132,31,163
2015-09-03,0,44,15,59
2015-09-03,1,14,4,18
2015-09-03,2,8,0,8
2015-09-03,3,2,1,3
2015-09-03,4,15,1,16
2015-09-03,5,84,3,87
2015-09-03,6,333,9,342
2015-09-03,7,817,19,836
2015-09-03,8,1170,37,1207
2015-09-03,9,479,79,558
2015-09-03,10,249,103,352
2015-09-03,11,273,135,408
2015-09-03,12,346,136,482
2015-09-03,13,289,120,409
2015-09-03,14,269,128,397
2015-09-03,15,394,136,530
2015-09-03,16,579,144,723
2015-09-03,17,1196,142,1338
2015-09-03,18,1008,126,1134
2015-09-03,19,728,111,839
2015-09-03,20,471,67,538
2015-09-03,21,314,86,400
2015-09-03,22,237,46,283
2015-09-03,23,142,22,164
2015-09-04,0,58,8,66
2015-09-04,1,32,12,44
2015-09-04,2,16,1,17
2015-09-04,3,8,2,10
2015-09-04,4,8,1,9
2015-09-04,5,68,2,70
2015-09-04,6,244,8,252
2015-09-04,7,675,33,708
2015-09-04,8,1015,40,1055
2015-09-04,9,494,84,578
2015-09-04,10,290,142,432
2015-09-04,11,300,156,456
2015-09-04,12,394,168,562
2015-09-04,13,408,175,583
2015-09-04,14,487,182,669
2015-09-04,15,662,210,872
2015-09-04,16,796,216,1012
2015-09-04,17,834,159,993
2015-09-04,18,695,161,856
2015-09-04,19,439,111,550
2015-09-04,20,301,76,377
2015-09-04,21,251,113,364
2015-09-04,22,230,70,300
2015-09-04,23,158,57,215
2015-09-05,0,120,27,147
2015-09-05,1,85,17,102
2015-09-05,2,54,17,71
2015-09-05,3,27,3,30
2015-09-05,4,11,2,13
2015-09-05,5,14,3,17
2015-09-05,6,42,7,49
2015-09-05,7,105,19,124
2015-09-05,8,182,51,233
2015-09-05,9,281,144,425
2015-09-05,10,368,237,605
2015-09-05,11,448,319,767
2015-09-05,12,398,409,807
2015-09-05,13,468,459,927
2015-09-05,14,381,552,933
2015-09-05,15,391,504,895
2015-09-05,16,329,492,821
2015-09-05,17,384,453,837
2015-09-05,18,420,462,882
2015-09-05,19,359,344,703
2015-09-05,20,259,245,504
2015-09-05,21,194,201,395
2015-09-05,22,154,142,296
2015-09-05,23,133,151,284
2015-09-06,0,89,83,172
2015-09-06,1,80,48,128
2015-09-06,2,41,26,67
2015-09-06,3,20,8,28
2015-09-06,4,7,9,16
2015-09-06,5,16,1,17
2015-09-06,6,20,15,35
2015-09-06,7,51,40,91
2015-09-06,8,155,69,224
2015-09-06,9,292,256,548
2015-09-06,10,379,447,826
2015-09-06,11,420,518,938
2015-09-06,12,455,561,1016
2015-09-06,13,396,596,992
2015-09-06,14,382,614,996
2015-09-06,15,353,596,949
2015-09-06,16,416,634,1050
2015-09-06,17,422,564,986
2015-09-06,18,382,531,913
2015-09-06,19,339,420,759
2015-09-06,20,226,329,555
2015-09-06,21,186,280,466
2015-09-06,22,174,210,384
2015-09-06,23,129,115,244
2015-09-07,0,71,79,150
2015-09-07,1,67,42,109
2015-09-07,2,47,14,61
2015-09-07,3,16,6,22
2015-09-07,4,10,1,11
2015-09-07,5,15,3,18
2015-09-07,6,31,14,45
2015-09-07,7,93,40,133
2015-09-07,8,171,127,298
2015-09-07,9,313,197,510
2015-09-07,10,394,381,775
2015-09-07,11,497,442,939
2015-09-07,12,495,457,952
2015-09-07,13,454,391,845
2015-09-07,14,443,319,762
2015-09-07,15,444,353,797
2015-09-07,16,514,348,862
2015-09-07,17,446,296,742
2015-09-07,18,447,267,714
2015-09-07,19,384,203,587
2015-09-07,20,250,134,384
2015-09-07,21,210,93,303
2015-09-07,22,142,72,214
2015-09-07,23,102,16,118
2015-09-08,0,33,5,38
2015-09-08,1,7,6,13
2015-09-08,2,6,0,6
2015-09-08,3,0,1,1
2015-09-08,4,10,2,12
2015-09-08,5,87,2,89
2015-09-08,6,328,8,336
2015-09-08,7,895,23,918
2015-09-08,8,1073,51,1124
2015-09-08,9,420,69,489
2015-09-08,10,200,92,292
2015-09-08,11,208,116,324
2015-09-08,12,332,100,432
2015-09-08,13,290,129,419
2015-09-08,14,292,96,388
2015-09-08,15,338,95,433
2015-09-08,16,622,113,735
2015-09-08,17,1298,121,1419
2015-09-08,18,1182,104,1286
2015-09-08,19,762,76,838
2015-09-08,20,487,55,542
2015-09-08,21,326,42,368
2015-09-08,22,264,49,313
2015-09-08,23,124,26,150
2015-09-09,0,36,12,48
2015-09-09,1,14,6,20
2015-09-09,2,6,2,8
2015-09-09,3,2,3,5
2015-09-09,4,14,0,14
2015-09-09,5,112,3,115
2015-09-09,6,383,8,391
2015-09-09,7,945,25,970
2015-09-09,8,1145,47,1192
2015-09-09,9,524,79,603
2015-09-09,10,204,82,286
2015-09-09,11,217,69,286
2015-09-09,12,302,82,384
2015-09-09,13,292,101,393
2015-09-09,14,267,107,374
2015-09-09,15,324,89,413
2015-09-09,16,582,135,717
2015-09-09,17,1249,137,1386
2015-09-09,18,1163,122,1285
2015-09-09,19,738,81,819
2015-09-09,20,451,40,491
2015-09-09,21,351,48,399
2015-09-09,22,276,51,327
2015-09-09,23,116,23,139
2015-09-10,0,48,3,51
2015-09-10,1,13,2,15
2015-09-10,2,4,1,5
2015-09-10,3,1,1,2
2015-09-10,4,1,1,2
2015-09-10,5,64,2,66
2015-09-10,6,303,10,313
2015-09-10,7,864,26,890
2015-09-10,8,1114,40,1154
2015-09-10,9,458,50,508
2015-09-10,10,232,59,291
2015-09-10,11,248,66,314
2015-09-10,12,293,85,378
2015-09-10,13,297,85,382
2015-09-10,14,210,76,286
2015-09-10,15,296,70,366
2015-09-10,16,579,84,663
2015-09-10,17,1172,118,1290
2015-09-10,18,1135,94,1229
2015-09-10,19,703,72,775
2015-09-10,20,495,48,543
2015-09-10,21,342,51,393
2015-09-10,22,233,16,249
2015-09-10,23,173,18,191
2015-09-11,0,56,10,66
2015-09-11,1,25,11,36
2015-09-11,2,12,2,14
2015-09-11,3,4,0,4
2015-09-11,4,10,1,11
2015-09-11,5,83,0,83
2015-09-11,6,294,6,300
2015-09-11,7,853,17,870
2015-09-11,8,1136,58,1194
2015-09-11,9,504,65,569
2015-09-11,10,284,118,402
2015-09-11,11,323,156,479
2015-09-11,12,444,162,606
2015-09-11,13,385,172,557
2015-09-11,14,321,179,500
2015-09-11,15,450,171,621
2015-09-11,16,703,175,878
2015-09-11,17,1270,169,1439
2015-09-11,18,1066,155,1221
2015-09-11,19,720,164,884
2015-09-11,20,434,97,531
2015-09-11,21,285,69,354
2015-09-11,22,241,75,316
2015-09-11,23,179,53,232
2015-09-12,0,117,37,154
2015-09-12,1,85,32,117
2015-09-12,2,61,14,75
2015-09-12,3,32,5,37
2015-09-12,4,6,2,8
2015-09-12,5,8,4,12
2015-09-12,6,45,13,58
2015-09-12,7,111,15,126
2015-09-12,8,146,8,154
2015-09-12,9,178,31,209
2015-09-12,10,232,32,264
2015-09-12,11,333,74,407
2015-09-12,12,347,80,427
2015-09-12,13,186,48,234
2015-09-12,14,337,85,422
2015-09-12,15,389,110,499
2015-09-12,16,375,122,497
2015-09-12,17,502,148,650
2015-09-12,18,449,136,585
2015-09-12,19,388,130,518
2015-09-12,20,305,104,409
2015-09-12,21,244,69,313
2015-09-12,22,211,75,286
2015-09-12,23,161,43,204
2015-09-13,0,138,31,169
2015-09-13,1,92,28,120
2015-09-13,2,68,36,104
2015-09-13,3,35,13,48
2015-09-13,4,15,5,20
2015-09-13,5,31,15,46
2015-09-13,6,42,9,51
2015-09-13,7,93,15,108
2015-09-13,8,185,38,223
2015-09-13,9,318,124,442
2015-09-13,10,481,164,645
2015-09-13,11,535,254,789
2015-09-13,12,669,265,934
2015-09-13,13,602,275,877
2015-09-13,14,565,296,861
2015-09-13,15,519,339,858
2015-09-13,16,639,339,978
2015-09-13,17,572,260,832
2015-09-13,18,559,265,824
2015-09-13,19,430,142,572
2015-09-13,20,314,97,411
2015-09-13,21,181,54,235
2015-09-13,22,131,40,171
2015-09-13,23,56,23,79
2015-09-14,0,36,10,46
2015-09-14,1,15,2,17
2015-09-14,2,7,1,8
2015-09-14,3,3,2,5
2015-09-14,4,11,1,12
2015-09-14,5,82,2,84
2015-09-14,6,303,12,315
2015-09-14,7,858,9,867
2015-09-14,8,1036,38,1074
2015-09-14,9,448,60,508
2015-09-14,10,206,79,285
2015-09-14,11,249,117,366
2015-09-14,12,328,108,436
2015-09-14,13,310,151,461
2015-09-14,14,332,143,475
2015-09-14,15,362,136,498
2015-09-14,16,656,132,788
2015-09-14,17,1341,172,1513
2015-09-14,18,1250,161,1411
2015-09-14,19,761,98,859
2015-09-14,20,408,47,455
2015-09-14,21,294,62,356
2015-09-14,22,175,33,208
2015-09-14,23,93,16,109
2015-09-15,0,33,5,38
2015-09-15,1,6,9,15
2015-09-15,2,2,3,5
2015-09-15,3,1,4,5
2015-09-15,4,15,0,15
2015-09-15,5,83,1,84
2015-09-15,6,362,9,371
2015-09-15,7,961,29,990
2015-09-15,8,1239,40,1279
2015-09-15,9,455,58,513
2015-09-15,10,240,45,285
2015-09-15,11,256,120,376
2015-09-15,12,374,97,471
2015-09-15,13,354,103,457
2015-09-15,14,302,92,394
2015-09-15,15,367,94,461
2015-09-15,16,676,150,826
2015-09-15,17,1324,178,1502
2015-09-15,18,1318,151,1469
2015-09-15,19,812,120,932
2015-09-15,20,504,99,603
2015-09-15,21,372,67,439
2015-09-15,22,224,41,265
2015-09-15,23,123,25,148
2015-09-16,0,56,9,65
2015-09-16,1,15,7,22
2015-09-16,2,4,0,4
2015-09-16,3,4,2,6
2015-09-16,4,10,3,13
2015-09-16,5,111,4,115
2015-09-16,6,385,17,402
2015-09-16,7,954,26,980
2015-09-16,8,1222,42,1264
2015-09-16,9,486,42,528
2015-09-16,10,243,78,321
2015-09-16,11,293,114,407
2015-09-16,12,343,126,469
2015-09-16,13,341,103,444
2015-09-16,14,296,112,408
2015-09-16,15,394,106,500
2015-09-16,16,683,132,815
2015-09-16,17,1318,183,1501
2015-09-16,18,1266,122,1388
2015-09-16,19,836,116,952
2015-09-16,20,484,60,544
2015-09-16,21,340,34,374
2015-09-16,22,211,28,239
2015-09-16,23,158,19,177
2015-09-17,0,55,9,64
2015-09-17,1,25,7,32
2015-09-17,2,10,5,15
2015-09-17,3,3,1,4
2015-09-17,4,9,0,9
2015-09-17,5,88,3,91
2015-09-17,6,327,8,335
2015-09-17,7,881,30,911
2015-09-17,8,1228,47,1275
2015-09-17,9,499,50,549
2015-09-17,10,251,85,336
2015-09-17,11,270,102,372
2015-09-17,12,369,102,471
2015-09-17,13,363,123,486
2015-09-17,14,305,116,421
2015-09-17,15,389,139,528
2015-09-17,16,643,164,807
2015-09-17,17,1341,139,1480
2015-09-17,18,1224,152,1376
2015-09-17,19,793,84,877
2015-09-17,20,510,75,585
2015-09-17,21,363,53,416
2015-09-17,22,288,44,332
2015-09-17,23,154,23,177
2015-09-18,0,52,11,63
2015-09-18,1,34,6,40
2015-09-18,2,17,3,20
2015-09-18,3,5,2,7
2015-09-18,4,8,0,8
2015-09-18,5,88,2,90
2015-09-18,6,289,6,295
2015-09-18,7,756,21,777
2015-09-18,8,1214,50,1264
2015-09-18,9,492,56,548
2015-09-18,10,298,113,411
2015-09-18,11,326,114,440
2015-09-18,12,415,153,568
2015-09-18,13,413,131,544
2015-09-18,14,399,157,556
2015-09-18,15,469,141,610
2015-09-18,16,759,149,908
2015-09-18,17,1249,171,1420
2015-09-18,18,1025,126,1151
2015-09-18,19,641,130,771
2015-09-18,20,407,88,495
2015-09-18,21,320,57,377
2015-09-18,22,300,76,376
2015-09-18,23,171,46,217
2015-09-19,0,161,48,209
2015-09-19,1,119,11,130
2015-09-19,2,75,13,88
2015-09-19,3,18,6,24
2015-09-19,4,14,4,18
2015-09-19,5,16,6,22
2015-09-19,6,27,11,38
2015-09-19,7,123,25,148
2015-09-19,8,259,54,313
2015-09-19,9,403,145,548
2015-09-19,10,495,237,732
2015-09-19,11,560,267,827
2015-09-19,12,572,339,911
2015-09-19,13,572,304,876
2015-09-19,14,524,331,855
2015-09-19,15,558,369,927
2015-09-19,16,524,311,835
2015-09-19,17,496,372,868
2015-09-19,18,562,332,894
2015-09-19,19,500,276,776
2015-09-19,20,300,164,464
2015-09-19,21,301,144,445
2015-09-19,22,234,104,338
2015-09-19,23,196,98,294
2015-09-20,0,150,54,204
2015-09-20,1,97,30,127
2015-09-20,2,86,14,100
2015-09-20,3,47,11,58
2015-09-20,4,19,3,22
2015-09-20,5,19,6,25
2015-09-20,6,88,19,107
2015-09-20,7,109,39,148
2015-09-20,8,228,91,319
2015-09-20,9,330,165,495
2015-09-20,10,473,225,698
2015-09-20,11,528,292,820
2015-09-20,12,690,327,1017
2015-09-20,13,543,342,885
2015-09-20,14,542,335,877
2015-09-20,15,566,333,899
2015-09-20,16,663,334,997
2015-09-20,17,516,275,791
2015-09-20,18,524,235,759
2015-09-20,19,470,176,646
2015-09-20,20,298,143,441
2015-09-20,21,194,71,265
2015-09-20,22,139,57,196
2015-09-20,23,75,27,102
2015-09-21,0,35,22,57
2015-09-21,1,10,1,11
2015-09-21,2,12,1,13
2015-09-21,3,2,0,2
2015-09-21,4,8,2,10
2015-09-21,5,89,4,93
2015-09-21,6,308,14,322
2015-09-21,7,914,20,934
2015-09-21,8,1060,62,1122
2015-09-21,9,459,100,559
2015-09-21,10,205,97,302
2015-09-21,11,221,137,358
2015-09-21,12,310,160,470
2015-09-21,13,288,133,421
2015-09-21,14,227,150,377
2015-09-21,15,359,139,498
2015-09-21,16,466,128,594
2015-09-21,17,446,60,506
2015-09-21,18,351,20,371
2015-09-21,19,255,14,269
2015-09-21,20,155,18,173
2015-09-21,21,189,13,202
2015-09-21,22,89,10,99
2015-09-21,23,44,9,53
2015-09-22,0,30,4,34
2015-09-22,1,15,4,19
2015-09-22,2,9,2,11
2015-09-22,3,2,1,3
2015-09-22,4,6,1,7
2015-09-22,5,81,4,85
2015-09-22,6,316,8,324
2015-09-22,7,904,30,934
2015-09-22,8,1089,51,1140
2015-09-22,9,407,52,459
2015-09-22,10,224,96,320
2015-09-22,11,253,94,347
2015-09-22,12,341,137,478
2015-09-22,13,352,109,461
2015-09-22,14,312,115,427
2015-09-22,15,393,143,536
2015-09-22,16,688,190,878
2015-09-22,17,1325,214,1539
2015-09-22,18,1272,177,1449
2015-09-22,19,861,149,1010
2015-09-22,20,490,75,565
2015-09-22,21,419,65,484
2015-09-22,22,266,35,301
2015-09-22,23,114,27,141
2015-09-23,0,56,25,81
2015-09-23,1,14,4,18
2015-09-23,2,10,2,12
2015-09-23,3,14,12,26
2015-09-23,4,31,7,38
2015-09-23,5,147,15,162
2015-09-23,6,340,30,370
2015-09-23,7,767,58,825
2015-09-23,8,900,74,974
2015-09-23,9,519,75,594
2015-09-23,10,337,130,467
2015-09-23,11,399,140,539
2015-09-23,12,495,221,716
2015-09-23,13,454,188,642
2015-09-23,14,386,195,581
2015-09-23,15,456,185,641
2015-09-23,16,715,186,901
2015-09-23,17,1127,238,1365
2015-09-23,18,1128,199,1327
2015-09-23,19,807,130,937
2015-09-23,20,501,87,588
2015-09-23,21,386,61,447
2015-09-23,22,294,60,354
2015-09-23,23,151,17,168
2015-09-24,0,52,5,57
2015-09-24,1,17,8,25
2015-09-24,2,5,1,6
2015-09-24,3,11,6,17
2015-09-24,4,20,13,33
2015-09-24,5,105,11,116
2015-09-24,6,316,29,345
2015-09-24,7,799,43,842
2015-09-24,8,957,65,1022
2015-09-24,9,441,99,540
2015-09-24,10,277,164,441
2015-09-24,11,378,182,560
2015-09-24,12,441,232,673
2015-09-24,13,436,190,626
2015-09-24,14,379,176,555
2015-09-24,15,439,196,635
2015-09-24,16,605,201,806
2015-09-24,17,1167,188,1355
2015-09-24,18,1193,185,1378
2015-09-24,19,836,127,963
2015-09-24,20,509,57,566
2015-09-24,21,360,79,439
2015-09-24,22,258,50,308
2015-09-24,23,193,13,206
2015-09-25,0,75,15,90
2015-09-25,1,35,2,37
2015-09-25,2,17,5,22
2015-09-25,3,7,0,7
2015-09-25,4,6,3,9
2015-09-25,5,81,2,83
2015-09-25,6,302,10,312
2015-09-25,7,798,26,824
2015-09-25,8,1190,63,1253
2015-09-25,9,527,72,599
2015-09-25,10,267,111,378
2015-09-25,11,337,129,466
2015-09-25,12,418,164,582
2015-09-25,13,389,151,540
2015-09-25,14,384,188,572
2015-09-25,15,456,163,619
2015-09-25,16,574,145,719
2015-09-25,17,1167,165,1332
2015-09-25,18,890,144,1034
2015-09-25,19,581,73,654
2015-09-25,20,387,64,451
2015-09-25,21,304,69,373
2015-09-25,22,210,33,243
2015-09-25,23,187,17,204
2015-09-26,0,141,17,158
2015-09-26,1,100,17,117
2015-09-26,2,62,4,66
2015-09-26,3,21,1,22
2015-09-26,4,9,5,14
2015-09-26,5,9,1,10
2015-09-26,6,46,6,52
2015-09-26,7,123,15,138
2015-09-26,8,281,50,331
2015-09-26,9,446,105,551
2015-09-26,10,505,189,694
2015-09-26,11,633,291,924
2015-09-26,12,614,293,907
2015-09-26,13,591,416,1007
2015-09-26,14,629,422,1051
2015-09-26,15,627,358,985
2015-09-26,16,509,324,833
2015-09-26,17,548,355,903
2015-09-26,18,414,223,637
2015-09-26,19,336,150,486
2015-09-26,20,217,95,312
2015-09-26,21,211,53,264
2015-09-26,22,259,64,323
2015-09-26,23,198,55,253
2015-09-27,0,150,39,189
2015-09-27,1,108,23,131
2015-09-27,2,71,15,86
2015-09-27,3,42,8,50
2015-09-27,4,8,2,10
2015-09-27,5,11,7,18
2015-09-27,6,18,7,25
2015-09-27,7,61,10,71
2015-09-27,8,166,42,208
2015-09-27,9,304,119,423
2015-09-27,10,434,198,632
2015-09-27,11,553,255,808
2015-09-27,12,633,342,975
2015-09-27,13,625,340,965
2015-09-27,14,548,256,804
2015-09-27,15,550,303,853
2015-09-27,16,566,207,773
2015-09-27,17,484,200,684
2015-09-27,18,517,165,682
2015-09-27,19,387,115,502
2015-09-27,20,287,76,363
2015-09-27,21,228,79,307
2015-09-27,22,242,58,300
2015-09-27,23,94,26,120
2015-09-28,0,31,8,39
2015-09-28,1,10,3,13
2015-09-28,2,8,0,8
2015-09-28,3,2,4,6
2015-09-28,4,4,3,7
2015-09-28,5,84,2,86
2015-09-28,6,288,5,293
2015-09-28,7,811,23,834
2015-09-28,8,1184,39,1223
2015-09-28,9,474,67,541
2015-09-28,10,194,107,301
2015-09-28,11,282,100,382
2015-09-28,12,362,101,463
2015-09-28,13,325,150,475
2015-09-28,14,334,127,461
2015-09-28,15,370,127,497
2015-09-28,16,644,155,799
2015-09-28,17,1329,178,1507
2015-09-28,18,1174,138,1312
2015-09-28,19,736,96,832
2015-09-28,20,428,34,462
2015-09-28,21,349,53,402
2015-09-28,22,212,34,246
2015-09-28,23,101,15,116
2015-09-29,0,32,10,42
2015-09-29,1,11,5,16
2015-09-29,2,7,1,8
2015-09-29,3,8,0,8
2015-09-29,4,6,2,8
2015-09-29,5,99,3,102
2015-09-29,6,341,4,345
2015-09-29,7,974,29,1003
2015-09-29,8,1233,43,1276
2015-09-29,9,498,60,558
2015-09-29,10,219,78,297
2015-09-29,11,244,123,367
2015-09-29,12,333,113,446
2015-09-29,13,291,110,401
2015-09-29,14,277,108,385
2015-09-29,15,282,93,375
2015-09-29,16,485,61,546
2015-09-29,17,394,46,440
2015-09-29,18,218,20,238
2015-09-29,19,129,10,139
2015-09-29,20,62,6,68
2015-09-29,21,47,1,48
2015-09-29,22,50,2,52
2015-09-29,23,70,2,72
2015-09-30,0,23,5,28
2015-09-30,1,15,2,17
2015-09-30,2,7,0,7
2015-09-30,3,5,0,5
2015-09-30,4,9,0,9
2015-09-30,5,91,2,93
2015-09-30,6,290,16,306
2015-09-30,7,695,16,711
2015-09-30,8,1099,29,1128
2015-09-30,9,431,52,483
2015-09-30,10,189,38,227
2015-09-30,11,175,61,236
2015-09-30,12,285,85,370
2015-09-30,13,269,58,327
2015-09-30,14,243,66,309
2015-09-30,15,367,103,470
2015-09-30,16,579,92,671
2015-09-30,17,1177,124,1301
2015-09-30,18,1174,106,1280
2015-09-30,19,746,69,815
2015-09-30,20,517,51,568
2015-09-30,21,389,36,425
2015-09-30,22,233,19,252
2015-09-30,23,129,17,146
2015-10-01,0,49,7,56
2015-10-01,1,17,1,18
2015-10-01,2,4,1,5
2015-10-01,3,1,0,1
2015-10-01,4,8,1,9
2015-10-01,5,71,0,71
2015-10-01,6,236,7,243
2015-10-01,7,351,8,359
2015-10-01,8,468,8,476
2015-10-01,9,211,17,228
2015-10-01,10,52,5,57
2015-10-01,11,58,8,66
2015-10-01,12,70,2,72
2015-10-01,13,56,3,59
2015-10-01,14,67,7,74
2015-10-01,15,107,13,120
2015-10-01,16,202,13,215
2015-10-01,17,602,18,620
2015-10-01,18,695,21,716
2015-10-01,19,438,18,456
2015-10-01,20,324,28,352
2015-10-01,21,243,15,258
2015-10-01,22,159,19,178
2015-10-01,23,86,4,90
2015-10-02,0,41,4,45
2015-10-02,1,26,4,30
2015-10-02,2,4,0,4
2015-10-02,3,7,0,7
2015-10-02,4,2,0,2
2015-10-02,5,24,0,24
2015-10-02,6,67,0,67
2015-10-02,7,120,1,121
2015-10-02,8,236,8,244
2015-10-02,9,162,1,163
2015-10-02,10,78,3,81
2015-10-02,11,63,10,73
2015-10-02,12,52,3,55
2015-10-02,13,59,9,68
2015-10-02,14,43,3,46
2015-10-02,15,82,3,85
2015-10-02,16,110,8,118
2015-10-02,17,234,10,244
2015-10-02,18,187,10,197
2015-10-02,19,144,11,155
2015-10-02,20,57,8,65
2015-10-02,21,68,4,72
2015-10-02,22,57,3,60
2015-10-02,23,52,1,53
2015-10-03,0,29,1,30
2015-10-03,1,33,0,33
2015-10-03,2,16,2,18
2015-10-03,3,5,0,5
2015-10-03,4,6,0,6
2015-10-03,5,4,2,6
2015-10-03,6,12,3,15
2015-10-03,7,35,4,39
2015-10-03,8,76,11,87
2015-10-03,9,175,23,198
2015-10-03,10,242,35,277
2015-10-03,11,284,27,311
2015-10-03,12,288,55,343
2015-10-03,13,303,72,375
2015-10-03,14,315,80,395
2015-10-03,15,359,83,442
2015-10-03,16,304,74,378
2015-10-03,17,252,51,303
2015-10-03,18,170,28,198
2015-10-03,19,164,15,179
2015-10-03,20,96,13,109
2015-10-03,21,104,7,111
2015-10-03,22,99,11,110
2015-10-03,23,81,1,82
2015-10-04,0,105,7,112
2015-10-04,1,65,7,72
2015-10-04,2,44,7,51
2015-10-04,3,30,1,31
2015-10-04,4,9,1,10
2015-10-04,5,8,1,9
2015-10-04,6,12,3,15
2015-10-04,7,56,19,75
2015-10-04,8,117,34,151
2015-10-04,9,194,23,217
2015-10-04,10,319,53,372
2015-10-04,11,389,92,481
2015-10-04,12,449,117,566
2015-10-04,13,463,130,593
2015-10-04,14,462,153,615
2015-10-04,15,454,144,598
2015-10-04,16,464,156,620
2015-10-04,17,389,113,502
2015-10-04,18,417,101,518
2015-10-04,19,333,49,382
2015-10-04,20,213,42,255
2015-10-04,21,144,22,166
2015-10-04,22,109,24,133
2015-10-04,23,68,12,80
2015-10-05,0,17,3,20
2015-10-05,1,9,5,14
2015-10-05,2,8,4,12
2015-10-05,3,2,0,2
2015-10-05,4,10,1,11
2015-10-05,5,83,1,84
2015-10-05,6,243,6,249
2015-10-05,7,780,14,794
2015-10-05,8,1147,34,1181
2015-10-05,9,443,42,485
2015-10-05,10,210,84,294
2015-10-05,11,249,118,367
2015-10-05,12,327,98,425
2015-10-05,13,347,115,462
2015-10-05,14,263,128,391
2015-10-05,15,341,110,451
2015-10-05,16,642,133,775
2015-10-05,17,1304,137,1441
2015-10-05,18,1180,81,1261
2015-10-05,19,703,47,750
2015-10-05,20,407,31,438
2015-10-05,21,260,16,276
2015-10-05,22,152,15,167
2015-10-05,23,84,11,95
2015-10-06,0,40,3,43
2015-10-06,1,10,1,11
2015-10-06,2,6,0,6
2015-10-06,3,2,0,2
2015-10-06,4,7,2,9
2015-10-06,5,86,1,87
2015-10-06,6,307,11,318
2015-10-06,7,825,20,845
2015-10-06,8,1256,43,1299
2015-10-06,9,509,43,552
2015-10-06,10,261,61,322
2015-10-06,11,281,72,353
2015-10-06,12,357,97,454
2015-10-06,13,364,91,455
2015-10-06,14,312,100,412
2015-10-06,15,381,99,480
2015-10-06,16,717,112,829
2015-10-06,17,1401,187,1588
2015-10-06,18,1269,130,1399
2015-10-06,19,770,69,839
2015-10-06,20,506,20,526
2015-10-06,21,340,13,353
2015-10-06,22,228,15,243
2015-10-06,23,113,13,126
2015-10-07,0,50,15,65
2015-10-07,1,19,2,21
2015-10-07,2,10,0,10
2015-10-07,3,4,0,4
2015-10-07,4,12,0,12
2015-10-07,5,101,2,103
2015-10-07,6,370,3,373
2015-10-07,7,914,27,941
2015-10-07,8,1252,34,1286
2015-10-07,9,516,30,546
2015-10-07,10,255,61,316
2015-10-07,11,284,74,358
2015-10-07,12,377,92,469
2015-10-07,13,388,93,481
2015-10-07,14,286,83,369
2015-10-07,15,379,87,466
2015-10-07,16,727,104,831
2015-10-07,17,1375,131,1506
2015-10-07,18,1235,113,1348
2015-10-07,19,763,104,867
2015-10-07,20,512,60,572
2015-10-07,21,338,40,378
2015-10-07,22,247,12,259
2015-10-07,23,139,14,153
2015-10-08,0,45,4,49
2015-10-08,1,17,2,19
2015-10-08,2,9,4,13
2015-10-08,3,6,0,6
2015-10-08,4,4,0,4
2015-10-08,5,77,4,81
2015-10-08,6,274,6,280
2015-10-08,7,852,20,872
2015-10-08,8,1223,48,1271
2015-10-08,9,500,45,545
2015-10-08,10,249,94,343
2015-10-08,11,289,125,414
2015-10-08,12,400,115,515
2015-10-08,13,361,129,490
2015-10-08,14,303,133,436
2015-10-08,15,382,112,494
2015-10-08,16,619,132,751
2015-10-08,17,1282,173,1455
2015-10-08,18,1340,94,1434
2015-10-08,19,698,77,775
2015-10-08,20,521,47,568
2015-10-08,21,363,61,424
2015-10-08,22,254,27,281
2015-10-08,23,169,22,191
2015-10-09,0,97,18,115
2015-10-09,1,44,9,53
2015-10-09,2,17,0,17
2015-10-09,3,10,0,10
2015-10-09,4,1,3,4
2015-10-09,5,73,1,74
2015-10-09,6,223,8,231
2015-10-09,7,712,16,728
2015-10-09,8,1095,37,1132
2015-10-09,9,549,63,612
2015-10-09,10,305,110,415
2015-10-09,11,322,130,452
2015-10-09,12,461,185,646
2015-10-09,13,380,150,530
2015-10-09,14,380,149,529
2015-10-09,15,494,200,694
2015-10-09,16,693,222,915
2015-10-09,17,1112,210,1322
2015-10-09,18,575,92,667
2015-10-09,19,294,68,362
2015-10-09,20,263,43,306
2015-10-09,21,222,55,277
2015-10-09,22,202,22,224
2015-10-09,23,148,38,186
2015-10-10,0,96,17,113
2015-10-10,1,79,13,92
2015-10-10,2,69,15,84
2015-10-10,3,20,11,31
2015-10-10,4,7,2,9
2015-10-10,5,15,1,16
2015-10-10,6,39,6,45
2015-10-10,7,83,26,109
2015-10-10,8,195,62,257
2015-10-10,9,336,119,455
2015-10-10,10,435,204,639
2015-10-10,11,514,281,795
2015-10-10,12,539,324,863
2015-10-10,13,491,350,841
2015-10-10,14,506,404,910
2015-10-10,15,510,417,927
2015-10-10,16,519,465,984
2015-10-10,17,497,384,881
2015-10-10,18,454,267,721
2015-10-10,19,349,163,512
2015-10-10,20,219,108,327
2015-10-10,21,179,82,261
2015-10-10,22,182,57,239
2015-10-10,23,136,22,158
2015-10-11,0,129,28,157
2015-10-11,1,87,11,98
2015-10-11,2,56,12,68
2015-10-11,3,37,5,42
2015-10-11,4,10,1,11
2015-10-11,5,16,5,21
2015-10-11,6,53,3,56
2015-10-11,7,63,14,77
2015-10-11,8,140,53,193
2015-10-11,9,226,124,350
2015-10-11,10,404,251,655
2015-10-11,11,473,321,794
2015-10-11,12,484,395,879
2015-10-11,13,467,447,914
2015-10-11,14,494,540,1034
2015-10-11,15,482,518,1000
2015-10-11,16,524,424,948
2015-10-11,17,503,466,969
2015-10-11,18,441,308,749
2015-10-11,19,347,177,524
2015-10-11,20,247,108,355
2015-10-11,21,200,74,274
2015-10-11,22,143,61,204
2015-10-11,23,85,34,119
2015-10-12,0,58,14,72
2015-10-12,1,32,3,35
2015-10-12,2,19,5,24
2015-10-12,3,9,2,11
2015-10-12,4,2,1,3
2015-10-12,5,46,2,48
2015-10-12,6,98,0,98
2015-10-12,7,304,16,320
2015-10-12,8,541,41,582
2015-10-12,9,348,88,436
2015-10-12,10,332,171,503
2015-10-12,11,359,238,597
2015-10-12,12,492,267,759
2015-10-12,13,475,315,790
2015-10-12,14,442,298,740
2015-10-12,15,413,347,760
2015-10-12,16,564,303,867
2015-10-12,17,830,263,1093
2015-10-12,18,858,200,1058
2015-10-12,19,554,121,675
2015-10-12,20,332,81,413
2015-10-12,21,265,57,322
2015-10-12,22,150,30,180
2015-10-12,23,83,26,109
2015-10-13,0,45,16,61
2015-10-13,1,17,4,21
2015-10-13,2,10,0,10
2015-10-13,3,2,0,2
2015-10-13,4,4,0,4
2015-10-13,5,80,1,81
2015-10-13,6,315,6,321
2015-10-13,7,838,22,860
2015-10-13,8,1139,53,1192
2015-10-13,9,407,52,459
2015-10-13,10,232,64,296
2015-10-13,11,258,91,349
2015-10-13,12,370,91,461
2015-10-13,13,337,112,449
2015-10-13,14,287,97,384
2015-10-13,15,363,125,488
2015-10-13,16,614,120,734
2015-10-13,17,1354,158,1512
2015-10-13,18,974,102,1076
2015-10-13,19,657,47,704
2015-10-13,20,477,38,515
2015-10-13,21,335,36,371
2015-10-13,22,212,26,238
2015-10-13,23,182,33,215
2015-10-14,0,58,15,73
2015-10-14,1,16,6,22
2015-10-14,2,11,6,17
2015-10-14,3,5,12,17
2015-10-14,4,11,1,12
2015-10-14,5,101,1,102
2015-10-14,6,344,7,351
2015-10-14,7,884,17,901
2015-10-14,8,1281,40,1321
2015-10-14,9,493,53,546
2015-10-14,10,224,76,300
2015-10-14,11,279,68,347
2015-10-14,12,378,75,453
2015-10-14,13,334,78,412
2015-10-14,14,291,72,363
2015-10-14,15,412,104,516
2015-10-14,16,685,125,810
2015-10-14,17,1346,154,1500
2015-10-14,18,1185,137,1322
2015-10-14,19,729,70,799
2015-10-14,20,460,39,499
2015-10-14,21,327,22,349
2015-10-14,22,234,20,254
2015-10-14,23,104,16,120
2015-10-15,0,57,7,64
2015-10-15,1,16,1,17
2015-10-15,2,7,4,11
2015-10-15,3,7,2,9
2015-10-15,4,6,1,7
2015-10-15,5,76,2,78
2015-10-15,6,276,8,284
2015-10-15,7,813,14,827
2015-10-15,8,1237,55,1292
2015-10-15,9,538,92,630
2015-10-15,10,235,86,321
2015-10-15,11,283,119,402
2015-10-15,12,387,125,512
2015-10-15,13,351,130,481
2015-10-15,14,299,118,417
2015-10-15,15,405,145,550
2015-10-15,16,661,162,823
2015-10-15,17,1264,141,1405
2015-10-15,18,1140,124,1264
2015-10-15,19,644,104,748
2015-10-15,20,460,80,540
2015-10-15,21,350,59,409
2015-10-15,22,192,51,243
2015-10-15,23,148,24,172
2015-10-16,0,70,6,76
2015-10-16,1,46,6,52
2015-10-16,2,15,4,19
2015-10-16,3,5,0,5
2015-10-16,4,6,0,6
2015-10-16,5,74,1,75
2015-10-16,6,231,2,233
2015-10-16,7,690,22,712
2015-10-16,8,1211,42,1253
2015-10-16,9,510,77,587
2015-10-16,10,273,126,399
2015-10-16,11,300,166,466
2015-10-16,12,415,129,544
2015-10-16,13,405,173,578
2015-10-16,14,384,163,547
2015-10-16,15,409,175,584
2015-10-16,16,699,168,867
2015-10-16,17,1217,203,1420
2015-10-16,18,933,151,1084
2015-10-16,19,526,76,602
2015-10-16,20,347,75,422
2015-10-16,21,247,61,308
2015-10-16,22,203,29,232
2015-10-16,23,173,19,192
2015-10-17,0,115,28,143
2015-10-17,1,85,23,108
2015-10-17,2,50,8,58
2015-10-17,3,32,2,34
2015-10-17,4,4,0,4
2015-10-17,5,7,2,9
2015-10-17,6,35,6,41
2015-10-17,7,103,20,123
2015-10-17,8,244,49,293
2015-10-17,9,351,103,454
2015-10-17,10,452,167,619
2015-10-17,11,472,237,709
2015-10-17,12,530,306,836
2015-10-17,13,480,331,811
2015-10-17,14,413,308,721
2015-10-17,15,472,381,853
2015-10-17,16,416,308,724
2015-10-17,17,364,269,633
2015-10-17,18,366,140,506
2015-10-17,19,289,56,345
2015-10-17,20,232,33,265
2015-10-17,21,155,34,189
2015-10-17,22,139,24,163
2015-10-17,23,115,26,141
2015-10-18,0,86,14,100
2015-10-18,1,58,9,67
2015-10-18,2,51,2,53
2015-10-18,3,20,0,20
2015-10-18,4,5,2,7
2015-10-18,5,8,2,10
2015-10-18,6,16,1,17
2015-10-18,7,52,10,62
2015-10-18,8,137,23,160
2015-10-18,9,251,68,319
2015-10-18,10,345,166,511
2015-10-18,11,445,194,639
2015-10-18,12,436,237,673
2015-10-18,13,464,170,634
2015-10-18,14,391,179,570
2015-10-18,15,453,164,617
2015-10-18,16,455,177,632
2015-10-18,17,391,117,508
2015-10-18,18,386,85,471
2015-10-18,19,268,53,321
2015-10-18,20,170,35,205
2015-10-18,21,150,36,186
2015-10-18,22,106,32,138
2015-10-18,23,46,12,58
2015-10-19,0,26,0,26
2015-10-19,1,8,5,13
2015-10-19,2,10,2,12
2015-10-19,3,3,1,4
2015-10-19,4,6,1,7
2015-10-19,5,52,0,52
2015-10-19,6,200,0,200
2015-10-19,7,634,20,654
2015-10-19,8,1048,25,1073
2015-10-19,9,456,53,509
2015-10-19,10,195,49,244
2015-10-19,11,216,80,296
2015-10-19,12,304,87,391
2015-10-19,13,280,74,354
2015-10-19,14,238,98,336
2015-10-19,15,317,90,407
2015-10-19,16,569,84,653
2015-10-19,17,1169,88,1257
2015-10-19,18,1024,70,1094
2015-10-19,19,549,34,583
2015-10-19,20,372,12,384
2015-10-19,21,247,6,253
2015-10-19,22,164,20,184
2015-10-19,23,74,14,88
2015-10-20,0,32,0,32
2015-10-20,1,13,1,14
2015-10-20,2,8,0,8
2015-10-20,3,3,0,3
2015-10-20,4,7,2,9
2015-10-20,5,73,0,73
2015-10-20,6,261,1,262
2015-10-20,7,753,14,767
2015-10-20,8,1169,28,1197
2015-10-20,9,468,34,502
2015-10-20,10,215,45,260
2015-10-20,11,206,72,278
2015-10-20,12,299,76,375
2015-10-20,13,290,77,367
2015-10-20,14,278,75,353
2015-10-20,15,345,95,440
2015-10-20,16,625,109,734
2015-10-20,17,1333,116,1449
2015-10-20,18,1109,64,1173
2015-10-20,19,649,37,686
2015-10-20,20,397,31,428
2015-10-20,21,287,20,307
2015-10-20,22,187,17,204
2015-10-20,23,96,19,115
2015-10-21,0,42,11,53
2015-10-21,1,15,6,21
2015-10-21,2,5,0,5
2015-10-21,3,8,4,12
2015-10-21,4,5,1,6
2015-10-21,5,104,2,106
2015-10-21,6,275,6,281
2015-10-21,7,772,17,789
2015-10-21,8,1213,32,1245
2015-10-21,9,478,39,517
2015-10-21,10,244,45,289
2015-10-21,11,236,68,304
2015-10-21,12,335,84,419
2015-10-21,13,322,73,395
2015-10-21,14,272,103,375
2015-10-21,15,359,84,443
2015-10-21,16,680,111,791
2015-10-21,17,1294,150,1444
2015-10-21,18,1133,83,1216
2015-10-21,19,696,41,737
2015-10-21,20,493,43,536
2015-10-21,21,340,27,367
2015-10-21,22,205,11,216
2015-10-21,23,96,15,111
2015-10-22,0,51,8,59
2015-10-22,1,13,6,19
2015-10-22,2,11,1,12
2015-10-22,3,2,3,5
2015-10-22,4,5,3,8
2015-10-22,5,71,0,71
2015-10-22,6,272,0,272
2015-10-22,7,769,12,781
2015-10-22,8,1190,28,1218
2015-10-22,9,543,40,583
2015-10-22,10,225,98,323
2015-10-22,11,291,116,407
2015-10-22,12,380,122,502
2015-10-22,13,338,147,485
2015-10-22,14,302,176,478
2015-10-22,15,369,140,509
2015-10-22,16,644,176,820
2015-10-22,17,1255,190,1445
2015-10-22,18,1120,149,1269
2015-10-22,19,661,78,739
2015-10-22,20,455,68,523
2015-10-22,21,323,39,362
2015-10-22,22,234,27,261
2015-10-22,23,120,16,136
2015-10-23,0,73,13,86
2015-10-23,1,31,11,42
2015-10-23,2,19,2,21
2015-10-23,3,8,1,9
2015-10-23,4,6,0,6
2015-10-23,5,50,1,51
2015-10-23,6,224,2,226
2015-10-23,7,710,22,732
2015-10-23,8,1113,39,1152
2015-10-23,9,528,57,585
2015-10-23,10,271,108,379
2015-10-23,11,306,130,436
2015-10-23,12,420,183,603
2015-10-23,13,394,223,617
2015-10-23,14,395,214,609
2015-10-23,15,457,241,698
2015-10-23,16,722,207,929
2015-10-23,17,1137,261,1398
2015-10-23,18,942,123,1065
2015-10-23,19,533,85,618
2015-10-23,20,359,61,420
2015-10-23,21,258,53,311
2015-10-23,22,221,63,284
2015-10-23,23,157,36,193
2015-10-24,0,103,14,117
2015-10-24,1,83,10,93
2015-10-24,2,59,4,63
2015-10-24,3,25,3,28
2015-10-24,4,7,0,7
2015-10-24,5,11,0,11
2015-10-24,6,37,3,40
2015-10-24,7,93,17,110
2015-10-24,8,267,38,305
2015-10-24,9,346,82,428
2015-10-24,10,426,196,622
2015-10-24,11,483,272,755
2015-10-24,12,543,341,884
2015-10-24,13,486,347,833
2015-10-24,14,441,425,866
2015-10-24,15,476,391,867
2015-10-24,16,441,407,848
2015-10-24,17,465,309,774
2015-10-24,18,413,207,620
2015-10-24,19,356,84,440
2015-10-24,20,211,82,293
2015-10-24,21,176,87,263
2015-10-24,22,196,72,268
2015-10-24,23,152,43,195
2015-10-25,0,106,20,126
2015-10-25,1,87,21,108
2015-10-25,2,55,6,61
2015-10-25,3,23,6,29
2015-10-25,4,5,0,5
2015-10-25,5,23,4,27
2015-10-25,6,37,15,52
2015-10-25,7,60,23,83
2015-10-25,8,119,65,184
2015-10-25,9,193,99,292
2015-10-25,10,345,153,498
2015-10-25,11,412,197,609
2015-10-25,12,518,255,773
2015-10-25,13,524,238,762
2015-10-25,14,553,294,847
2015-10-25,15,505,256,761
2015-10-25,16,535,286,821
2015-10-25,17,507,240,747
2015-10-25,18,448,173,621
2015-10-25,19,295,113,408
2015-10-25,20,213,88,301
2015-10-25,21,179,54,233
2015-10-25,22,121,30,151
2015-10-25,23,70,18,88
2015-10-26,0,36,7,43
2015-10-26,1,7,2,9
2015-10-26,2,6,1,7
2015-10-26,3,5,0,5
2015-10-26,4,6,0,6
2015-10-26,5,64,2,66
2015-10-26,6,240,4,244
2015-10-26,7,695,14,709
2015-10-26,8,1045,42,1087
2015-10-26,9,487,65,552
2015-10-26,10,195,80,275
2015-10-26,11,234,137,371
2015-10-26,12,301,146,447
2015-10-26,13,312,160,472
2015-10-26,14,236,131,367
2015-10-26,15,362,139,501
2015-10-26,16,618,168,786
2015-10-26,17,1300,128,1428
2015-10-26,18,995,85,1080
2015-10-26,19,599,52,651
2015-10-26,20,327,32,359
2015-10-26,21,246,18,264
2015-10-26,22,158,17,175
2015-10-26,23,65,4,69
2015-10-27,0,27,2,29
2015-10-27,1,15,4,19
2015-10-27,2,3,1,4
2015-10-27,4,8,0,8
2015-10-27,5,72,1,73
2015-10-27,6,283,4,287
2015-10-27,7,779,17,796
2015-10-27,8,1188,33,1221
2015-10-27,9,477,50,527
2015-10-27,10,205,77,282
2015-10-27,11,222,82,304
2015-10-27,12,299,97,396
2015-10-27,13,306,67,373
2015-10-27,14,267,96,363
2015-10-27,15,343,68,411
2015-10-27,16,563,99,662
2015-10-27,17,1228,87,1315
2015-10-27,18,965,39,1004
2015-10-27,19,604,34,638
2015-10-27,20,413,34,447
2015-10-27,21,308,26,334
2015-10-27,22,175,16,191
2015-10-27,23,108,5,113
2015-10-28,0,30,1,31
2015-10-28,1,18,3,21
2015-10-28,2,4,1,5
2015-10-28,3,3,0,3
2015-10-28,4,5,0,5
2015-10-28,5,70,1,71
2015-10-28,6,202,5,207
2015-10-28,7,568,9,577
2015-10-28,8,693,15,708
2015-10-28,9,361,15,376
2015-10-28,10,141,8,149
2015-10-28,11,46,11,57
2015-10-28,12,93,6,99
2015-10-28,13,86,4,90
2015-10-28,14,113,25,138
2015-10-28,15,129,10,139
2015-10-28,16,274,9,283
2015-10-28,17,417,19,436
2015-10-28,18,585,12,597
2015-10-28,19,279,10,289
2015-10-28,20,286,9,295
2015-10-28,21,238,9,247
2015-10-28,22,229,9,238
2015-10-28,23,108,10,118
2015-10-29,0,36,2,38
2015-10-29,1,9,2,11
2015-10-29,2,6,0,6
2015-10-29,3,6,0,6
2015-10-29,4,5,0,5
2015-10-29,5,59,1,60
2015-10-29,6,252,3,255
2015-10-29,7,776,17,793
2015-10-29,8,1130,16,1146
2015-10-29,9,471,26,497
2015-10-29,10,216,61,277
2015-10-29,11,273,84,357
2015-10-29,12,349,110,459
2015-10-29,13,333,83,416
2015-10-29,14,281,108,389
2015-10-29,15,382,110,492
2015-10-29,16,627,92,719
2015-10-29,17,1318,127,1445
2015-10-29,18,1085,76,1161
2015-10-29,19,690,55,745
2015-10-29,20,470,62,532
2015-10-29,21,307,51,358
2015-10-29,22,243,29,272
2015-10-29,23,166,27,193
2015-10-30,0,51,14,65
2015-10-30,1,29,1,30
2015-10-30,2,17,3,20
2015-10-30,3,3,0,3
2015-10-30,4,8,1,9
2015-10-30,5,70,0,70
2015-10-30,6,201,1,202
2015-10-30,7,623,15,638
2015-10-30,8,1097,30,1127
2015-10-30,9,524,51,575
2015-10-30,10,226,49,275
2015-10-30,11,289,94,383
2015-10-30,12,373,74,447
2015-10-30,13,359,131,490
2015-10-30,14,384,107,491
2015-10-30,15,407,109,516
2015-10-30,16,691,115,806
2015-10-30,17,1098,118,1216
2015-10-30,18,779,70,849
2015-10-30,19,500,40,540
2015-10-30,20,324,35,359
2015-10-30,21,203,34,237
2015-10-30,22,179,22,201
2015-10-30,23,140,11,151
2015-10-31,0,103,17,120
2015-10-31,1,91,9,100
2015-10-31,2,52,5,57
2015-10-31,3,22,5,27
2015-10-31,4,10,0,10
2015-10-31,5,10,0,10
2015-10-31,6,22,1,23
2015-10-31,7,73,8,81
2015-10-31,8,183,27,210
2015-10-31,9,318,55,373
2015-10-31,10,436,125,561
2015-10-31,11,461,182,643
2015-10-31,12,549,230,779
2015-10-31,13,504,258,762
2015-10-31,14,552,314,866
2015-10-31,15,549,300,849
2015-10-31,16,587,279,866
2015-10-31,17,423,216,639
2015-10-31,18,413,124,537
2015-10-31,19,273,90,363
2015-10-31,20,217,67,284
2015-10-31,21,161,33,194
2015-10-31,22,165,51,216
2015-10-31,23,122,29,151
2015-11-01,0,141,10,151
2015-11-01,1,237,41,278
2015-11-01,2,37,20,57
2015-11-01,3,25,6,31
2015-11-01,4,5,1,6
2015-11-01,5,4,3,7
2015-11-01,6,18,2,20
2015-11-01,7,43,4,47
2015-11-01,8,75,10,85
2015-11-01,9,166,45,211
2015-11-01,10,306,93,399
2015-11-01,11,382,129,511
2015-11-01,12,505,174,679
2015-11-01,13,483,227,710
2015-11-01,14,499,235,734
2015-11-01,15,467,246,713
2015-11-01,16,476,207,683
2015-11-01,17,448,164,612
2015-11-01,18,295,80,375
2015-11-01,19,251,61,312
2015-11-01,20,174,58,232
2015-11-01,21,98,47,145
2015-11-01,22,124,29,153
2015-11-01,23,55,5,60
2015-11-02,0,23,6,29
2015-11-02,1,10,6,16
2015-11-02,2,6,7,13
2015-11-02,3,3,0,3
2015-11-02,4,4,1,5
2015-11-02,5,79,5,84
2015-11-02,6,282,5,287
2015-11-02,7,855,27,882
2015-11-02,8,1070,36,1106
2015-11-02,9,409,52,461
2015-11-02,10,186,76,262
2015-11-02,11,199,82,281
2015-11-02,12,312,86,398
2015-11-02,13,276,87,363
2015-11-02,14,226,104,330
2015-11-02,15,305,105,410
2015-11-02,16,603,82,685
2015-11-02,17,1174,97,1271
2015-11-02,18,900,53,953
2015-11-02,19,633,43,676
2015-11-02,20,398,37,435
2015-11-02,21,242,32,274
2015-11-02,22,142,17,159
2015-11-02,23,58,5,63
2015-11-03,0,27,7,34
2015-11-03,1,15,0,15
2015-11-03,2,1,2,3
2015-11-03,3,2,0,2
2015-11-03,4,6,0,6
2015-11-03,5,87,2,89
2015-11-03,6,327,2,329
2015-11-03,7,924,19,943
2015-11-03,8,1239,42,1281
2015-11-03,9,418,43,461
2015-11-03,10,220,57,277
2015-11-03,11,237,86,323
2015-11-03,12,341,86,427
2015-11-03,13,332,111,443
2015-11-03,14,285,101,386
2015-11-03,15,379,100,479
2015-11-03,16,697,106,803
2015-11-03,17,1316,104,1420
2015-11-03,18,1007,40,1047
2015-11-03,19,638,24,662
2015-11-03,20,463,18,481
2015-11-03,21,309,15,324
2015-11-03,22,169,15,184
2015-11-03,23,84,5,89
2015-11-04,0,25,2,27
2015-11-04,1,9,0,9
2015-11-04,2,4,4,8
2015-11-04,3,5,0,5
2015-11-04,4,9,0,9
2015-11-04,5,97,4,101
2015-11-04,6,381,2,383
2015-11-04,7,927,18,945
2015-11-04,8,1171,32,1203
2015-11-04,9,491,64,555
2015-11-04,10,241,43,284
2015-11-04,11,289,107,396
2015-11-04,12,386,101,487
2015-11-04,13,388,108,496
2015-11-04,14,365,120,485
2015-11-04,15,415,103,518
2015-11-04,16,685,86,771
2015-11-04,17,1269,116,1385
2015-11-04,18,1067,54,1121
2015-11-04,19,588,52,640
2015-11-04,20,382,21,403
2015-11-04,21,247,28,275
2015-11-04,22,176,25,201
2015-11-04,23,113,2,115
2015-11-05,0,37,3,40
2015-11-05,1,11,1,12
2015-11-05,2,6,2,8
2015-11-05,3,1,0,1
2015-11-05,4,13,0,13
2015-11-05,5,71,0,71
2015-11-05,6,279,2,281
2015-11-05,7,794,17,811
2015-11-05,8,1166,51,1217
2015-11-05,9,484,42,526
2015-11-05,10,220,61,281
2015-11-05,11,251,84,335
2015-11-05,12,350,90,440
2015-11-05,13,348,92,440
2015-11-05,14,316,86,402
2015-11-05,15,364,92,456
2015-11-05,16,673,136,809
2015-11-05,17,1209,109,1318
2015-11-05,18,1055,59,1114
2015-11-05,19,642,53,695
2015-11-05,20,428,35,463
2015-11-05,21,367,20,387
2015-11-05,22,243,16,259
2015-11-05,23,152,22,174
2015-11-06,0,66,21,87
2015-11-06,1,35,5,40
2015-11-06,2,13,6,19
2015-11-06,3,5,1,6
2015-11-06,4,7,0,7
2015-11-06,5,73,0,73
2015-11-06,6,268,6,274
2015-11-06,7,789,17,806
2015-11-06,8,1159,52,1211
2015-11-06,9,516,62,578
2015-11-06,10,301,135,436
2015-11-06,11,310,186,496
2015-11-06,12,422,171,593
2015-11-06,13,440,220,660
2015-11-06,14,390,222,612
2015-11-06,15,501,260,761
2015-11-06,16,859,267,1126
2015-11-06,17,1182,170,1352
2015-11-06,18,889,102,991
2015-11-06,19,499,93,592
2015-11-06,20,196,54,250
2015-11-06,21,169,42,211
2015-11-06,22,199,34,233
2015-11-06,23,166,29,195
2015-11-07,0,139,26,165
2015-11-07,1,106,16,122
2015-11-07,2,53,16,69
2015-11-07,3,21,13,34
2015-11-07,4,5,2,7
2015-11-07,5,8,6,14
2015-11-07,6,19,7,26
2015-11-07,7,99,9,108
2015-11-07,8,239,44,283
2015-11-07,9,280,72,352
2015-11-07,10,232,72,304
2015-11-07,11,185,41,226
2015-11-07,12,156,17,173
2015-11-07,13,189,45,234
2015-11-07,14,277,98,375
2015-11-07,15,350,130,480
2015-11-07,16,364,128,492
2015-11-07,17,385,130,515
2015-11-07,18,328,61,389
2015-11-07,19,266,55,321
2015-11-07,20,218,44,262
2015-11-07,21,216,41,257
2015-11-07,22,175,40,215
2015-11-07,23,152,35,187
2015-11-08,0,88,12,100
2015-11-08,1,94,2,96
2015-11-08,2,71,3,74
2015-11-08,3,33,12,45
2015-11-08,4,11,0,11
2015-11-08,5,12,1,13
2015-11-08,6,24,4,28
2015-11-08,7,87,16,103
2015-11-08,8,145,43,188
2015-11-08,9,310,122,432
2015-11-08,10,466,232,698
2015-11-08,11,493,363,856
2015-11-08,12,570,304,874
2015-11-08,13,588,305,893
2015-11-08,14,555,360,915
2015-11-08,15,528,360,888
2015-11-08,16,558,300,858
2015-11-08,17,466,148,614
2015-11-08,18,343,74,417
2015-11-08,19,266,53,319
2015-11-08,20,204,31,235
2015-11-08,21,145,26,171
2015-11-08,22,98,12,110
2015-11-08,23,49,7,56
2015-11-09,0,31,0,31
2015-11-09,1,9,0,9
2015-11-09,2,3,2,5
2015-11-09,3,4,2,6
2015-11-09,4,9,0,9
2015-11-09,5,73,0,73
2015-11-09,6,252,2,254
2015-11-09,7,729,16,745
2015-11-09,8,1013,26,1039
2015-11-09,9,459,42,501
2015-11-09,10,135,49,184
2015-11-09,11,187,50,237
2015-11-09,12,262,72,334
2015-11-09,13,267,59,326
2015-11-09,14,256,56,312
2015-11-09,15,261,51,312
2015-11-09,16,489,40,529
2015-11-09,17,663,40,703
2015-11-09,18,521,20,541
2015-11-09,19,275,19,294
2015-11-09,20,155,8,163
2015-11-09,21,63,5,68
2015-11-09,22,26,2,28
2015-11-09,23,9,3,12
2015-11-10,0,6,0,6
2015-11-10,1,2,0,2
2015-11-10,2,3,1,4
2015-11-10,3,1,0,1
2015-11-10,4,1,0,1
2015-11-10,5,55,1,56
2015-11-10,6,208,1,209
2015-11-10,7,418,7,425
2015-11-10,8,779,15,794
2015-11-10,9,292,17,309
2015-11-10,10,97,16,113
2015-11-10,11,128,19,147
2015-11-10,12,194,31,225
2015-11-10,13,133,16,149
2015-11-10,14,92,15,107
2015-11-10,15,200,17,217
2015-11-10,16,325,16,341
2015-11-10,17,627,20,647
2015-11-10,18,678,18,696
2015-11-10,19,434,12,446
2015-11-10,20,337,9,346
2015-11-10,21,256,5,261
2015-11-10,22,137,10,147
2015-11-10,23,122,2,124
2015-11-11,0,41,3,44
2015-11-11,1,24,0,24
2015-11-11,2,13,1,14
2015-11-11,3,6,0,6
2015-11-11,4,4,1,5
2015-11-11,5,50,0,50
2015-11-11,6,146,1,147
2015-11-11,7,497,10,507
2015-11-11,8,853,23,876
2015-11-11,9,513,41,554
2015-11-11,10,285,44,329
2015-11-11,11,387,76,463
2015-11-11,12,434,102,536
2015-11-11,13,453,113,566
2015-11-11,14,426,113,539
2015-11-11,15,439,103,542
2015-11-11,16,539,115,654
2015-11-11,17,812,73,885
2015-11-11,18,680,36,716
2015-11-11,19,495,30,525
2015-11-11,20,349,22,371
2015-11-11,21,251,16,267
2015-11-11,22,187,18,205
2015-11-11,23,72,4,76
2015-11-12,0,43,3,46
2015-11-12,1,14,1,15
2015-11-12,2,11,6,17
2015-11-12,3,4,0,4
2015-11-12,4,6,0,6
2015-11-12,5,74,0,74
2015-11-12,6,269,0,269
2015-11-12,7,740,11,751
2015-11-12,8,862,15,877
2015-11-12,9,341,22,363
2015-11-12,10,146,24,170
2015-11-12,11,127,10,137
2015-11-12,12,215,31,246
2015-11-12,13,252,46,298
2015-11-12,14,218,70,288
2015-11-12,15,320,61,381
2015-11-12,16,636,47,683
2015-11-12,17,1081,63,1144
2015-11-12,18,955,50,1005
2015-11-12,19,577,22,599
2015-11-12,20,409,28,437
2015-11-12,21,350,12,362
2015-11-12,22,174,15,189
2015-11-12,23,109,6,115
2015-11-13,0,52,7,59
2015-11-13,1,21,4,25
2015-11-13,2,8,0,8
2015-11-13,3,2,0,2
2015-11-13,4,5,0,5
2015-11-13,5,74,2,76
2015-11-13,6,255,3,258
2015-11-13,7,708,13,721
2015-11-13,8,1150,28,1178
2015-11-13,9,521,44,565
2015-11-13,10,226,78,304
2015-11-13,11,304,91,395
2015-11-13,12,395,108,503
2015-11-13,13,363,87,450
2015-11-13,14,341,110,451
2015-11-13,15,380,95,475
2015-11-13,16,675,76,751
2015-11-13,17,992,51,1043
2015-11-13,18,720,32,752
2015-11-13,19,423,28,451
2015-11-13,20,267,23,290
2015-11-13,21,200,26,226
2015-11-13,22,147,12,159
2015-11-13,23,105,10,115
2015-11-14,0,96,10,106
2015-11-14,1,48,3,51
2015-11-14,2,34,5,39
2015-11-14,3,19,5,24
2015-11-14,4,4,0,4
2015-11-14,5,8,0,8
2015-11-14,6,25,1,26
2015-11-14,7,86,6,92
2015-11-14,8,195,17,212
2015-11-14,9,327,54,381
2015-11-14,10,396,97,493
2015-11-14,11,438,155,593
2015-11-14,12,434,189,623
2015-11-14,13,445,222,667
2015-11-14,14,416,279,695
2015-11-14,15,436,279,715
2015-11-14,16,423,196,619
2015-11-14,17,350,121,471
2015-11-14,18,331,53,384
2015-11-14,19,262,35,297
2015-11-14,20,175,23,198
2015-11-14,21,158,39,197
2015-11-14,22,127,18,145
2015-11-14,23,115,16,131
2015-11-15,0,112,14,126
2015-11-15,1,85,13,98
2015-11-15,2,59,5,64
2015-11-15,3,22,2,24
2015-11-15,4,6,1,7
2015-11-15,5,7,0,7
2015-11-15,6,8,3,11
2015-11-15,7,47,2,49
2015-11-15,8,137,17,154
2015-11-15,9,235,84,319
2015-11-15,10,400,130,530
2015-11-15,11,459,220,679
2015-11-15,12,494,226,720
2015-11-15,13,490,239,729
2015-11-15,14,499,252,751
2015-11-15,15,531,227,758
2015-11-15,16,539,189,728
2015-11-15,17,395,144,539
2015-11-15,18,304,52,356
2015-11-15,19,202,38,240
2015-11-15,20,195,28,223
2015-11-15,21,129,23,152
2015-11-15,22,97,15,112
2015-11-15,23,57,8,65
2015-11-16,0,26,2,28
2015-11-16,1,13,0,13
2015-11-16,2,9,0,9
2015-11-16,3,5,0,5
2015-11-16,4,6,1,7
2015-11-16,5,64,1,65
2015-11-16,6,220,4,224
2015-11-16,7,739,17,756
2015-11-16,8,1138,17,1155
2015-11-16,9,432,46,478
2015-11-16,10,225,47,272
2015-11-16,11,235,77,312
2015-11-16,12,277,69,346
2015-11-16,13,271,82,353
2015-11-16,14,227,66,293
2015-11-16,15,357,70,427
2015-11-16,16,608,89,697
2015-11-16,17,1164,50,1214
2015-11-16,18,971,42,1013
2015-11-16,19,552,26,578
2015-11-16,20,360,23,383
2015-11-16,21,284,12,296
2015-11-16,22,144,13,157
2015-11-16,23,72,3,75
2015-11-17,0,29,1,30
2015-11-17,1,11,0,11
2015-11-17,2,6,0,6
2015-11-17,3,4,0,4
2015-11-17,4,3,0,3
2015-11-17,5,79,0,79
2015-11-17,6,275,4,279
2015-11-17,7,860,20,880
2015-11-17,8,1226,32,1258
2015-11-17,9,463,26,489
2015-11-17,10,183,47,230
2015-11-17,11,206,56,262
2015-11-17,12,290,72,362
2015-11-17,13,286,53,339
2015-11-17,14,267,52,319
2015-11-17,15,320,60,380
2015-11-17,16,549,65,614
2015-11-17,17,1083,58,1141
2015-11-17,18,960,30,990
2015-11-17,19,563,24,587
2015-11-17,20,395,16,411
2015-11-17,21,289,23,312
2015-11-17,22,149,8,157
2015-11-17,23,78,5,83
2015-11-18,0,30,2,32
2015-11-18,1,14,0,14
2015-11-18,2,5,3,8
2015-11-18,3,3,0,3
2015-11-18,4,4,0,4
2015-11-18,5,101,2,103
2015-11-18,6,309,7,316
2015-11-18,7,837,25,862
2015-11-18,8,1170,32,1202
2015-11-18,9,477,34,511
2015-11-18,10,227,51,278
2015-11-18,11,252,43,295
2015-11-18,12,312,40,352
2015-11-18,13,304,61,365
2015-11-18,14,275,74,349
2015-11-18,15,316,60,376
2015-11-18,16,583,66,649
2015-11-18,17,1137,57,1194
2015-11-18,18,969,53,1022
2015-11-18,19,576,52,628
2015-11-18,20,442,27,469
2015-11-18,21,316,29,345
2015-11-18,22,212,26,238
2015-11-18,23,145,8,153
2015-11-19,0,66,3,69
2015-11-19,1,24,1,25
2015-11-19,2,17,0,17
2015-11-19,3,8,0,8
2015-11-19,4,8,0,8
2015-11-19,5,32,1,33
2015-11-19,6,186,4,190
2015-11-19,7,527,17,544
2015-11-19,8,1037,23,1060
2015-11-19,9,431,19,450
2015-11-19,10,127,31,158
2015-11-19,11,113,17,130
2015-11-19,12,123,13,136
2015-11-19,13,49,1,50
2015-11-19,14,43,4,47
2015-11-19,15,112,8,120
2015-11-19,16,250,10,260
2015-11-19,17,740,18,758
2015-11-19,18,726,18,744
2015-11-19,19,429,12,441
2015-11-19,20,335,12,347
2015-11-19,21,295,22,317
2015-11-19,22,200,15,215
2015-11-19,23,119,9,128
2015-11-20,0,53,4,57
2015-11-20,1,17,1,18
2015-11-20,2,11,0,11
2015-11-20,3,4,0,4
2015-11-20,4,9,0,9
2015-11-20,5,69,2,71
2015-11-20,6,213,5,218
2015-11-20,7,673,17,690
2015-11-20,8,1097,29,1126
2015-11-20,9,498,49,547
2015-11-20,10,225,45,270
2015-11-20,11,265,75,340
2015-11-20,12,390,85,475
2015-11-20,13,360,83,443
2015-11-20,14,313,132,445
2015-11-20,15,418,113,531
2015-11-20,16,671,103,774
2015-11-20,17,973,51,1024
2015-11-20,18,700,44,744
2015-11-20,19,448,41,489
2015-11-20,20,277,20,297
2015-11-20,21,174,22,196
2015-11-20,22,173,7,180
2015-11-20,23,119,19,138
2015-11-21,0,82,13,95
2015-11-21,1,68,6,74
2015-11-21,2,27,0,27
2015-11-21,3,12,0,12
2015-11-21,4,10,0,10
2015-11-21,5,6,0,6
2015-11-21,6,33,2,35
2015-11-21,7,96,5,101
2015-11-21,8,170,28,198
2015-11-21,9,292,64,356
2015-11-21,10,374,123,497
2015-11-21,11,485,139,624
2015-11-21,12,502,222,724
2015-11-21,13,436,195,631
2015-11-21,14,459,228,687
2015-11-21,15,461,240,701
2015-11-21,16,394,194,588
2015-11-21,17,337,134,471
2015-11-21,18,262,60,322
2015-11-21,19,255,75,330
2015-11-21,20,204,40,244
2015-11-21,21,177,45,222
2015-11-21,22,150,27,177
2015-11-21,23,140,27,167
2015-11-22,0,117,7,124
2015-11-22,1,90,9,99
2015-11-22,2,71,2,73
2015-11-22,3,15,0,15
2015-11-22,4,4,1,5
2015-11-22,5,6,2,8
2015-11-22,6,19,6,25
2015-11-22,7,43,5,48
2015-11-22,8,114,31,145
2015-11-22,9,234,50,284
2015-11-22,10,297,88,385
2015-11-22,11,379,117,496
2015-11-22,12,404,86,490
2015-11-22,13,374,96,470
2015-11-22,14,321,84,405
2015-11-22,15,357,51,408
2015-11-22,16,329,70,399
2015-11-22,17,247,52,299
2015-11-22,18,229,26,255
2015-11-22,19,181,20,201
2015-11-22,20,134,6,140
2015-11-22,21,75,8,83
2015-11-22,22,54,1,55
2015-11-22,23,35,1,36
2015-11-23,0,16,0,16
2015-11-23,1,8,1,9
2015-11-23,2,5,2,7
2015-11-23,3,4,0,4
2015-11-23,4,4,0,4
2015-11-23,5,71,1,72
2015-11-23,6,210,0,210
2015-11-23,7,549,4,553
2015-11-23,8,905,13,918
2015-11-23,9,411,34,445
2015-11-23,10,163,43,206
2015-11-23,11,158,25,183
2015-11-23,12,224,17,241
2015-11-23,13,197,25,222
2015-11-23,14,170,33,203
2015-11-23,15,244,29,273
2015-11-23,16,431,25,456
2015-11-23,17,844,20,864
2015-11-23,18,676,12,688
2015-11-23,19,418,10,428
2015-11-23,20,258,13,271
2015-11-23,21,178,3,181
2015-11-23,22,97,2,99
2015-11-23,23,47,1,48
2015-11-24,0,36,0,36
2015-11-24,1,4,1,5
2015-11-24,2,5,0,5
2015-11-24,4,7,0,7
2015-11-24,5,56,0,56
2015-11-24,6,226,0,226
2015-11-24,7,575,8,583
2015-11-24,8,944,15,959
2015-11-24,9,405,16,421
2015-11-24,10,191,31,222
2015-11-24,11,223,39,262
2015-11-24,12,321,55,376
2015-11-24,13,306,62,368
2015-11-24,14,263,52,315
2015-11-24,15,321,65,386
2015-11-24,16,501,54,555
2015-11-24,17,902,47,949
2015-11-24,18,703,19,722
2015-11-24,19,419,3,422
2015-11-24,20,255,11,266
2015-11-24,21,163,15,178
2015-11-24,22,111,8,119
2015-11-24,23,57,5,62
2015-11-25,0,28,7,35
2015-11-25,1,12,6,18
2015-11-25,2,12,3,15
2015-11-25,3,1,1,2
2015-11-25,4,5,0,5
2015-11-25,5,58,1,59
2015-11-25,6,151,0,151
2015-11-25,7,466,6,472
2015-11-25,8,722,10,732
2015-11-25,9,384,21,405
2015-11-25,10,203,61,264
2015-11-25,11,236,69,305
2015-11-25,12,344,69,413
2015-11-25,13,366,69,435
2015-11-25,14,480,91,571
2015-11-25,15,647,85,732
2015-11-25,16,609,67,676
2015-11-25,17,485,40,525
2015-11-25,18,344,20,364
2015-11-25,19,214,22,236
2015-11-25,20,158,16,174
2015-11-25,21,112,8,120
2015-11-25,22,72,6,78
2015-11-25,23,59,18,77
2015-11-26,0,52,14,66
2015-11-26,1,29,13,42
2015-11-26,2,22,2,24
2015-11-26,3,6,0,6
2015-11-26,4,4,0,4
2015-11-26,5,7,0,7
2015-11-26,6,13,1,14
2015-11-26,7,68,5,73
2015-11-26,8,128,17,145
2015-11-26,9,106,30,136
2015-11-26,10,165,65,230
2015-11-26,11,205,120,325
2015-11-26,12,218,193,411
2015-11-26,13,183,174,357
2015-11-26,14,179,195,374
2015-11-26,15,177,157,334
2015-11-26,16,106,127,233
2015-11-26,17,68,89,157
2015-11-26,18,60,35,95
2015-11-26,19,61,33,94
2015-11-26,20,40,14,54
2015-11-26,21,46,30,76
2015-11-26,22,44,38,82
2015-11-26,23,41,14,55
2015-11-27,0,22,21,43
2015-11-27,1,9,2,11
2015-11-27,2,10,5,15
2015-11-27,3,2,0,2
2015-11-27,4,2,0,2
2015-11-27,5,13,0,13
2015-11-27,6,40,0,40
2015-11-27,7,93,16,109
2015-11-27,8,148,33,181
2015-11-27,9,162,95,257
2015-11-27,10,184,162,346
2015-11-27,11,180,247,427
2015-11-27,12,266,373,639
2015-11-27,13,250,423,673
2015-11-27,14,303,355,658
2015-11-27,15,343,381,724
2015-11-27,16,342,324,666
2015-11-27,17,270,185,455
2015-11-27,18,209,73,282
2015-11-27,19,149,55,204
2015-11-27,20,125,30,155
2015-11-27,21,102,32,134
2015-11-27,22,103,27,130
2015-11-27,23,56,18,74
2015-11-28,0,50,24,74
2015-11-28,1,27,6,33
2015-11-28,2,22,8,30
2015-11-28,3,21,8,29
2015-11-28,4,8,3,11
2015-11-28,5,14,1,15
2015-11-28,6,12,1,13
2015-11-28,7,48,8,56
2015-11-28,8,103,34,137
2015-11-28,9,145,101,246
2015-11-28,10,230,200,430
2015-11-28,11,288,237,525
2015-11-28,12,291,292,583
2015-11-28,13,254,307,561
2015-11-28,14,310,358,668
2015-11-28,15,358,337,695
2015-11-28,16,298,312,610
2015-11-28,17,290,193,483
2015-11-28,18,223,112,335
2015-11-28,19,176,116,292
2015-11-28,20,128,53,181
2015-11-28,21,121,61,182
2015-11-28,22,112,44,156
2015-11-28,23,65,8,73
2015-11-29,0,50,9,59
2015-11-29,1,37,1,38
2015-11-29,2,21,4,25
2015-11-29,3,9,2,11
2015-11-29,4,2,0,2
2015-11-29,5,4,0,4
2015-11-29,6,6,0,6
2015-11-29,7,14,8,22
2015-11-29,8,29,7,36
2015-11-29,9,53,8,61
2015-11-29,10,123,9,132
2015-11-29,11,187,22,209
2015-11-29,12,202,31,233
2015-11-29,13,242,34,276
2015-11-29,14,211,45,256
2015-11-29,15,256,34,290
2015-11-29,16,267,25,292
2015-11-29,17,212,32,244
2015-11-29,18,194,34,228
2015-11-29,19,144,10,154
2015-11-29,20,114,13,127
2015-11-29,21,68,9,77
2015-11-29,22,51,3,54
2015-11-29,23,38,3,41
2015-11-30,0,19,5,24
2015-11-30,1,9,0,9
2015-11-30,2,4,2,6
2015-11-30,3,0,3,3
2015-11-30,4,4,0,4
2015-11-30,5,72,0,72
2015-11-30,6,222,3,225
2015-11-30,7,526,5,531
2015-11-30,8,665,7,672
2015-11-30,9,279,11,290
2015-11-30,10,91,19,110
2015-11-30,11,116,7,123
2015-11-30,12,145,12,157
2015-11-30,13,105,12,117
2015-11-30,14,55,5,60
2015-11-30,15,96,3,99
2015-11-30,16,191,1,192
2015-11-30,17,403,4,407
2015-11-30,18,395,4,399
2015-11-30,19,301,6,307
2015-11-30,20,177,1,178
2015-11-30,21,88,1,89
2015-11-30,22,51,2,53
2015-11-30,23,32,1,33
2015-12-01,0,8,1,9
2015-12-01,1,5,0,5
2015-12-01,2,2,0,2
2015-12-01,3,3,0,3
2015-12-01,4,5,0,5
2015-12-01,5,46,0,46
2015-12-01,6,105,0,105
2015-12-01,7,170,0,170
2015-12-01,8,294,1,295
2015-12-01,9,160,1,161
2015-12-01,10,37,1,38
2015-12-01,11,51,2,53
2015-12-01,12,60,2,62
2015-12-01,13,51,0,51
2015-12-01,14,67,3,70
2015-12-01,15,168,3,171
2015-12-01,16,288,8,296
2015-12-01,17,657,12,669
2015-12-01,18,646,7,653
2015-12-01,19,408,8,416
2015-12-01,20,291,5,296
2015-12-01,21,191,5,196
2015-12-01,22,108,6,114
2015-12-01,23,60,8,68
2015-12-02,0,41,4,45
2015-12-02,1,8,3,11
2015-12-02,2,2,0,2
2015-12-02,3,1,0,1
2015-12-02,4,4,0,4
2015-12-02,5,54,0,54
2015-12-02,6,194,4,198
2015-12-02,7,269,3,272
2015-12-02,8,786,5,791
2015-12-02,9,438,7,445
2015-12-02,10,142,7,149
2015-12-02,11,103,4,107
2015-12-02,12,97,3,100
2015-12-02,13,91,5,96
2015-12-02,14,135,8,143
2015-12-02,15,169,19,188
2015-12-02,16,351,19,370
2015-12-02,17,683,15,698
2015-12-02,18,708,8,716
2015-12-02,19,459,7,466
2015-12-02,20,328,10,338
2015-12-02,21,281,14,295
2015-12-02,22,153,11,164
2015-12-02,23,83,4,87
2015-12-03,0,41,2,43
2015-12-03,1,20,0,20
2015-12-03,2,10,1,11
2015-12-03,4,11,0,11
2015-12-03,5,57,1,58
2015-12-03,6,231,3,234
2015-12-03,7,648,8,656
2015-12-03,8,1107,7,1114
2015-12-03,9,451,7,458
2015-12-03,10,222,16,238
2015-12-03,11,206,31,237
2015-12-03,12,300,28,328
2015-12-03,13,275,25,300
2015-12-03,14,207,22,229
2015-12-03,15,304,22,326
2015-12-03,16,502,35,537
2015-12-03,17,865,19,884
2015-12-03,18,834,29,863
2015-12-03,19,522,22,544
2015-12-03,20,363,11,374
2015-12-03,21,214,6,220
2015-12-03,22,175,7,182
2015-12-03,23,96,6,102
2015-12-04,0,37,1,38
2015-12-04,1,39,0,39
2015-12-04,2,15,6,21
2015-12-04,3,3,8,11
2015-12-04,4,8,10,18
2015-12-04,5,52,5,57
2015-12-04,6,191,5,196
2015-12-04,7,534,7,541
2015-12-04,8,991,21,1012
2015-12-04,9,480,19,499
2015-12-04,10,219,20,239
2015-12-04,11,238,24,262
2015-12-04,12,316,37,353
2015-12-04,13,328,37,365
2015-12-04,14,313,57,370
2015-12-04,15,336,37,373
2015-12-04,16,560,39,599
2015-12-04,17,875,38,913
2015-12-04,18,723,19,742
2015-12-04,19,447,28,475
2015-12-04,20,260,15,275
2015-12-04,21,187,13,200
2015-12-04,22,187,26,213
2015-12-04,23,123,6,129
2015-12-05,0,91,6,97
2015-12-05,1,76,8,84
2015-12-05,2,73,10,83
2015-12-05,3,22,3,25
2015-12-05,4,2,0,2
2015-12-05,5,9,1,10
2015-12-05,6,20,3,23
2015-12-05,7,71,5,76
2015-12-05,8,159,15,174
2015-12-05,9,275,30,305
2015-12-05,10,388,74,462
2015-12-05,11,452,108,560
2015-12-05,12,509,159,668
2015-12-05,13,516,193,709
2015-12-05,14,436,199,635
2015-12-05,15,491,206,697
2015-12-05,16,439,155,594
2015-12-05,17,426,108,534
2015-12-05,18,347,53,400
2015-12-05,19,235,40,275
2015-12-05,20,207,28,235
2015-12-05,21,156,28,184
2015-12-05,22,120,15,135
2015-12-05,23,105,14,119
2015-12-06,0,110,8,118
2015-12-06,1,66,4,70
2015-12-06,2,57,6,63
2015-12-06,3,28,5,33
2015-12-06,4,10,2,12
2015-12-06,5,5,0,5
2015-12-06,6,13,2,15
2015-12-06,7,49,7,56
2015-12-06,8,132,17,149
2015-12-06,9,219,38,257
2015-12-06,10,328,94,422
2015-12-06,11,385,117,502
2015-12-06,12,461,146,607
2015-12-06,13,515,140,655
2015-12-06,14,441,140,581
2015-12-06,15,464,131,595
2015-12-06,16,407,79,486
2015-12-06,17,324,61,385
2015-12-06,18,262,25,287
2015-12-06,19,208,35,243
2015-12-06,20,157,11,168
2015-12-06,21,120,19,139
2015-12-06,22,79,12,91
2015-12-06,23,36,5,41
2015-12-07,0,21,4,25
2015-12-07,1,5,0,5
2015-12-07,2,8,1,9
2015-12-07,3,1,0,1
2015-12-07,4,6,1,7
2015-12-07,5,57,0,57
2015-12-07,6,224,5,229
2015-12-07,7,592,8,600
2015-12-07,8,948,14,962
2015-12-07,9,405,21,426
2015-12-07,10,150,33,183
2015-12-07,11,173,51,224
2015-12-07,12,270,61,331
2015-12-07,13,253,63,316
2015-12-07,14,209,61,270
2015-12-07,15,297,57,354
2015-12-07,16,517,58,575
2015-12-07,17,978,43,1021
2015-12-07,18,873,29,902
2015-12-07,19,576,14,590
2015-12-07,20,374,16,390
2015-12-07,21,236,9,245
2015-12-07,22,115,8,123
2015-12-07,23,81,2,83
2015-12-08,0,56,1,57
2015-12-08,1,12,2,14
2015-12-08,2,4,0,4
2015-12-08,3,2,2,4
2015-12-08,4,5,1,6
2015-12-08,5,73,0,73
2015-12-08,6,234,3,237
2015-12-08,7,696,9,705
2015-12-08,8,1136,21,1157
2015-12-08,9,478,17,495
2015-12-08,10,192,19,211
2015-12-08,11,195,55,250
2015-12-08,12,304,49,353
2015-12-08,13,302,51,353
2015-12-08,14,222,56,278
2015-12-08,15,285,46,331
2015-12-08,16,512,37,549
2015-12-08,17,997,40,1037
2015-12-08,18,877,19,896
2015-12-08,19,531,20,551
2015-12-08,20,363,13,376
2015-12-08,21,255,8,263
2015-12-08,22,166,11,177
2015-12-08,23,78,3,81
2015-12-09,0,30,3,33
2015-12-09,1,11,2,13
2015-12-09,2,6,1,7
2015-12-09,3,1,0,1
2015-12-09,4,6,2,8
2015-12-09,5,79,0,79
2015-12-09,6,252,8,260
2015-12-09,7,653,5,658
2015-12-09,8,1106,15,1121
2015-12-09,9,493,11,504
2015-12-09,10,189,20,209
2015-12-09,11,226,23,249
2015-12-09,12,279,16,295
2015-12-09,13,247,26,273
2015-12-09,14,214,22,236
2015-12-09,15,238,34,272
2015-12-09,16,472,32,504
2015-12-09,17,921,23,944
2015-12-09,18,868,18,886
2015-12-09,19,514,13,527
2015-12-09,20,350,11,361
2015-12-09,21,290,9,299
2015-12-09,22,150,5,155
2015-12-09,23,86,2,88
2015-12-10,0,30,1,31
2015-12-10,1,6,1,7
2015-12-10,2,5,1,6
2015-12-10,3,4,3,7
2015-12-10,4,7,0,7
2015-12-10,5,60,0,60
2015-12-10,6,225,2,227
2015-12-10,7,639,7,646
2015-12-10,8,1079,22,1101
2015-12-10,9,486,20,506
2015-12-10,10,214,19,233
2015-12-10,11,254,48,302
2015-12-10,12,310,48,358
2015-12-10,13,335,46,381
2015-12-10,14,291,54,345
2015-12-10,15,358,55,413
2015-12-10,16,586,56,642
2015-12-10,17,940,62,1002
2015-12-10,18,861,33,894
2015-12-10,19,499,22,521
2015-12-10,20,361,19,380
2015-12-10,21,277,22,299
2015-12-10,22,194,12,206
2015-12-10,23,103,8,111
2015-12-11,0,50,7,57
2015-12-11,1,34,2,36
2015-12-11,2,18,0,18
2015-12-11,3,3,0,3
2015-12-11,4,6,0,6
2015-12-11,5,65,1,66
2015-12-11,6,193,4,197
2015-12-11,7,608,14,622
2015-12-11,8,1050,28,1078
2015-12-11,9,474,37,511
2015-12-11,10,219,52,271
2015-12-11,11,252,61,313
2015-12-11,12,343,63,406
2015-12-11,13,346,69,415
2015-12-11,14,312,70,382
2015-12-11,15,405,86,491
2015-12-11,16,624,88,712
2015-12-11,17,924,63,987
2015-12-11,18,691,43,734
2015-12-11,19,461,30,491
2015-12-11,20,303,16,319
2015-12-11,21,236,27,263
2015-12-11,22,186,19,205
2015-12-11,23,122,17,139
2015-12-12,0,127,8,135
2015-12-12,1,88,4,92
2015-12-12,2,63,5,68
2015-12-12,3,24,1,25
2015-12-12,4,10,2,12
2015-12-12,5,10,0,10
2015-12-12,6,18,4,22
2015-12-12,7,82,2,84
2015-12-12,8,199,41,240
2015-12-12,9,302,69,371
2015-12-12,10,414,82,496
2015-12-12,11,478,196,674
2015-12-12,12,572,194,766
2015-12-12,13,526,286,812
2015-12-12,14,547,305,852
2015-12-12,15,561,344,905
2015-12-12,16,555,291,846
2015-12-12,17,409,181,590
2015-12-12,18,360,75,435
2015-12-12,19,330,73,403
2015-12-12,20,235,43,278
2015-12-12,21,199,40,239
2015-12-12,22,181,34,215
2015-12-12,23,130,20,150
2015-12-13,0,126,23,149
2015-12-13,1,118,31,149
2015-12-13,2,81,9,90
2015-12-13,3,29,1,30
2015-12-13,4,7,0,7
2015-12-13,5,9,1,10
2015-12-13,6,14,6,20
2015-12-13,7,49,6,55
2015-12-13,8,156,19,175
2015-12-13,9,245,53,298
2015-12-13,10,355,103,458
2015-12-13,11,457,186,643
2015-12-13,12,537,173,710
2015-12-13,13,577,228,805
2015-12-13,14,532,274,806
2015-12-13,15,573,268,841
2015-12-13,16,581,201,782
2015-12-13,17,437,126,563
2015-12-13,18,377,71,448
2015-12-13,19,285,49,334
2015-12-13,20,193,56,249
2015-12-13,21,169,26,195
2015-12-13,22,127,19,146
2015-12-13,23,67,4,71
2015-12-14,0,28,13,41
2015-12-14,1,14,5,19
2015-12-14,2,3,7,10
2015-12-14,3,1,1,2
2015-12-14,4,4,1,5
2015-12-14,5,70,1,71
2015-12-14,6,257,0,257
2015-12-14,7,662,7,669
2015-12-14,8,1000,21,1021
2015-12-14,9,439,35,474
2015-12-14,10,178,21,199
2015-12-14,11,192,41,233
2015-12-14,12,301,51,352
2015-12-14,13,243,69,312
2015-12-14,14,239,65,304
2015-12-14,15,284,75,359
2015-12-14,16,449,49,498
2015-12-14,17,269,13,282
2015-12-14,18,481,7,488
2015-12-14,19,341,13,354
2015-12-14,20,227,11,238
2015-12-14,21,229,11,240
2015-12-14,22,114,19,133
2015-12-14,23,75,9,84
2015-12-15,0,28,7,35
2015-12-15,1,26,8,34
2015-12-15,2,6,3,9
2015-12-15,3,2,0,2
2015-12-15,4,6,0,6
2015-12-15,5,80,2,82
2015-12-15,6,272,2,274
2015-12-15,7,779,8,787
2015-12-15,8,1122,18,1140
2015-12-15,9,446,23,469
2015-12-15,10,179,33,212
2015-12-15,11,256,53,309
2015-12-15,12,338,62,400
2015-12-15,13,297,47,344
2015-12-15,14,292,46,338
2015-12-15,15,357,46,403
2015-12-15,16,540,36,576
2015-12-15,17,971,50,1021
2015-12-15,18,862,30,892
2015-12-15,19,553,19,572
2015-12-15,20,380,7,387
2015-12-15,21,237,12,249
2015-12-15,22,170,10,180
2015-12-15,23,78,4,82
2015-12-16,0,33,3,36
2015-12-16,1,15,4,19
2015-12-16,2,4,0,4
2015-12-16,3,4,0,4
2015-12-16,4,8,0,8
2015-12-16,5,73,2,75
2015-12-16,6,263,5,268
2015-12-16,7,688,11,699
2015-12-16,8,1066,15,1081
2015-12-16,9,507,18,525
2015-12-16,10,199,55,254
2015-12-16,11,226,47,273
2015-12-16,12,302,41,343
2015-12-16,13,293,47,340
2015-12-16,14,237,69,306
2015-12-16,15,288,75,363
2015-12-16,16,542,64,606
2015-12-16,17,931,53,984
2015-12-16,18,896,30,926
2015-12-16,19,534,20,554
2015-12-16,20,352,13,365
2015-12-16,21,273,13,286
2015-12-16,22,185,8,193
2015-12-16,23,111,2,113
2015-12-17,0,44,4,48
2015-12-17,1,10,0,10
2015-12-17,2,5,1,6
2015-12-17,3,1,1,2
2015-12-17,4,4,0,4
2015-12-17,5,62,1,63
2015-12-17,6,230,2,232
2015-12-17,7,298,4,302
2015-12-17,8,296,4,300
2015-12-17,9,188,9,197
2015-12-17,10,80,6,86
2015-12-17,11,60,6,66
2015-12-17,12,89,4,93
2015-12-17,13,63,5,68
2015-12-17,14,79,1,80
2015-12-17,15,96,1,97
2015-12-17,16,292,6,298
2015-12-17,17,673,12,685
2015-12-17,18,652,16,668
2015-12-17,19,412,6,418
2015-12-17,20,275,14,289
2015-12-17,21,225,10,235
2015-12-17,22,184,13,197
2015-12-17,23,100,9,109
2015-12-18,0,63,13,76
2015-12-18,1,47,0,47
2015-12-18,2,10,2,12
2015-12-18,3,2,0,2
2015-12-18,4,9,1,10
2015-12-18,5,55,0,55
2015-12-18,6,182,0,182
2015-12-18,7,504,5,509
2015-12-18,8,943,20,963
2015-12-18,9,435,15,450
2015-12-18,10,214,27,241
2015-12-18,11,244,47,291
2015-12-18,12,265,30,295
2015-12-18,13,270,29,299
2015-12-18,14,298,28,326
2015-12-18,15,339,37,376
2015-12-18,16,454,33,487
2015-12-18,17,652,18,670
2015-12-18,18,545,17,562
2015-12-18,19,321,7,328
2015-12-18,20,191,2,193
2015-12-18,21,139,6,145
2015-12-18,22,96,7,103
2015-12-18,23,76,0,76
2015-12-19,0,61,2,63
2015-12-19,1,62,2,64
2015-12-19,2,27,1,28
2015-12-19,3,15,0,15
2015-12-19,4,5,0,5
2015-12-19,5,3,0,3
2015-12-19,6,12,0,12
2015-12-19,7,52,3,55
2015-12-19,8,115,5,120
2015-12-19,9,164,20,184
2015-12-19,10,287,32,319
2015-12-19,11,343,67,410
2015-12-19,12,311,56,367
2015-12-19,13,344,72,416
2015-12-19,14,290,69,359
2015-12-19,15,325,54,379
2015-12-19,16,285,57,342
2015-12-19,17,263,39,302
2015-12-19,18,216,23,239
2015-12-19,19,142,7,149
2015-12-19,20,140,10,150
2015-12-19,21,118,9,127
2015-12-19,22,89,2,91
2015-12-19,23,78,2,80
2015-12-20,0,76,4,80
2015-12-20,1,49,3,52
2015-12-20,2,42,1,43
2015-12-20,3,18,2,20
2015-12-20,4,5,2,7
2015-12-20,5,8,3,11
2015-12-20,6,13,2,15
2015-12-20,7,28,2,30
2015-12-20,8,86,2,88
2015-12-20,9,147,8,155
2015-12-20,10,244,45,289
2015-12-20,11,316,61,377
2015-12-20,12,353,51,404
2015-12-20,13,327,82,409
2015-12-20,14,338,82,420
2015-12-20,15,327,78,405
2015-12-20,16,342,60,402
2015-12-20,17,246,36,282
2015-12-20,18,206,13,219
2015-12-20,19,153,15,168
2015-12-20,20,119,12,131
2015-12-20,21,91,5,96
2015-12-20,22,70,5,75
2015-12-20,23,41,0,41
2015-12-21,0,23,3,26
2015-12-21,1,14,1,15
2015-12-21,2,3,0,3
2015-12-21,3,2,0,2
2015-12-21,4,4,0,4
2015-12-21,5,56,0,56
2015-12-21,6,143,1,144
2015-12-21,7,433,7,440
2015-12-21,8,809,14,823
2015-12-21,9,390,26,416
2015-12-21,10,149,38,187
2015-12-21,11,199,54,253
2015-12-21,12,230,48,278
2015-12-21,13,264,67,331
2015-12-21,14,227,53,280
2015-12-21,15,290,38,328
2015-12-21,16,472,52,524
2015-12-21,17,780,62,842
2015-12-21,18,659,41,700
2015-12-21,19,364,40,404
2015-12-21,20,230,15,245
2015-12-21,21,185,12,197
2015-12-21,22,107,14,121
2015-12-21,23,51,5,56
2015-12-22,0,29,2,31
2015-12-22,1,11,4,15
2015-12-22,2,5,2,7
2015-12-22,4,3,1,4
2015-12-22,5,28,1,29
2015-12-22,6,55,0,55
2015-12-22,7,152,2,154
2015-12-22,8,263,4,267
2015-12-22,9,263,7,270
2015-12-22,10,143,13,156
2015-12-22,11,169,33,202
2015-12-22,12,243,35,278
2015-12-22,13,242,34,276
2015-12-22,14,219,55,274
2015-12-22,15,258,38,296
2015-12-22,16,416,66,482
2015-12-22,17,668,26,694
2015-12-22,18,505,11,516
2015-12-22,19,324,11,335
2015-12-22,20,222,22,244
2015-12-22,21,152,19,171
2015-12-22,22,106,4,110
2015-12-22,23,62,6,68
2015-12-23,0,27,11,38
2015-12-23,1,27,5,32
2015-12-23,2,7,0,7
2015-12-23,3,2,0,2
2015-12-23,4,6,1,7
2015-12-23,5,46,0,46
2015-12-23,6,143,1,144
2015-12-23,7,295,0,295
2015-12-23,8,323,2,325
2015-12-23,9,118,4,122
2015-12-23,10,73,4,77
2015-12-23,11,71,6,77
2015-12-23,12,83,11,94
2015-12-23,13,67,5,72
2015-12-23,14,74,6,80
2015-12-23,15,87,8,95
2015-12-23,16,53,2,55
2015-12-23,17,128,3,131
2015-12-23,18,177,6,183
2015-12-23,19,84,5,89
2015-12-23,20,83,3,86
2015-12-23,21,82,3,85
2015-12-23,22,65,7,72
2015-12-23,23,41,8,49
2015-12-24,0,19,3,22
2015-12-24,1,14,5,19
2015-12-24,2,15,7,22
2015-12-24,3,4,2,6
2015-12-24,4,3,0,3
2015-12-24,5,14,0,14
2015-12-24,6,32,0,32
2015-12-24,7,60,0,60
2015-12-24,8,103,2,105
2015-12-24,9,132,15,147
2015-12-24,10,114,24,138
2015-12-24,11,174,33,207
2015-12-24,12,231,62,293
2015-12-24,13,261,36,297
2015-12-24,14,229,29,258
2015-12-24,15,224,74,298
2015-12-24,16,179,72,251
2015-12-24,17,132,26,158
2015-12-24,18,115,10,125
2015-12-24,19,85,7,92
2015-12-24,20,64,15,79
2015-12-24,21,38,24,62
2015-12-24,22,48,11,59
2015-12-24,23,41,8,49
2015-12-25,0,36,2,38
2015-12-25,1,31,0,31
2015-12-25,2,11,3,14
2015-12-25,3,1,1,2
2015-12-25,4,2,1,3
2015-12-25,5,9,0,9
2015-12-25,6,7,1,8
2015-12-25,7,19,2,21
2015-12-25,8,23,8,31
2015-12-25,9,37,25,62
2015-12-25,10,60,45,105
2015-12-25,11,104,122,226
2015-12-25,12,62,112,174
2015-12-25,13,93,126,219
2015-12-25,14,40,101,141
2015-12-25,15,28,28,56
2015-12-25,16,26,27,53
2015-12-25,17,15,21,36
2015-12-25,18,17,9,26
2015-12-25,19,32,13,45
2015-12-25,20,21,20,41
2015-12-25,21,47,24,71
2015-12-25,22,34,27,61
2015-12-25,23,17,12,29
2015-12-26,0,16,5,21
2015-12-26,1,18,5,23
2015-12-26,2,2,1,3
2015-12-26,3,1,0,1
2015-12-26,4,1,1,2
2015-12-26,5,2,0,2
2015-12-26,6,18,0,18
2015-12-26,7,20,5,25
2015-12-26,8,40,11,51
2015-12-26,9,72,45,117
2015-12-26,10,100,73,173
2015-12-26,11,137,133,270
2015-12-26,12,141,131,272
2015-12-26,13,156,133,289
2015-12-26,14,162,105,267
2015-12-26,15,140,105,245
2015-12-26,16,144,93,237
2015-12-26,17,137,45,182
2015-12-26,18,101,27,128
2015-12-26,19,71,39,110
2015-12-26,20,50,27,77
2015-12-26,21,65,22,87
2015-12-26,22,50,12,62
2015-12-26,23,29,11,40
2015-12-27,0,39,3,42
2015-12-27,1,26,1,27
2015-12-27,2,21,3,24
2015-12-27,3,8,2,10
2015-12-27,4,3,1,4
2015-12-27,5,4,0,4
2015-12-27,6,12,0,12
2015-12-27,7,23,5,28
2015-12-27,8,54,25,79
2015-12-27,9,72,71,143
2015-12-27,10,119,143,262
2015-12-27,11,142,160,302
2015-12-27,12,207,209,416
2015-12-27,13,220,245,465
2015-12-27,14,221,286,507
2015-12-27,15,244,327,571
2015-12-27,16,267,275,542
2015-12-27,17,218,187,405
2015-12-27,18,164,113,277
2015-12-27,19,84,60,144
2015-12-27,20,66,51,117
2015-12-27,21,60,27,87
2015-12-27,22,63,34,97
2015-12-27,23,37,21,58
2015-12-28,0,17,3,20
2015-12-28,1,13,11,24
2015-12-28,2,7,0,7
2015-12-28,3,1,0,1
2015-12-28,4,2,0,2
2015-12-28,5,36,0,36
2015-12-28,6,110,0,110
2015-12-28,7,258,5,263
2015-12-28,8,459,27,486
2015-12-28,9,269,44,313
2015-12-28,10,147,61,208
2015-12-28,11,157,108,265
2015-12-28,12,167,121,288
2015-12-28,13,158,110,268
2015-12-28,14,178,79,257
2015-12-28,15,198,72,270
2015-12-28,16,314,69,383
2015-12-28,17,480,53,533
2015-12-28,18,266,28,294
2015-12-28,19,186,28,214
2015-12-28,20,99,8,107
2015-12-28,21,51,5,56
2015-12-28,22,39,5,44
2015-12-28,23,9,1,10
2015-12-29,0,5,1,6
2015-12-29,1,2,1,3
2015-12-29,2,0,1,1
2015-12-29,3,0,1,1
2015-12-29,4,3,0,3
2015-12-29,5,18,0,18
2015-12-29,6,96,0,96
2015-12-29,7,164,0,164
2015-12-29,8,298,15,313
2015-12-29,9,240,26,266
2015-12-29,10,134,43,177
2015-12-29,11,161,64,225
2015-12-29,12,205,78,283
2015-12-29,13,216,103,319
2015-12-29,14,234,119,353
2015-12-29,15,260,118,378
2015-12-29,16,396,139,535
2015-12-29,17,613,85,698
2015-12-29,18,471,71,542
2015-12-29,19,300,42,342
2015-12-29,20,169,26,195
2015-12-29,21,122,39,161
2015-12-29,22,72,18,90
2015-12-29,23,70,14,84
2015-12-30,0,36,3,39
2015-12-30,1,10,7,17
2015-12-30,2,7,0,7
2015-12-30,3,1,0,1
2015-12-30,4,4,0,4
2015-12-30,5,39,1,40
2015-12-30,6,131,1,132
2015-12-30,7,305,15,320
2015-12-30,8,594,30,624
2015-12-30,9,356,66,422
2015-12-30,10,205,92,297
2015-12-30,11,228,126,354
2015-12-30,12,281,136,417
2015-12-30,13,256,131,387
2015-12-30,14,186,97,283
2015-12-30,15,187,90,277
2015-12-30,16,251,68,319
2015-12-30,17,316,54,370
2015-12-30,18,321,37,358
2015-12-30,19,177,32,209
2015-12-30,20,124,19,143
2015-12-30,21,110,19,129
2015-12-30,22,62,10,72
2015-12-30,23,50,4,54
2015-12-31,0,35,6,41
2015-12-31,1,28,3,31
2015-12-31,2,8,1,9
2015-12-31,3,5,1,6
2015-12-31,4,3,0,3
2015-12-31,5,32,0,32
2015-12-31,6,90,0,90
2015-12-31,7,260,7,267
2015-12-31,8,409,15,424
2015-12-31,9,309,37,346
2015-12-31,10,216,86,302
2015-12-31,11,298,139,437
2015-12-31,12,339,176,515
2015-12-31,13,368,179,547
2015-12-31,14,426,182,608
2015-12-31,15,472,132,604
2015-12-31,16,422,113,535
2015-12-31,17,270,64,334
2015-12-31,18,159,51,210
2015-12-31,19,113,25,138
2015-12-31,20,118,19,137
2015-12-31,21,93,9,102
2015-12-31,22,54,30,84
2015-12-31,23,37,16,53
2016-01-01,0,47,9,56
2016-01-01,1,93,12,105
2016-01-01,2,59,15,74
2016-01-01,3,27,5,32
2016-01-01,4,8,5,13
2016-01-01,5,3,2,5
2016-01-01,6,9,1,10
2016-01-01,7,11,3,14
2016-01-01,8,45,9,54
2016-01-01,9,70,31,101
2016-01-01,10,80,40,120
2016-01-01,11,144,95,239
2016-01-01,12,143,89,232
2016-01-01,13,189,106,295
2016-01-01,14,199,125,324
2016-01-01,15,214,124,338
2016-01-01,16,217,125,342
2016-01-01,17,170,77,247
2016-01-01,18,148,37,185
2016-01-01,19,126,34,160
2016-01-01,20,72,18,90
2016-01-01,21,55,20,75
2016-01-01,22,60,10,70
2016-01-01,23,32,7,39
2016-01-02,0,30,7,37
2016-01-02,1,19,12,31
2016-01-02,2,16,1,17
2016-01-02,3,19,4,23
2016-01-02,4,1,3,4
2016-01-02,5,7,0,7
2016-01-02,6,10,0,10
2016-01-02,7,27,7,34
2016-01-02,8,66,14,80
2016-01-02,9,162,41,203
2016-01-02,10,199,75,274
2016-01-02,11,269,131,400
2016-01-02,12,322,178,500
2016-01-02,13,303,187,490
2016-01-02,14,298,197,495
2016-01-02,15,327,198,525
2016-01-02,16,328,201,529
2016-01-02,17,263,129,392
2016-01-02,18,193,39,232
2016-01-02,19,163,25,188
2016-01-02,20,120,30,150
2016-01-02,21,96,17,113
2016-01-02,22,84,8,92
2016-01-02,23,77,18,95
2016-01-03,0,46,14,60
2016-01-03,1,36,6,42
2016-01-03,2,32,7,39
2016-01-03,3,9,6,15
2016-01-03,4,5,1,6
2016-01-03,5,8,1,9
2016-01-03,6,5,0,5
2016-01-03,7,32,1,33
2016-01-03,8,75,12,87
2016-01-03,9,137,31,168
2016-01-03,10,230,78,308
2016-01-03,11,304,109,413
2016-01-03,12,379,124,503
2016-01-03,13,342,176,518
2016-01-03,14,335,189,524
2016-01-03,15,375,171,546
2016-01-03,16,432,147,579
2016-01-03,17,307,91,398
2016-01-03,18,214,23,237
2016-01-03,19,147,25,172
2016-01-03,20,105,10,115
2016-01-03,21,86,10,96
2016-01-03,22,57,7,64
2016-01-03,23,25,3,28
2016-01-04,0,18,2,20
2016-01-04,1,4,2,6
2016-01-04,2,2,0,2
2016-01-04,3,1,0,1
2016-01-04,4,3,0,3
2016-01-04,5,57,1,58
2016-01-04,6,190,2,192
2016-01-04,7,465,3,468
2016-01-04,8,752,7,759
2016-01-04,9,310,11,321
2016-01-04,10,106,39,145
2016-01-04,11,122,30,152
2016-01-04,12,167,32,199
2016-01-04,13,176,27,203
2016-01-04,14,126,19,145
2016-01-04,15,175,31,206
2016-01-04,16,341,24,365
2016-01-04,17,682,18,700
2016-01-04,18,540,7,547
2016-01-04,19,284,9,293
2016-01-04,20,145,1,146
2016-01-04,21,93,3,96
2016-01-04,22,58,4,62
2016-01-04,23,42,2,44
2016-01-05,0,5,0,5
2016-01-05,1,3,2,5
2016-01-05,2,1,2,3
2016-01-05,3,1,0,1
2016-01-05,4,2,0,2
2016-01-05,5,42,0,42
2016-01-05,6,131,0,131
2016-01-05,7,361,2,363
2016-01-05,8,671,12,683
2016-01-05,9,315,14,329
2016-01-05,10,127,19,146
2016-01-05,11,125,18,143
2016-01-05,12,133,18,151
2016-01-05,13,163,30,193
2016-01-05,14,149,25,174
2016-01-05,15,181,28,209
2016-01-05,16,342,23,365
2016-01-05,17,653,23,676
2016-01-05,18,513,6,519
2016-01-05,19,278,1,279
2016-01-05,20,175,3,178
2016-01-05,21,120,2,122
2016-01-05,22,76,9,85
2016-01-05,23,34,12,46
2016-01-06,0,10,0,10
2016-01-06,1,1,0,1
2016-01-06,2,2,0,2
2016-01-06,4,1,0,1
2016-01-06,5,57,0,57
2016-01-06,6,173,1,174
2016-01-06,7,418,1,419
2016-01-06,8,795,4,799
2016-01-06,9,384,7,391
2016-01-06,10,139,17,156
2016-01-06,11,136,13,149
2016-01-06,12,188,17,205
2016-01-06,13,188,29,217
2016-01-06,14,140,38,178
2016-01-06,15,191,30,221
2016-01-06,16,365,27,392
2016-01-06,17,746,24,770
2016-01-06,18,639,6,645
2016-01-06,19,369,6,375
2016-01-06,20,226,9,235
2016-01-06,21,159,8,167
2016-01-06,22,89,11,100
2016-01-06,23,43,5,48
2016-01-07,0,15,6,21
2016-01-07,1,9,0,9
2016-01-07,2,4,0,4
2016-01-07,4,2,0,2
2016-01-07,5,51,0,51
2016-01-07,6,184,0,184
2016-01-07,7,508,3,511
2016-01-07,8,925,17,942
2016-01-07,9,420,8,428
2016-01-07,10,157,27,184
2016-01-07,11,172,25,197
2016-01-07,12,225,33,258
2016-01-07,13,221,32,253
2016-01-07,14,170,36,206
2016-01-07,15,252,31,283
2016-01-07,16,393,36,429
2016-01-07,17,796,29,825
2016-01-07,18,701,31,732
2016-01-07,19,413,18,431
2016-01-07,20,255,12,267
2016-01-07,21,194,17,211
2016-01-07,22,92,8,100
2016-01-07,23,62,2,64
2016-01-08,0,17,0,17
2016-01-08,1,13,1,14
2016-01-08,2,6,0,6
2016-01-08,3,4,1,5
2016-01-08,4,2,0,2
2016-01-08,5,46,1,47
2016-01-08,6,169,0,169
2016-01-08,7,470,3,473
2016-01-08,8,894,9,903
2016-01-08,9,424,19,443
2016-01-08,10,154,12,166
2016-01-08,11,179,15,194
2016-01-08,12,217,48,265
2016-01-08,13,236,22,258
2016-01-08,14,226,27,253
2016-01-08,15,230,43,273
2016-01-08,16,369,30,399
2016-01-08,17,657,33,690
2016-01-08,18,583,24,607
2016-01-08,19,314,18,332
2016-01-08,20,211,9,220
2016-01-08,21,161,17,178
2016-01-08,22,124,13,137
2016-01-08,23,100,2,102
2016-01-09,0,93,3,96
2016-01-09,1,53,1,54
2016-01-09,2,37,0,37
2016-01-09,3,19,1,20
2016-01-09,4,7,1,8
2016-01-09,5,5,0,5
2016-01-09,6,10,0,10
2016-01-09,7,81,2,83
2016-01-09,8,134,7,141
2016-01-09,9,217,11,228
2016-01-09,10,294,39,333
2016-01-09,11,357,41,398
2016-01-09,12,413,70,483
2016-01-09,13,387,89,476
2016-01-09,14,355,87,442
2016-01-09,15,408,99,507
2016-01-09,16,395,90,485
2016-01-09,17,349,88,437
2016-01-09,18,292,60,352
2016-01-09,19,255,27,282
2016-01-09,20,191,29,220
2016-01-09,21,122,16,138
2016-01-09,22,34,1,35
2016-01-09,23,41,3,44
2016-01-10,0,36,0,36
2016-01-10,1,24,0,24
2016-01-10,2,24,2,26
2016-01-10,3,6,2,8
2016-01-10,4,2,0,2
2016-01-10,5,4,0,4
2016-01-10,6,13,2,15
2016-01-10,7,28,5,33
2016-01-10,8,91,15,106
2016-01-10,9,187,20,207
2016-01-10,10,295,47,342
2016-01-10,11,395,76,471
2016-01-10,12,526,129,655
2016-01-10,13,526,140,666
2016-01-10,14,526,141,667
2016-01-10,15,501,128,629
2016-01-10,16,409,95,504
2016-01-10,17,316,63,379
2016-01-10,18,257,26,283
2016-01-10,19,161,25,186
2016-01-10,20,173,18,191
2016-01-10,21,108,9,117
2016-01-10,22,69,11,80
2016-01-10,23,30,2,32
2016-01-11,0,15,5,20
2016-01-11,1,4,0,4
2016-01-11,2,4,0,4
2016-01-11,3,3,0,3
2016-01-11,4,5,0,5
2016-01-11,5,49,0,49
2016-01-11,6,192,4,196
2016-01-11,7,463,13,476
2016-01-11,8,814,16,830
2016-01-11,9,378,15,393
2016-01-11,10,143,22,165
2016-01-11,11,153,25,178
2016-01-11,12,213,44,257
2016-01-11,13,192,41,233
2016-01-11,14,199,30,229
2016-01-11,15,208,50,258
2016-01-11,16,398,39,437
2016-01-11,17,780,46,826
2016-01-11,18,659,21,680
2016-01-11,19,433,19,452
2016-01-11,20,263,12,275
2016-01-11,21,150,12,162
2016-01-11,22,100,5,105
2016-01-11,23,48,9,57
2016-01-12,0,29,5,34
2016-01-12,1,8,1,9
2016-01-12,2,4,0,4
2016-01-12,3,1,0,1
2016-01-12,4,4,0,4
2016-01-12,5,55,0,55
2016-01-12,6,212,3,215
2016-01-12,7,535,17,552
2016-01-12,8,925,20,945
2016-01-12,9,397,14,411
2016-01-12,10,136,20,156
2016-01-12,11,167,26,193
2016-01-12,12,219,37,256
2016-01-12,13,192,28,220
2016-01-12,14,166,30,196
2016-01-12,15,230,41,271
2016-01-12,16,420,29,449
2016-01-12,17,815,39,854
2016-01-12,18,739,39,778
2016-01-12,19,332,17,349
2016-01-12,20,226,6,232
2016-01-12,21,132,8,140
2016-01-12,22,92,4,96
2016-01-12,23,67,3,70
2016-01-13,0,11,3,14
2016-01-13,1,6,1,7
2016-01-13,2,3,0,3
2016-01-13,4,6,0,6
2016-01-13,5,52,1,53
2016-01-13,6,177,2,179
2016-01-13,7,438,17,455
2016-01-13,8,798,12,810
2016-01-13,9,380,18,398
2016-01-13,10,151,23,174
2016-01-13,11,153,19,172
2016-01-13,12,181,23,204
2016-01-13,13,163,28,191
2016-01-13,14,142,28,170
2016-01-13,15,193,23,216
2016-01-13,16,345,18,363
2016-01-13,17,675,21,696
2016-01-13,18,603,10,613
2016-01-13,19,344,9,353
2016-01-13,20,212,6,218
2016-01-13,21,187,6,193
2016-01-13,22,80,2,82
2016-01-13,23,49,1,50
2016-01-14,0,20,5,25
2016-01-14,1,7,2,9
2016-01-14,2,4,0,4
2016-01-14,3,1,0,1
2016-01-14,4,2,1,3
2016-01-14,5,49,0,49
2016-01-14,6,186,1,187
2016-01-14,7,510,4,514
2016-01-14,8,863,20,883
2016-01-14,9,402,24,426
2016-01-14,10,138,17,155
2016-01-14,11,175,19,194
2016-01-14,12,234,50,284
2016-01-14,13,213,52,265
2016-01-14,14,190,51,241
2016-01-14,15,292,41,333
2016-01-14,16,438,45,483
2016-01-14,17,881,56,937
2016-01-14,18,777,20,797
2016-01-14,19,478,15,493
2016-01-14,20,362,20,382
2016-01-14,21,230,19,249
2016-01-14,22,146,6,152
2016-01-14,23,88,10,98
2016-01-15,0,30,6,36
2016-01-15,1,18,3,21
2016-01-15,2,10,6,16
2016-01-15,3,3,1,4
2016-01-15,4,3,0,3
2016-01-15,5,52,0,52
2016-01-15,6,165,1,166
2016-01-15,7,486,5,491
2016-01-15,8,964,13,977
2016-01-15,9,427,19,446
2016-01-15,10,205,27,232
2016-01-15,11,237,35,272
2016-01-15,12,303,44,347
2016-01-15,13,269,56,325
2016-01-15,14,272,62,334
2016-01-15,15,338,67,405
2016-01-15,16,528,87,615
2016-01-15,17,634,41,675
2016-01-15,18,252,13,265
2016-01-15,19,108,2,110
2016-01-15,20,72,3,75
2016-01-15,21,50,4,54
2016-01-15,22,35,9,44
2016-01-15,23,16,2,18
2016-01-16,0,29,0,29
2016-01-16,1,36,3,39
2016-01-16,2,24,4,28
2016-01-16,3,5,2,7
2016-01-16,4,8,2,10
2016-01-16,5,5,2,7
2016-01-16,6,15,5,20
2016-01-16,7,52,1,53
2016-01-16,8,144,5,149
2016-01-16,9,235,27,262
2016-01-16,10,297,60,357
2016-01-16,11,379,128,507
2016-01-16,12,489,165,654
2016-01-16,13,426,207,633
2016-01-16,14,408,220,628
2016-01-16,15,409,189,598
2016-01-16,16,376,145,521
2016-01-16,17,279,96,375
2016-01-16,18,229,64,293
2016-01-16,19,177,45,222
2016-01-16,20,155,27,182
2016-01-16,21,102,14,116
2016-01-16,22,109,17,126
2016-01-16,23,84,8,92
2016-01-17,0,57,16,73
2016-01-17,1,44,5,49
2016-01-17,2,52,3,55
2016-01-17,3,25,12,37
2016-01-17,4,7,0,7
2016-01-17,5,6,0,6
2016-01-17,6,11,5,16
2016-01-17,7,30,5,35
2016-01-17,8,73,8,81
2016-01-17,9,168,24,192
2016-01-17,10,241,81,322
2016-01-17,11,254,82,336
2016-01-17,12,249,62,311
2016-01-17,13,151,44,195
2016-01-17,14,130,27,157
2016-01-17,15,219,35,254
2016-01-17,16,263,64,327
2016-01-17,17,186,56,242
2016-01-17,18,160,27,187
2016-01-17,19,133,14,147
2016-01-17,20,124,9,133
2016-01-17,21,83,19,102
2016-01-17,22,82,8,90
2016-01-17,23,46,0,46
2016-01-18,0,34,2,36
2016-01-18,1,20,2,22
2016-01-18,2,9,0,9
2016-01-18,3,5,0,5
2016-01-18,4,1,1,2
2016-01-18,5,20,0,20
2016-01-18,6,30,5,35
2016-01-18,7,66,2,68
2016-01-18,8,121,7,128
2016-01-18,9,118,10,128
2016-01-18,10,130,20,150
2016-01-18,11,186,15,201
2016-01-18,12,180,17,197
2016-01-18,13,216,15,231
2016-01-18,14,173,13,186
2016-01-18,15,192,7,199
2016-01-18,16,181,11,192
2016-01-18,17,216,5,221
2016-01-18,18,146,4,150
2016-01-18,19,120,4,124
2016-01-18,20,79,0,79
2016-01-18,21,51,0,51
2016-01-18,22,46,0,46
2016-01-18,23,17,2,19
2016-01-19,0,5,0,5
2016-01-19,1,3,0,3
2016-01-19,2,1,0,1
2016-01-19,4,3,0,3
2016-01-19,5,41,0,41
2016-01-19,6,114,2,116
2016-01-19,7,316,4,320
2016-01-19,8,583,5,588
2016-01-19,9,310,0,310
2016-01-19,10,108,2,110
2016-01-19,11,84,5,89
2016-01-19,12,126,2,128
2016-01-19,13,114,4,118
2016-01-19,14,109,6,115
2016-01-19,15,140,1,141
2016-01-19,16,227,6,233
2016-01-19,17,508,8,516
2016-01-19,18,446,3,449
2016-01-19,19,283,3,286
2016-01-19,20,129,3,132
2016-01-19,21,126,0,126
2016-01-19,22,51,1,52
2016-01-19,23,28,2,30
2016-01-20,0,12,0,12
2016-01-20,1,2,0,2
2016-01-20,2,1,0,1
2016-01-20,3,1,0,1
2016-01-20,4,8,1,9
2016-01-20,5,42,0,42
2016-01-20,6,154,2,156
2016-01-20,7,370,2,372
2016-01-20,8,694,3,697
2016-01-20,9,324,8,332
2016-01-20,10,136,2,138
2016-01-20,11,159,0,159
2016-01-20,12,167,8,175
2016-01-20,13,166,5,171
2016-01-20,14,152,5,157
2016-01-20,15,185,3,188
2016-01-20,16,326,6,332
2016-01-20,17,573,8,581
2016-01-20,18,422,2,424
2016-01-20,19,129,1,130
2016-01-20,20,101,2,103
2016-01-20,21,64,1,65
2016-01-20,22,41,3,44
2016-01-20,23,28,2,30
2016-01-21,0,9,1,10
2016-01-21,1,2,1,3
2016-01-21,4,1,0,1
2016-01-21,5,29,0,29
2016-01-21,6,83,0,83
2016-01-21,7,181,0,181
2016-01-21,8,404,1,405
2016-01-21,9,259,1,260
2016-01-21,10,124,1,125
2016-01-21,11,129,1,130
2016-01-21,12,154,8,162
2016-01-21,13,171,3,174
2016-01-21,14,166,5,171
2016-01-21,15,207,3,210
2016-01-21,16,313,22,335
2016-01-21,17,560,3,563
2016-01-21,18,494,2,496
2016-01-21,19,282,2,284
2016-01-21,20,267,3,270
2016-01-21,21,154,7,161
2016-01-21,22,115,2,117
2016-01-21,23,53,5,58
2016-01-22,0,28,3,31
2016-01-22,1,10,0,10
2016-01-22,2,17,0,17
2016-01-22,3,2,1,3
2016-01-22,4,3,0,3
2016-01-22,5,41,1,42
2016-01-22,6,114,1,115
2016-01-22,7,247,0,247
2016-01-22,8,530,4,534
2016-01-22,9,299,4,303
2016-01-22,10,197,5,202
2016-01-22,11,334,13,347
2016-01-22,12,487,14,501
2016-01-22,13,363,5,368
2016-01-22,14,121,5,126
2016-01-22,15,51,2,53
2016-01-22,16,33,4,37
2016-01-22,17,30,0,30
2016-01-22,18,16,0,16
2016-01-27,15,3,0,3
2016-01-27,16,37,1,38
2016-01-27,17,149,0,149
2016-01-27,18,125,1,126
2016-01-27,19,76,0,76
2016-01-27,20,41,0,41
2016-01-27,21,52,1,53
2016-01-27,22,29,0,29
2016-01-27,23,13,0,13
2016-01-28,1,1,0,1
2016-01-28,5,13,0,13
2016-01-28,6,29,0,29
2016-01-28,7,78,0,78
2016-01-28,8,173,0,173
2016-01-28,9,130,3,133
2016-01-28,10,64,4,68
2016-01-28,11,70,0,70
2016-01-28,12,62,2,64
2016-01-28,13,69,3,72
2016-01-28,14,69,3,72
2016-01-28,15,74,3,77
2016-01-28,16,158,5,163
2016-01-28,17,305,4,309
2016-01-28,18,266,4,270
2016-01-28,19,145,1,146
2016-01-28,20,101,2,103
2016-01-28,21,82,1,83
2016-01-28,22,63,2,65
2016-01-28,23,32,1,33
2016-01-29,0,13,0,13
2016-01-29,1,5,1,6
2016-01-29,2,5,0,5
2016-01-29,3,1,0,1
2016-01-29,4,1,0,1
2016-01-29,5,21,0,21
2016-01-29,6,60,0,60
2016-01-29,7,176,0,176
2016-01-29,8,356,2,358
2016-01-29,9,238,4,242
2016-01-29,10,91,8,99
2016-01-29,11,105,10,115
2016-01-29,12,122,8,130
2016-01-29,13,107,4,111
2016-01-29,14,94,7,101
2016-01-29,15,132,10,142
2016-01-29,16,232,10,242
2016-01-29,17,355,11,366
2016-01-29,18,277,4,281
2016-01-29,19,184,3,187
2016-01-29,20,111,4,115
2016-01-29,21,65,2,67
2016-01-29,22,51,1,52
2016-01-29,23,46,5,51
2016-01-30,0,27,1,28
2016-01-30,1,36,0,36
2016-01-30,2,15,0,15
2016-01-30,3,5,0,5
2016-01-30,4,3,0,3
2016-01-30,5,3,0,3
2016-01-30,6,7,0,7
2016-01-30,7,35,1,36
2016-01-30,8,80,1,81
2016-01-30,9,104,4,108
2016-01-30,10,147,23,170
2016-01-30,11,175,21,196
2016-01-30,12,189,30,219
2016-01-30,13,215,28,243
2016-01-30,14,204,39,243
2016-01-30,15,240,45,285
2016-01-30,16,212,40,252
2016-01-30,17,191,35,226
2016-01-30,18,181,13,194
2016-01-30,19,130,7,137
2016-01-30,20,91,20,111
2016-01-30,21,77,2,79
2016-01-30,22,70,5,75
2016-01-30,23,64,6,70
2016-01-31,0,52,2,54
2016-01-31,1,33,1,34
2016-01-31,2,25,1,26
2016-01-31,3,18,3,21
2016-01-31,4,5,0,5
2016-01-31,5,2,0,2
2016-01-31,6,6,0,6
2016-01-31,7,22,1,23
2016-01-31,8,67,5,72
2016-01-31,9,115,13,128
2016-01-31,10,160,38,198
2016-01-31,11,225,43,268
2016-01-31,12,260,51,311
2016-01-31,13,283,71,354
2016-01-31,14,321,57,378
2016-01-31,15,347,91,438
2016-01-31,16,281,46,327
2016-01-31,17,259,25,284
2016-01-31,18,207,8,215
2016-01-31,19,148,3,151
2016-01-31,20,124,3,127
2016-01-31,21,78,8,86
2016-01-31,22,72,2,74
2016-01-31,23,24,5,29
2016-02-01,0,11,8,19
2016-02-01,1,5,4,9
2016-02-01,2,3,1,4
2016-02-01,3,1,1,2
2016-02-01,4,2,1,3
2016-02-01,5,57,0,57
2016-02-01,6,149,0,149
2016-02-01,7,434,5,439
2016-02-01,8,665,2,667
2016-02-01,9,310,7,317
2016-02-01,10,124,27,151
2016-02-01,11,150,17,167
2016-02-01,12,186,19,205
2016-02-01,13,166,28,194
2016-02-01,14,93,12,105
2016-02-01,15,67,2,69
2016-02-01,16,201,6,207
2016-02-01,17,506,18,524
2016-02-01,18,428,5,433
2016-02-01,19,331,3,334
2016-02-01,20,217,7,224
2016-02-01,21,160,7,167
2016-02-01,22,85,6,91
2016-02-01,23,63,4,67
2016-02-02,0,17,0,17
2016-02-02,1,5,0,5
2016-02-02,2,6,0,6
2016-02-02,4,4,0,4
2016-02-02,5,64,2,66
2016-02-02,6,216,1,217
2016-02-02,7,539,5,544
2016-02-02,8,909,7,916
2016-02-02,9,364,7,371
2016-02-02,10,167,5,172
2016-02-02,11,162,16,178
2016-02-02,12,242,24,266
2016-02-02,13,197,24,221
2016-02-02,14,195,27,222
2016-02-02,15,245,26,271
2016-02-02,16,410,23,433
2016-02-02,17,824,27,851
2016-02-02,18,698,7,705
2016-02-02,19,438,13,451
2016-02-02,20,261,1,262
2016-02-02,21,213,5,218
2016-02-02,22,128,3,131
2016-02-02,23,53,4,57
2016-02-03,0,22,1,23
2016-02-03,1,5,1,6
2016-02-03,2,1,0,1
2016-02-03,4,6,0,6
2016-02-03,5,62,0,62
2016-02-03,6,199,1,200
2016-02-03,7,478,2,480
2016-02-03,8,697,5,702
2016-02-03,9,222,2,224
2016-02-03,10,128,5,133
2016-02-03,11,130,3,133
2016-02-03,12,84,2,86
2016-02-03,13,27,0,27
2016-02-03,14,44,2,46
2016-02-03,15,64,3,67
2016-02-03,16,159,6,165
2016-02-03,17,363,3,366
2016-02-03,18,490,11,501
2016-02-03,19,357,10,367
2016-02-03,20,248,5,253
2016-02-03,21,173,2,175
2016-02-03,22,152,6,158
2016-02-03,23,60,2,62
2016-02-04,0,15,5,20
2016-02-04,1,8,0,8
2016-02-04,3,1,0,1
2016-02-04,4,2,0,2
2016-02-04,5,60,0,60
2016-02-04,6,199,2,201
2016-02-04,7,554,3,557
2016-02-04,8,924,10,934
2016-02-04,9,366,16,382
2016-02-04,10,160,12,172
2016-02-04,11,188,11,199
2016-02-04,12,206,20,226
2016-02-04,13,211,20,231
2016-02-04,14,172,37,209
2016-02-04,15,235,31,266
2016-02-04,16,409,42,451
2016-02-04,17,778,24,802
2016-02-04,18,765,18,783
2016-02-04,19,444,9,453
2016-02-04,20,287,15,302
2016-02-04,21,193,11,204
2016-02-04,22,150,9,159
2016-02-04,23,63,6,69
2016-02-05,0,22,6,28
2016-02-05,1,10,1,11
2016-02-05,2,6,0,6
2016-02-05,4,3,1,4
2016-02-05,5,40,0,40
2016-02-05,6,141,4,145
2016-02-05,7,307,2,309
2016-02-05,8,742,19,761
2016-02-05,9,385,8,393
2016-02-05,10,173,22,195
2016-02-05,11,173,26,199
2016-02-05,12,217,38,255
2016-02-05,13,235,37,272
2016-02-05,14,226,44,270
2016-02-05,15,234,48,282
2016-02-05,16,428,28,456
2016-02-05,17,696,37,733
2016-02-05,18,574,18,592
2016-02-05,19,304,8,312
2016-02-05,20,187,12,199
2016-02-05,21,148,6,154
2016-02-05,22,100,9,109
2016-02-05,23,89,8,97
2016-02-06,0,68,6,74
2016-02-06,1,47,5,52
2016-02-06,2,26,2,28
2016-02-06,3,11,5,16
2016-02-06,4,5,3,8
2016-02-06,5,1,0,1
2016-02-06,6,14,0,14
2016-02-06,7,67,8,75
2016-02-06,8,151,11,162
2016-02-06,9,224,31,255
2016-02-06,10,284,36,320
2016-02-06,11,351,63,414
2016-02-06,12,383,84,467
2016-02-06,13,349,92,441
2016-02-06,14,391,91,482
2016-02-06,15,366,85,451
2016-02-06,16,327,80,407
2016-02-06,17,270,92,362
2016-02-06,18,242,50,292
2016-02-06,19,194,16,210
2016-02-06,20,151,5,156
2016-02-06,21,130,6,136
2016-02-06,22,114,11,125
2016-02-06,23,88,6,94
2016-02-07,0,65,6,71
2016-02-07,1,65,7,72
2016-02-07,2,43,4,47
2016-02-07,3,28,2,30
2016-02-07,4,5,1,6
2016-02-07,5,5,0,5
2016-02-07,6,14,2,16
2016-02-07,7,31,6,37
2016-02-07,8,96,9,105
2016-02-07,9,155,32,187
2016-02-07,10,245,63,308
2016-02-07,11,313,80,393
2016-02-07,12,337,63,400
2016-02-07,13,372,69,441
2016-02-07,14,349,61,410
2016-02-07,15,317,57,374
2016-02-07,16,364,75,439
2016-02-07,17,363,36,399
2016-02-07,18,262,27,289
2016-02-07,19,90,6,96
2016-02-07,20,95,16,111
2016-02-07,21,81,26,107
2016-02-07,22,207,10,217
2016-02-07,23,91,13,104
2016-02-08,0,16,2,18
2016-02-08,1,3,0,3
2016-02-08,2,3,2,5
2016-02-08,4,4,0,4
2016-02-08,5,46,1,47
2016-02-08,6,154,1,155
2016-02-08,7,498,5,503
2016-02-08,8,896,8,904
2016-02-08,9,347,24,371
2016-02-08,10,138,13,151
2016-02-08,11,169,26,195
2016-02-08,12,215,30,245
2016-02-08,13,214,19,233
2016-02-08,14,181,33,214
2016-02-08,15,212,27,239
2016-02-08,16,403,25,428
2016-02-08,17,807,20,827
2016-02-08,18,686,7,693
2016-02-08,19,323,8,331
2016-02-08,20,184,6,190
2016-02-08,21,147,6,153
2016-02-08,22,48,3,51
2016-02-08,23,34,0,34
2016-02-09,0,15,0,15
2016-02-09,1,4,0,4
2016-02-09,3,2,0,2
2016-02-09,4,2,0,2
2016-02-09,5,31,0,31
2016-02-09,6,69,1,70
2016-02-09,7,184,1,185
2016-02-09,8,454,3,457
2016-02-09,9,199,2,201
2016-02-09,10,90,4,94
2016-02-09,11,64,10,74
2016-02-09,12,91,6,97
2016-02-09,13,94,4,98
2016-02-09,14,107,15,122
2016-02-09,15,167,1,168
2016-02-09,16,293,15,308
2016-02-09,17,677,15,692
2016-02-09,18,560,10,570
2016-02-09,19,335,5,340
2016-02-09,20,222,3,225
2016-02-09,21,159,5,164
2016-02-09,22,82,7,89
2016-02-09,23,41,4,45
2016-02-10,0,16,1,17
2016-02-10,1,7,0,7
2016-02-10,2,2,0,2
2016-02-10,4,3,0,3
2016-02-10,5,41,0,41
2016-02-10,6,163,0,163
2016-02-10,7,464,0,464
2016-02-10,8,806,6,812
2016-02-10,9,397,12,409
2016-02-10,10,144,10,154
2016-02-10,11,156,19,175
2016-02-10,12,197,20,217
2016-02-10,13,201,15,216
2016-02-10,14,181,27,208
2016-02-10,15,185,14,199
2016-02-10,16,366,24,390
2016-02-10,17,662,21,683
2016-02-10,18,561,6,567
2016-02-10,19,320,4,324
2016-02-10,20,205,3,208
2016-02-10,21,124,1,125
2016-02-10,22,69,1,70
2016-02-10,23,39,0,39
2016-02-11,0,10,0,10
2016-02-11,1,2,0,2
2016-02-11,2,2,0,2
2016-02-11,3,1,0,1
2016-02-11,4,4,0,4
2016-02-11,5,39,0,39
2016-02-11,6,114,1,115
2016-02-11,7,347,2,349
2016-02-11,8,625,7,632
2016-02-11,9,323,3,326
2016-02-11,10,114,6,120
2016-02-11,11,131,6,137
2016-02-11,12,143,13,156
2016-02-11,13,150,13,163
2016-02-11,14,102,4,106
2016-02-11,15,130,7,137
2016-02-11,16,277,9,286
2016-02-11,17,524,9,533
2016-02-11,18,440,5,445
2016-02-11,19,281,1,282
2016-02-11,20,169,3,172
2016-02-11,21,113,2,115
2016-02-11,22,77,0,77
2016-02-11,23,37,0,37
2016-02-12,0,22,0,22
2016-02-12,1,7,1,8
2016-02-12,2,1,0,1
2016-02-12,4,3,0,3
2016-02-12,5,40,0,40
2016-02-12,6,96,1,97
2016-02-12,7,282,1,283
2016-02-12,8,605,5,610
2016-02-12,9,333,5,338
2016-02-12,10,137,11,148
2016-02-12,11,151,12,163
2016-02-12,12,187,24,211
2016-02-12,13,195,13,208
2016-02-12,14,159,10,169
2016-02-12,15,227,23,250
2016-02-12,16,306,20,326
2016-02-12,17,507,15,522
2016-02-12,18,386,15,401
2016-02-12,19,213,10,223
2016-02-12,20,126,2,128
2016-02-12,21,106,0,106
2016-02-12,22,58,2,60
2016-02-12,23,44,2,46
2016-02-13,0,38,7,45
2016-02-13,1,15,0,15
2016-02-13,2,17,0,17
2016-02-13,3,3,1,4
2016-02-13,4,3,0,3
2016-02-13,5,3,0,3
2016-02-13,6,3,1,4
2016-02-13,7,25,0,25
2016-02-13,8,38,4,42
2016-02-13,9,56,2,58
2016-02-13,10,107,22,129
2016-02-13,11,103,3,106
2016-02-13,12,130,11,141
2016-02-13,13,117,12,129
2016-02-13,14,117,2,119
2016-02-13,15,124,12,136
2016-02-13,16,121,14,135
2016-02-13,17,111,10,121
2016-02-13,18,91,6,97
2016-02-13,19,71,4,75
2016-02-13,20,53,3,56
2016-02-13,21,31,1,32
2016-02-13,22,24,3,27
2016-02-13,23,16,0,16
2016-02-14,0,22,1,23
2016-02-14,1,15,1,16
2016-02-14,2,9,0,9
2016-02-14,3,4,0,4
2016-02-14,4,1,0,1
2016-02-14,5,3,0,3
2016-02-14,6,3,0,3
2016-02-14,7,17,0,17
2016-02-14,8,35,3,38
2016-02-14,9,69,4,73
2016-02-14,10,104,12,116
2016-02-14,11,105,22,127
2016-02-14,12,135,29,164
2016-02-14,13,174,18,192
2016-02-14,14,146,16,162
2016-02-14,15,140,26,166
2016-02-14,16,152,22,174
2016-02-14,17,147,27,174
2016-02-14,18,111,17,128
2016-02-14,19,84,11,95
2016-02-14,20,60,8,68
2016-02-14,21,42,5,47
2016-02-14,22,29,3,32
2016-02-14,23,19,0,19
2016-02-15,0,9,0,9
2016-02-15,1,1,0,1
2016-02-15,2,3,0,3
2016-02-15,3,1,0,1
2016-02-15,4,2,0,2
2016-02-15,5,8,0,8
2016-02-15,6,9,0,9
2016-02-15,7,24,0,24
2016-02-15,8,34,0,34
2016-02-15,9,29,2,31
2016-02-15,10,13,2,15
2016-02-15,11,30,0,30
2016-02-15,12,25,0,25
2016-02-15,13,29,3,32
2016-02-15,14,36,1,37
2016-02-15,15,37,4,41
2016-02-15,16,44,10,54
2016-02-15,17,35,1,36
2016-02-15,18,34,0,34
2016-02-15,19,26,0,26
2016-02-15,20,14,0,14
2016-02-15,21,14,0,14
2016-02-15,22,13,0,13
2016-02-15,23,7,1,8
2016-02-16,0,2,0,2
2016-02-16,1,1,0,1
2016-02-16,2,2,0,2
2016-02-16,4,3,0,3
2016-02-16,5,13,0,13
2016-02-16,6,25,0,25
2016-02-16,7,48,1,49
2016-02-16,8,65,0,65
2016-02-16,9,49,0,49
2016-02-16,10,42,0,42
2016-02-16,11,50,3,53
2016-02-16,12,76,4,80
2016-02-16,13,111,2,113
2016-02-16,14,109,11,120
2016-02-16,15,159,13,172
2016-02-16,16,285,12,297
2016-02-16,17,679,16,695
2016-02-16,18,546,0,546
2016-02-16,19,329,9,338
2016-02-16,20,219,5,224
2016-02-16,21,188,2,190
2016-02-16,22,106,4,110
2016-02-16,23,48,1,49
2016-02-17,0,14,1,15
2016-02-17,1,7,0,7
2016-02-17,2,2,0,2
2016-02-17,3,2,0,2
2016-02-17,4,5,0,5
2016-02-17,5,54,0,54
2016-02-17,6,181,0,181
2016-02-17,7,496,7,503
2016-02-17,8,864,5,869
2016-02-17,9,373,7,380
2016-02-17,10,151,7,158
2016-02-17,11,181,14,195
2016-02-17,12,227,19,246
2016-02-17,13,187,25,212
2016-02-17,14,157,33,190
2016-02-17,15,201,33,234
2016-02-17,16,410,30,440
2016-02-17,17,746,27,773
2016-02-17,18,627,6,633
2016-02-17,19,361,4,365
2016-02-17,20,265,8,273
2016-02-17,21,178,8,186
2016-02-17,22,109,5,114
2016-02-17,23,58,2,60
2016-02-18,0,18,7,25
2016-02-18,1,3,2,5
2016-02-18,2,5,0,5
2016-02-18,3,3,0,3
2016-02-18,4,4,0,4
2016-02-18,5,54,0,54
2016-02-18,6,168,1,169
2016-02-18,7,458,3,461
2016-02-18,8,843,5,848
2016-02-18,9,376,10,386
2016-02-18,10,146,14,160
2016-02-18,11,164,26,190
2016-02-18,12,196,17,213
2016-02-18,13,194,11,205
2016-02-18,14,143,30,173
2016-02-18,15,203,21,224
2016-02-18,16,319,18,337
2016-02-18,17,732,26,758
2016-02-18,18,639,1,640
2016-02-18,19,367,8,375
2016-02-18,20,247,6,253
2016-02-18,21,168,5,173
2016-02-18,22,102,3,105
2016-02-18,23,53,3,56
2016-02-19,0,20,0,20
2016-02-19,1,9,0,9
2016-02-19,2,2,0,2
2016-02-19,3,3,0,3
2016-02-19,4,3,0,3
2016-02-19,5,58,0,58
2016-02-19,6,142,1,143
2016-02-19,7,394,4,398
2016-02-19,8,736,8,744
2016-02-19,9,379,14,393
2016-02-19,10,145,12,157
2016-02-19,11,167,25,192
2016-02-19,12,202,26,228
2016-02-19,13,198,34,232
2016-02-19,14,198,19,217
2016-02-19,15,264,36,300
2016-02-19,16,403,30,433
2016-02-19,17,673,28,701
2016-02-19,18,520,16,536
2016-02-19,19,311,11,322
2016-02-19,20,202,6,208
2016-02-19,21,120,4,124
2016-02-19,22,118,9,127
2016-02-19,23,77,6,83
2016-02-20,0,57,10,67
2016-02-20,1,51,4,55
2016-02-20,2,34,3,37
2016-02-20,3,17,3,20
2016-02-20,4,8,1,9
2016-02-20,5,7,0,7
2016-02-20,6,21,0,21
2016-02-20,7,57,6,63
2016-02-20,8,182,13,195
2016-02-20,9,244,35,279
2016-02-20,10,284,80,364
2016-02-20,11,399,147,546
2016-02-20,12,495,206,701
2016-02-20,13,512,297,809
2016-02-20,14,542,400,942
2016-02-20,15,535,364,899
2016-02-20,16,533,391,924
2016-02-20,17,423,276,699
2016-02-20,18,361,128,489
2016-02-20,19,226,98,324
2016-02-20,20,179,60,239
2016-02-20,21,171,41,212
2016-02-20,22,143,55,198
2016-02-20,23,113,33,146
2016-02-21,0,104,30,134
2016-02-21,1,80,12,92
2016-02-21,2,61,7,68
2016-02-21,3,28,7,35
2016-02-21,4,6,2,8
2016-02-21,5,5,0,5
2016-02-21,6,14,4,18
2016-02-21,7,49,7,56
2016-02-21,8,122,24,146
2016-02-21,9,218,62,280
2016-02-21,10,332,90,422
2016-02-21,11,271,69,340
2016-02-21,12,193,44,237
2016-02-21,13,243,68,311
2016-02-21,14,290,66,356
2016-02-21,15,285,77,362
2016-02-21,16,257,44,301
2016-02-21,17,254,42,296
2016-02-21,18,233,20,253
2016-02-21,19,183,10,193
2016-02-21,20,117,13,130
2016-02-21,21,79,11,90
2016-02-21,22,61,14,75
2016-02-21,23,36,10,46
2016-02-22,0,17,1,18
2016-02-22,1,5,1,6
2016-02-22,2,4,0,4
2016-02-22,3,3,1,4
2016-02-22,4,3,0,3
2016-02-22,5,50,1,51
2016-02-22,6,178,3,181
2016-02-22,7,545,4,549
2016-02-22,8,924,26,950
2016-02-22,9,390,20,410
2016-02-22,10,165,26,191
2016-02-22,11,158,45,203
2016-02-22,12,210,39,249
2016-02-22,13,224,35,259
2016-02-22,14,190,63,253
2016-02-22,15,264,49,313
2016-02-22,16,429,52,481
2016-02-22,17,931,56,987
2016-02-22,18,799,36,835
2016-02-22,19,473,15,488
2016-02-22,20,306,15,321
2016-02-22,21,200,21,221
2016-02-22,22,106,10,116
2016-02-22,23,52,3,55
2016-02-23,0,17,2,19
2016-02-23,1,5,4,9
2016-02-23,2,7,6,13
2016-02-23,3,4,0,4
2016-02-23,4,4,1,5
2016-02-23,5,49,1,50
2016-02-23,6,78,0,78
2016-02-23,7,142,4,146
2016-02-23,8,193,4,197
2016-02-23,9,104,4,108
2016-02-23,10,71,2,73
2016-02-23,11,57,5,62
2016-02-23,12,64,1,65
2016-02-23,13,66,1,67
2016-02-23,14,47,1,48
2016-02-23,15,72,4,76
2016-02-23,16,161,2,163
2016-02-23,17,360,3,363
2016-02-23,18,313,5,318
2016-02-23,19,256,1,257
2016-02-23,20,181,0,181
2016-02-23,21,162,2,164
2016-02-23,22,89,3,92
2016-02-23,23,26,1,27
2016-02-24,0,21,0,21
2016-02-24,1,7,0,7
2016-02-24,2,4,0,4
2016-02-24,3,1,0,1
2016-02-24,4,4,0,4
2016-02-24,5,51,0,51
2016-02-24,6,108,0,108
2016-02-24,7,281,3,284
2016-02-24,8,346,4,350
2016-02-24,9,250,2,252
2016-02-24,10,111,4,115
2016-02-24,11,96,3,99
2016-02-24,12,137,7,144
2016-02-24,13,115,8,123
2016-02-24,14,92,12,104
2016-02-24,15,68,3,71
2016-02-24,16,186,1,187
2016-02-24,17,518,9,527
2016-02-24,18,49,0,49
2016-02-24,19,196,2,198
2016-02-24,20,199,1,200
2016-02-24,21,187,2,189
2016-02-24,22,136,4,140
2016-02-24,23,49,2,51
2016-02-25,0,20,5,25
2016-02-25,1,12,2,14
2016-02-25,2,1,0,1
2016-02-25,3,2,0,2
2016-02-25,4,3,0,3
2016-02-25,5,51,0,51
2016-02-25,6,198,4,202
2016-02-25,7,518,10,528
2016-02-25,8,969,10,979
2016-02-25,9,417,8,425
2016-02-25,10,172,12,184
2016-02-25,11,193,18,211
2016-02-25,12,190,5,195
2016-02-25,13,222,18,240
2016-02-25,14,179,24,203
2016-02-25,15,226,10,236
2016-02-25,16,344,7,351
2016-02-25,17,788,6,794
2016-02-25,18,647,6,653
2016-02-25,19,375,3,378
2016-02-25,20,257,10,267
2016-02-25,21,183,5,188
2016-02-25,22,130,2,132
2016-02-25,23,64,4,68
2016-02-26,0,23,3,26
2016-02-26,1,9,0,9
2016-02-26,2,7,0,7
2016-02-26,4,4,0,4
2016-02-26,5,56,0,56
2016-02-26,6,148,0,148
2016-02-26,7,425,3,428
2016-02-26,8,785,6,791
2016-02-26,9,353,2,355
2016-02-26,10,155,9,164
2016-02-26,11,176,18,194
2016-02-26,12,206,10,216
2016-02-26,13,215,11,226
2016-02-26,14,181,18,199
2016-02-26,15,234,14,248
2016-02-26,16,382,13,395
2016-02-26,17,599,9,608
2016-02-26,18,506,4,510
2016-02-26,19,284,2,286
2016-02-26,20,158,1,159
2016-02-26,21,123,9,132
2016-02-26,22,85,9,94
2016-02-26,23,85,5,90
2016-02-27,0,68,0,68
2016-02-27,1,35,0,35
2016-02-27,2,29,2,31
2016-02-27,3,14,1,15
2016-02-27,4,4,0,4
2016-02-27,5,4,1,5
2016-02-27,6,18,0,18
2016-02-27,7,58,0,58
2016-02-27,8,144,13,157
2016-02-27,9,270,20,290
2016-02-27,10,274,43,317
2016-02-27,11,353,57,410
2016-02-27,12,381,109,490
2016-02-27,13,376,101,477
2016-02-27,14,341,133,474
2016-02-27,15,379,155,534
2016-02-27,16,347,134,481
2016-02-27,17,323,102,425
2016-02-27,18,312,40,352
2016-02-27,19,214,28,242
2016-02-27,20,153,13,166
2016-02-27,21,152,13,165
2016-02-27,22,108,11,119
2016-02-27,23,93,6,99
2016-02-28,0,70,7,77
2016-02-28,1,60,5,65
2016-02-28,2,32,7,39
2016-02-28,3,11,2,13
2016-02-28,4,5,0,5
2016-02-28,5,4,0,4
2016-02-28,6,8,0,8
2016-02-28,7,47,6,53
2016-02-28,8,117,11,128
2016-02-28,9,193,46,239
2016-02-28,10,354,111,465
2016-02-28,11,512,182,694
2016-02-28,12,583,319,902
2016-02-28,13,556,361,917
2016-02-28,14,579,425,1004
2016-02-28,15,650,405,1055
2016-02-28,16,626,366,992
2016-02-28,17,504,261,765
2016-02-28,18,398,124,522
2016-02-28,19,247,61,308
2016-02-28,20,147,49,196
2016-02-28,21,109,21,130
2016-02-28,22,92,17,109
2016-02-28,23,36,6,42
2016-02-29,0,51,3,54
2016-02-29,1,8,4,12
2016-02-29,2,2,0,2
2016-02-29,3,3,0,3
2016-02-29,4,6,0,6
2016-02-29,5,54,3,57
2016-02-29,6,187,4,191
2016-02-29,7,605,10,615
2016-02-29,8,890,15,905
2016-02-29,9,359,32,391
2016-02-29,10,175,52,227
2016-02-29,11,196,64,260
2016-02-29,12,256,56,312
2016-02-29,13,272,78,350
2016-02-29,14,202,49,251
2016-02-29,15,292,52,344
2016-02-29,16,486,53,539
2016-02-29,17,1070,64,1134
2016-02-29,18,854,31,885
2016-02-29,19,471,29,500
2016-02-29,20,308,26,334
2016-02-29,21,257,7,264
2016-02-29,22,126,5,131
2016-02-29,23,51,10,61
2016-03-01,0,14,1,15
2016-03-01,1,7,5,12
2016-03-01,2,6,1,7
2016-03-01,3,5,0,5
2016-03-01,4,10,1,11
2016-03-01,5,59,0,59
2016-03-01,6,237,4,241
2016-03-01,7,719,13,732
2016-03-01,8,1103,19,1122
2016-03-01,9,417,26,443
2016-03-01,10,189,31,220
2016-03-01,11,206,43,249
2016-03-01,12,305,48,353
2016-03-01,13,276,58,334
2016-03-01,14,230,78,308
2016-03-01,15,293,74,367
2016-03-01,16,491,65,556
2016-03-01,17,1085,84,1169
2016-03-01,18,895,42,937
2016-03-01,19,536,30,566
2016-03-01,20,325,33,358
2016-03-01,21,247,14,261
2016-03-01,22,182,10,192
2016-03-01,23,65,6,71
2016-03-02,0,14,1,15
2016-03-02,1,7,0,7
2016-03-02,2,1,0,1
2016-03-02,3,3,0,3
2016-03-02,4,3,0,3
2016-03-02,5,60,1,61
2016-03-02,6,184,2,186
2016-03-02,7,526,10,536
2016-03-02,8,892,14,906
2016-03-02,9,381,16,397
2016-03-02,10,159,10,169
2016-03-02,11,166,13,179
2016-03-02,12,220,20,240
2016-03-02,13,176,7,183
2016-03-02,14,158,29,187
2016-03-02,15,200,12,212
2016-03-02,16,348,22,370
2016-03-02,17,759,23,782
2016-03-02,18,565,8,573
2016-03-02,19,335,11,346
2016-03-02,20,238,4,242
2016-03-02,21,175,6,181
2016-03-02,22,97,1,98
2016-03-02,23,41,0,41
2016-03-03,0,12,1,13
2016-03-03,1,8,0,8
2016-03-03,2,2,0,2
2016-03-03,4,6,0,6
2016-03-03,5,51,0,51
2016-03-03,6,189,3,192
2016-03-03,7,503,3,506
2016-03-03,8,868,16,884
2016-03-03,9,378,21,399
2016-03-03,10,139,13,152
2016-03-03,11,158,21,179
2016-03-03,12,185,22,207
2016-03-03,13,197,30,227
2016-03-03,14,169,35,204
2016-03-03,15,218,15,233
2016-03-03,16,372,24,396
2016-03-03,17,741,20,761
2016-03-03,18,631,13,644
2016-03-03,19,377,8,385
2016-03-03,20,219,5,224
2016-03-03,21,137,0,137
2016-03-03,22,53,1,54
2016-03-03,23,38,0,38
2016-03-04,0,12,1,13
2016-03-04,1,6,0,6
2016-03-04,2,5,0,5
2016-03-04,4,3,0,3
2016-03-04,5,47,0,47
2016-03-04,6,103,0,103
2016-03-04,7,294,3,297
2016-03-04,8,612,6,618
2016-03-04,9,343,9,352
2016-03-04,10,168,11,179
2016-03-04,11,173,17,190
2016-03-04,12,237,20,257
2016-03-04,13,236,9,245
2016-03-04,14,181,27,208
2016-03-04,15,226,28,254
2016-03-04,16,389,31,420
2016-03-04,17,707,49,756
2016-03-04,18,506,15,521
2016-03-04,19,296,20,316
2016-03-04,20,191,8,199
2016-03-04,21,144,6,150
2016-03-04,22,107,7,114
2016-03-04,23,86,6,92
2016-03-05,0,61,5,66
2016-03-05,1,34,1,35
2016-03-05,2,40,3,43
2016-03-05,3,14,1,15
2016-03-05,4,3,0,3
2016-03-05,5,8,1,9
2016-03-05,6,17,2,19
2016-03-05,7,60,8,68
2016-03-05,8,141,14,155
2016-03-05,9,255,35,290
2016-03-05,10,290,75,365
2016-03-05,11,344,68,412
2016-03-05,12,370,101,471
2016-03-05,13,337,122,459
2016-03-05,14,291,138,429
2016-03-05,15,355,129,484
2016-03-05,16,366,108,474
2016-03-05,17,323,133,456
2016-03-05,18,275,49,324
2016-03-05,19,197,41,238
2016-03-05,20,147,27,174
2016-03-05,21,120,17,137
2016-03-05,22,87,7,94
2016-03-05,23,90,24,114
2016-03-06,0,64,13,77
2016-03-06,1,51,9,60
2016-03-06,2,45,15,60
2016-03-06,3,13,3,16
2016-03-06,4,2,0,2
2016-03-06,5,6,0,6
2016-03-06,6,14,2,16
2016-03-06,7,52,5,57
2016-03-06,8,133,22,155
2016-03-06,9,175,76,251
2016-03-06,10,265,108,373
2016-03-06,11,310,111,421
2016-03-06,12,424,144,568
2016-03-06,13,404,164,568
2016-03-06,14,395,170,565
2016-03-06,15,403,184,587
2016-03-06,16,425,190,615
2016-03-06,17,393,133,526
2016-03-06,18,279,86,365
2016-03-06,19,186,34,220
2016-03-06,20,137,15,152
2016-03-06,21,99,31,130
2016-03-06,22,53,19,72
2016-03-06,23,32,5,37
2016-03-07,0,12,4,16
2016-03-07,1,5,0,5
2016-03-07,2,4,0,4
2016-03-07,3,4,1,5
2016-03-07,5,56,2,58
2016-03-07,6,177,6,183
2016-03-07,7,566,15,581
2016-03-07,8,1022,24,1046
2016-03-07,9,425,57,482
2016-03-07,10,162,110,272
2016-03-07,11,202,117,319
2016-03-07,12,260,123,383
2016-03-07,13,249,127,376
2016-03-07,14,212,132,344
2016-03-07,15,322,150,472
2016-03-07,16,512,157,669
2016-03-07,17,1167,168,1335
2016-03-07,18,937,100,1037
2016-03-07,19,503,71,574
2016-03-07,20,339,30,369
2016-03-07,21,229,41,270
2016-03-07,22,120,16,136
2016-03-07,23,39,28,67
2016-03-08,0,22,4,26
2016-03-08,1,5,1,6
2016-03-08,2,3,3,6
2016-03-08,3,1,0,1
2016-03-08,4,2,0,2
2016-03-08,5,69,0,69
2016-03-08,6,273,4,277
2016-03-08,7,790,26,816
2016-03-08,8,1152,59,1211
2016-03-08,9,448,85,533
2016-03-08,10,220,75,295
2016-03-08,11,235,136,371
2016-03-08,12,334,148,482
2016-03-08,13,304,125,429
2016-03-08,14,274,183,457
2016-03-08,15,326,182,508
2016-03-08,16,636,133,769
2016-03-08,17,1195,153,1348
2016-03-08,18,1028,109,1137
2016-03-08,19,626,79,705
2016-03-08,20,405,64,469
2016-03-08,21,273,60,333
2016-03-08,22,179,22,201
2016-03-08,23,88,19,107
2016-03-09,0,24,19,43
2016-03-09,1,8,3,11
2016-03-09,2,8,3,11
2016-03-09,3,1,1,2
2016-03-09,4,7,1,8
2016-03-09,5,61,2,63
2016-03-09,6,288,4,292
2016-03-09,7,815,28,843
2016-03-09,8,1199,65,1264
2016-03-09,9,439,52,491
2016-03-09,10,223,100,323
2016-03-09,11,249,129,378
2016-03-09,12,354,108,462
2016-03-09,13,297,161,458
2016-03-09,14,278,181,459
2016-03-09,15,344,184,528
2016-03-09,16,675,190,865
2016-03-09,17,1288,219,1507
2016-03-09,18,1026,188,1214
2016-03-09,19,613,98,711
2016-03-09,20,448,56,504
2016-03-09,21,327,57,384
2016-03-09,22,201,57,258
2016-03-09,23,116,19,135
2016-03-10,0,61,19,80
2016-03-10,1,17,2,19
2016-03-10,2,2,2,4
2016-03-10,3,2,2,4
2016-03-10,4,4,1,5
2016-03-10,5,84,1,85
2016-03-10,6,280,13,293
2016-03-10,7,795,30,825
2016-03-10,8,1140,55,1195
2016-03-10,9,455,70,525
2016-03-10,10,220,118,338
2016-03-10,11,253,127,380
2016-03-10,12,349,123,472
2016-03-10,13,322,125,447
2016-03-10,14,281,164,445
2016-03-10,15,324,193,517
2016-03-10,16,611,220,831
2016-03-10,17,1167,220,1387
2016-03-10,18,1025,121,1146
2016-03-10,19,616,110,726
2016-03-10,20,382,71,453
2016-03-10,21,315,64,379
2016-03-10,22,185,36,221
2016-03-10,23,154,23,177
2016-03-11,0,57,25,82
2016-03-11,1,25,17,42
2016-03-11,2,9,4,13
2016-03-11,3,9,2,11
2016-03-11,4,4,1,5
2016-03-11,5,69,1,70
2016-03-11,6,220,5,225
2016-03-11,7,648,15,663
2016-03-11,8,1131,31,1162
2016-03-11,9,488,62,550
2016-03-11,10,232,86,318
2016-03-11,11,289,154,443
2016-03-11,12,390,162,552
2016-03-11,13,398,216,614
2016-03-11,14,313,259,572
2016-03-11,15,438,249,687
2016-03-11,16,714,262,976
2016-03-11,17,1199,234,1433
2016-03-11,18,896,173,1069
2016-03-11,19,496,101,597
2016-03-11,20,331,73,404
2016-03-11,21,217,69,286
2016-03-11,22,194,59,253
2016-03-11,23,162,30,192
2016-03-12,0,107,15,122
2016-03-12,1,69,10,79
2016-03-12,2,44,2,46
2016-03-12,3,24,3,27
2016-03-12,4,4,7,11
2016-03-12,5,17,5,22
2016-03-12,6,138,26,164
2016-03-12,7,148,57,205
2016-03-12,8,268,92,360
2016-03-12,9,439,171,610
2016-03-12,10,485,302,787
2016-03-12,11,564,347,911
2016-03-12,12,580,401,981
2016-03-12,13,514,431,945
2016-03-12,14,521,404,925
2016-03-12,15,434,349,783
2016-03-12,16,392,283,675
2016-03-12,17,396,357,753
2016-03-12,18,409,212,621
2016-03-12,19,268,137,405
2016-03-12,20,208,122,330
2016-03-12,21,161,83,244
2016-03-12,22,125,71,196
2016-03-12,23,151,75,226
2016-03-13,0,111,32,143
2016-03-13,1,104,17,121
2016-03-13,3,70,18,88
2016-03-13,4,14,4,18
2016-03-13,5,7,1,8
2016-03-13,6,18,2,20
2016-03-13,7,31,8,39
2016-03-13,8,101,35,136
2016-03-13,9,136,52,188
2016-03-13,10,288,99,387
2016-03-13,11,385,130,515
2016-03-13,12,410,227,637
2016-03-13,13,463,222,685
2016-03-13,14,467,271,738
2016-03-13,15,240,82,322
2016-03-13,16,141,44,185
2016-03-13,17,197,69,266
2016-03-13,18,204,56,260
2016-03-13,19,172,23,195
2016-03-13,20,93,24,117
2016-03-13,21,74,3,77
2016-03-13,22,28,6,34
2016-03-13,23,14,1,15
2016-03-14,0,5,1,6
2016-03-14,1,6,0,6
2016-03-14,2,2,0,2
2016-03-14,4,5,0,5
2016-03-14,5,36,3,39
2016-03-14,6,155,11,166
2016-03-14,7,389,8,397
2016-03-14,8,830,20,850
2016-03-14,9,540,34,574
2016-03-14,10,172,62,234
2016-03-14,11,189,70,259
2016-03-14,12,219,61,280
2016-03-14,13,228,72,300
2016-03-14,14,212,66,278
2016-03-14,15,241,101,342
2016-03-14,16,459,75,534
2016-03-14,17,1016,97,1113
2016-03-14,18,926,75,1001
2016-03-14,19,540,38,578
2016-03-14,20,267,19,286
2016-03-14,21,194,11,205
2016-03-14,22,109,33,142
2016-03-14,23,61,13,74
2016-03-15,0,15,7,22
2016-03-15,1,7,1,8
2016-03-15,2,2,0,2
2016-03-15,3,4,0,4
2016-03-15,4,5,0,5
2016-03-15,5,73,0,73
2016-03-15,6,209,4,213
2016-03-15,7,331,7,338
2016-03-15,8,775,15,790
2016-03-15,9,482,17,499
2016-03-15,10,192,45,237
2016-03-15,11,211,47,258
2016-03-15,12,271,59,330
2016-03-15,13,258,66,324
2016-03-15,14,218,80,298
2016-03-15,15,309,109,418
2016-03-15,16,536,123,659
2016-03-15,17,1088,149,1237
2016-03-15,18,976,105,1081
2016-03-15,19,615,68,683
2016-03-15,20,397,35,432
2016-03-15,21,272,31,303
2016-03-15,22,212,25,237
2016-03-15,23,85,22,107
2016-03-16,0,31,6,37
2016-03-16,1,15,3,18
2016-03-16,2,5,0,5
2016-03-16,3,8,2,10
2016-03-16,4,6,3,9
2016-03-16,5,72,10,82
2016-03-16,6,291,51,342
2016-03-16,7,809,138,947
2016-03-16,8,1126,205,1331
2016-03-16,9,524,175,699
2016-03-16,10,240,184,424
2016-03-16,11,261,157,418
2016-03-16,12,326,201,527
2016-03-16,13,343,258,601
2016-03-16,14,339,288,627
2016-03-16,15,419,290,709
2016-03-16,16,724,437,1161
2016-03-16,17,1230,544,1774
2016-03-16,18,1087,416,1503
2016-03-16,19,616,206,822
2016-03-16,20,370,134,504
2016-03-16,21,303,132,435
2016-03-16,22,171,81,252
2016-03-16,23,87,32,119
2016-03-17,0,26,9,35
2016-03-17,1,9,6,15
2016-03-17,2,9,4,13
2016-03-17,3,4,0,4
2016-03-17,4,4,0,4
2016-03-17,5,73,0,73
2016-03-17,6,219,14,233
2016-03-17,7,655,21,676
2016-03-17,8,1200,53,1253
2016-03-17,9,514,73,587
2016-03-17,10,229,121,350
2016-03-17,11,280,144,424
2016-03-17,12,343,162,505
2016-03-17,13,338,131,469
2016-03-17,14,238,154,392
2016-03-17,15,341,171,512
2016-03-17,16,612,168,780
2016-03-17,17,1088,183,1271
2016-03-17,18,1069,136,1205
2016-03-17,19,604,84,688
2016-03-17,20,369,60,429
2016-03-17,21,315,23,338
2016-03-17,22,229,46,275
2016-03-17,23,119,23,142
2016-03-18,0,59,16,75
2016-03-18,1,30,8,38
2016-03-18,2,14,7,21
2016-03-18,3,8,2,10
2016-03-18,4,6,0,6
2016-03-18,5,68,3,71
2016-03-18,6,199,7,206
2016-03-18,7,597,37,634
2016-03-18,8,1153,56,1209
2016-03-18,9,517,89,606
2016-03-18,10,227,115,342
2016-03-18,11,344,187,531
2016-03-18,12,411,221,632
2016-03-18,13,416,221,637
2016-03-18,14,316,206,522
2016-03-18,15,443,229,672
2016-03-18,16,637,269,906
2016-03-18,17,1085,259,1344
2016-03-18,18,877,177,1054
2016-03-18,19,548,130,678
2016-03-18,20,309,95,404
2016-03-18,21,253,104,357
2016-03-18,22,206,85,291
2016-03-18,23,145,38,183
2016-03-19,0,121,25,146
2016-03-19,1,65,10,75
2016-03-19,2,39,5,44
2016-03-19,3,12,3,15
2016-03-19,4,1,1,2
2016-03-19,5,8,0,8
2016-03-19,6,16,1,17
2016-03-19,7,73,9,82
2016-03-19,8,160,23,183
2016-03-19,9,296,64,360
2016-03-19,10,364,76,440
2016-03-19,11,316,93,409
2016-03-19,12,163,36,199
2016-03-19,13,174,38,212
2016-03-19,14,120,18,138
2016-03-19,15,98,15,113
2016-03-19,16,99,19,118
2016-03-19,17,138,22,160
2016-03-19,18,78,3,81
2016-03-19,19,91,7,98
2016-03-19,20,88,10,98
2016-03-19,21,74,11,85
2016-03-19,22,75,5,80
2016-03-19,23,62,2,64
2016-03-20,0,49,6,55
2016-03-20,1,54,3,57
2016-03-20,2,36,3,39
2016-03-20,3,25,1,26
2016-03-20,4,3,0,3
2016-03-20,5,4,0,4
2016-03-20,6,15,3,18
2016-03-20,7,42,9,51
2016-03-20,8,88,11,99
2016-03-20,9,160,13,173
2016-03-20,10,226,48,274
2016-03-20,11,339,50,389
2016-03-20,12,378,103,481
2016-03-20,13,323,112,435
2016-03-20,14,291,87,378
2016-03-20,15,339,66,405
2016-03-20,16,309,64,373
2016-03-20,17,304,43,347
2016-03-20,18,242,36,278
2016-03-20,19,204,37,241
2016-03-20,20,157,14,171
2016-03-20,21,107,17,124
2016-03-20,22,44,14,58
2016-03-20,23,30,23,53
2016-03-21,0,10,17,27
2016-03-21,1,2,14,16
2016-03-21,3,3,0,3
2016-03-21,4,1,0,1
2016-03-21,5,45,2,47
2016-03-21,6,161,2,163
2016-03-21,7,490,5,495
2016-03-21,8,876,13,889
2016-03-21,9,428,25,453
2016-03-21,10,156,52,208
2016-03-21,11,175,53,228
2016-03-21,12,236,55,291
2016-03-21,13,237,100,337
2016-03-21,14,176,103,279
2016-03-21,15,250,103,353
2016-03-21,16,479,70,549
2016-03-21,17,989,83,1072
2016-03-21,18,920,67,987
2016-03-21,19,470,34,504
2016-03-21,20,263,24,287
2016-03-21,21,188,7,195
2016-03-21,22,130,6,136
2016-03-21,23,57,3,60
2016-03-22,0,27,3,30
2016-03-22,1,13,4,17
2016-03-22,2,3,0,3
2016-03-22,3,4,0,4
2016-03-22,4,2,0,2
2016-03-22,5,69,1,70
2016-03-22,6,221,5,226
2016-03-22,7,598,16,614
2016-03-22,8,1060,21,1081
2016-03-22,9,439,42,481
2016-03-22,10,166,67,233
2016-03-22,11,191,81,272
2016-03-22,12,268,115,383
2016-03-22,13,268,120,388
2016-03-22,14,220,165,385
2016-03-22,15,321,139,460
2016-03-22,16,589,156,745
2016-03-22,17,1225,142,1367
2016-03-22,18,1073,98,1171
2016-03-22,19,635,92,727
2016-03-22,20,400,54,454
2016-03-22,21,316,39,355
2016-03-22,22,173,32,205
2016-03-22,23,72,18,90
2016-03-23,0,24,5,29
2016-03-23,1,15,1,16
2016-03-23,2,6,1,7
2016-03-23,3,4,0,4
2016-03-23,4,4,0,4
2016-03-23,5,81,1,82
2016-03-23,6,268,9,277
2016-03-23,7,728,33,761
2016-03-23,8,1171,41,1212
2016-03-23,9,516,92,608
2016-03-23,10,235,99,334
2016-03-23,11,270,143,413
2016-03-23,12,386,203,589
2016-03-23,13,338,212,550
2016-03-23,14,281,261,542
2016-03-23,15,390,230,620
2016-03-23,16,687,199,886
2016-03-23,17,1314,219,1533
2016-03-23,18,1223,251,1474
2016-03-23,19,813,129,942
2016-03-23,20,471,124,595
2016-03-23,21,399,64,463
2016-03-23,22,232,41,273
2016-03-23,23,104,22,126
2016-03-24,0,55,7,62
2016-03-24,1,17,4,21
2016-03-24,2,7,2,9
2016-03-24,3,4,2,6
2016-03-24,4,10,1,11
2016-03-24,5,70,13,83
2016-03-24,6,276,18,294
2016-03-24,7,741,37,778
2016-03-24,8,1236,61,1297
2016-03-24,9,533,80,613
2016-03-24,10,239,171,410
2016-03-24,11,278,206,484
2016-03-24,12,391,263,654
2016-03-24,13,417,224,641
2016-03-24,14,341,271,612
2016-03-24,15,390,323,713
2016-03-24,16,680,304,984
2016-03-24,17,1322,364,1686
2016-03-24,18,1173,309,1482
2016-03-24,19,812,146,958
2016-03-24,20,499,126,625
2016-03-24,21,349,99,448
2016-03-24,22,231,67,298
2016-03-24,23,153,41,194
2016-03-25,0,95,13,108
2016-03-25,1,29,5,34
2016-03-25,2,14,4,18
2016-03-25,3,8,1,9
2016-03-25,4,5,1,6
2016-03-25,5,66,3,69
2016-03-25,6,218,10,228
2016-03-25,7,591,38,629
2016-03-25,8,1072,63,1135
2016-03-25,9,575,109,684
2016-03-25,10,300,159,459
2016-03-25,11,232,128,360
2016-03-25,12,344,192,536
2016-03-25,13,378,296,674
2016-03-25,14,465,364,829
2016-03-25,15,523,369,892
2016-03-25,16,782,399,1181
2016-03-25,17,1108,340,1448
2016-03-25,18,855,298,1153
2016-03-25,19,525,230,755
2016-03-25,20,316,122,438
2016-03-25,21,206,76,282
2016-03-25,22,145,46,191
2016-03-25,23,86,8,94
2016-03-26,0,102,11,113
2016-03-26,1,55,9,64
2016-03-26,2,34,6,40
2016-03-26,3,15,1,16
2016-03-26,4,4,1,5
2016-03-26,5,10,4,14
2016-03-26,6,66,41,107
2016-03-26,7,109,61,170
2016-03-26,8,248,105,353
2016-03-26,9,391,253,644
2016-03-26,10,439,409,848
2016-03-26,11,517,566,1083
2016-03-26,12,589,639,1228
2016-03-26,13,596,799,1395
2016-03-26,14,567,796,1363
2016-03-26,15,636,757,1393
2016-03-26,16,595,753,1348
2016-03-26,17,526,591,1117
2016-03-26,18,477,484,961
2016-03-26,19,388,295,683
2016-03-26,20,251,172,423
2016-03-26,21,182,120,302
2016-03-26,22,142,112,254
2016-03-26,23,150,42,192
2016-03-27,0,90,23,113
2016-03-27,1,68,14,82
2016-03-27,2,47,3,50
2016-03-27,3,24,10,34
2016-03-27,4,6,6,12
2016-03-27,5,11,13,24
2016-03-27,6,54,40,94
2016-03-27,7,96,70,166
2016-03-27,8,182,115,297
2016-03-27,9,251,258,509
2016-03-27,10,326,372,698
2016-03-27,11,412,369,781
2016-03-27,12,453,396,849
2016-03-27,13,437,379,816
2016-03-27,14,455,455,910
2016-03-27,15,375,385,760
2016-03-27,16,350,316,666
2016-03-27,17,383,230,613
2016-03-27,18,317,158,475
2016-03-27,19,189,54,243
2016-03-27,20,124,34,158
2016-03-27,21,83,18,101
2016-03-27,22,51,11,62
2016-03-27,23,35,16,51
2016-03-28,0,13,2,15
2016-03-28,1,5,2,7
2016-03-28,2,1,1,2
2016-03-28,3,3,0,3
2016-03-28,4,8,0,8
2016-03-28,5,42,0,42
2016-03-28,6,80,1,81
2016-03-28,7,196,1,197
2016-03-28,8,576,11,587
2016-03-28,9,428,36,464
2016-03-28,10,175,76,251
2016-03-28,11,258,126,384
2016-03-28,12,319,167,486
2016-03-28,13,310,171,481
2016-03-28,14,309,172,481
2016-03-28,15,307,130,437
2016-03-28,16,541,155,696
2016-03-28,17,1173,159,1332
2016-03-28,18,987,126,1113
2016-03-28,19,531,89,620
2016-03-28,20,299,25,324
2016-03-28,21,214,12,226
2016-03-28,22,132,16,148
2016-03-28,23,38,7,45
2016-03-29,0,26,5,31
2016-03-29,1,7,4,11
2016-03-29,2,9,0,9
2016-03-29,3,2,1,3
2016-03-29,4,8,0,8
2016-03-29,5,77,2,79
2016-03-29,6,232,8,240
2016-03-29,7,699,28,727
2016-03-29,8,1169,42,1211
2016-03-29,9,491,73,564
2016-03-29,10,225,133,358
2016-03-29,11,241,152,393
2016-03-29,12,288,101,389
2016-03-29,13,297,147,444
2016-03-29,14,283,149,432
2016-03-29,15,306,168,474
2016-03-29,16,543,157,700
2016-03-29,17,1196,153,1349
2016-03-29,18,1059,101,1160
2016-03-29,19,624,76,700
2016-03-29,20,337,63,400
2016-03-29,21,223,56,279
2016-03-29,22,144,34,178
2016-03-29,23,77,5,82
2016-03-30,0,29,2,31
2016-03-30,1,14,4,18
2016-03-30,2,4,0,4
2016-03-30,3,6,0,6
2016-03-30,4,7,0,7
2016-03-30,5,78,1,79
2016-03-30,6,211,4,215
2016-03-30,7,675,28,703
2016-03-30,8,1125,51,1176
2016-03-30,9,506,87,593
2016-03-30,10,232,148,380
2016-03-30,11,229,172,401
2016-03-30,12,328,172,500
2016-03-30,13,336,205,541
2016-03-30,14,290,203,493
2016-03-30,15,327,218,545
2016-03-30,16,560,189,749
2016-03-30,17,1186,189,1375
2016-03-30,18,1057,159,1216
2016-03-30,19,625,97,722
2016-03-30,20,415,53,468
2016-03-30,21,279,33,312
2016-03-30,22,215,16,231
2016-03-30,23,89,19,108
2016-03-31,0,22,6,28
2016-03-31,1,14,2,16
2016-03-31,2,9,1,10
2016-03-31,3,2,0,2
2016-03-31,4,7,1,8
2016-03-31,5,77,3,80
2016-03-31,6,230,10,240
2016-03-31,7,713,37,750
2016-03-31,8,1127,48,1175
2016-03-31,9,507,82,589
2016-03-31,10,239,117,356
2016-03-31,11,255,160,415
2016-03-31,12,331,152,483
2016-03-31,13,368,198,566
2016-03-31,14,278,153,431
2016-03-31,15,345,159,504
2016-03-31,16,577,169,746
2016-03-31,17,1120,192,1312
2016-03-31,18,1069,171,1240
2016-03-31,19,681,126,807
2016-03-31,20,484,51,535
2016-03-31,21,299,47,346
2016-03-31,22,211,29,240
2016-03-31,23,114,36,150
2016-04-01,0,55,9,64
2016-04-01,1,27,14,41
2016-04-01,2,12,16,28
2016-04-01,3,6,3,9
2016-04-01,4,7,4,11
2016-04-01,5,53,0,53
2016-04-01,6,172,15,187
2016-04-01,7,602,25,627
2016-04-01,8,576,27,603
2016-04-01,9,358,30,388
2016-04-01,10,227,77,304
2016-04-01,11,303,120,423
2016-04-01,12,361,165,526
2016-04-01,13,385,225,610
2016-04-01,14,380,273,653
2016-04-01,15,472,248,720
2016-04-01,16,709,280,989
2016-04-01,17,1190,277,1467
2016-04-01,18,896,227,1123
2016-04-01,19,533,198,731
2016-04-01,20,341,95,436
2016-04-01,21,288,87,375
2016-04-01,22,232,70,302
2016-04-01,23,147,57,204
2016-04-02,0,112,38,150
2016-04-02,1,80,22,102
2016-04-02,2,66,9,75
2016-04-02,3,18,11,29
2016-04-02,4,8,4,12
2016-04-02,5,14,3,17
2016-04-02,6,18,7,25
2016-04-02,7,39,6,45
2016-04-02,8,96,20,116
2016-04-02,9,148,46,194
2016-04-02,10,189,55,244
2016-04-02,11,310,117,427
2016-04-02,12,495,280,775
2016-04-02,13,531,395,926
2016-04-02,14,518,435,953
2016-04-02,15,580,440,1020
2016-04-02,16,572,442,1014
2016-04-02,17,545,395,940
2016-04-02,18,478,333,811
2016-04-02,19,373,187,560
2016-04-02,20,239,134,373
2016-04-02,21,199,58,257
2016-04-02,22,128,31,159
2016-04-02,23,48,10,58
2016-04-03,0,57,3,60
2016-04-03,1,58,3,61
2016-04-03,2,31,5,36
2016-04-03,3,18,1,19
2016-04-03,4,6,0,6
2016-04-03,5,10,2,12
2016-04-03,6,109,5,114
2016-04-03,7,90,15,105
2016-04-03,8,110,25,135
2016-04-03,9,206,33,239
2016-04-03,10,271,88,359
2016-04-03,11,317,165,482
2016-04-03,12,388,167,555
2016-04-03,13,398,189,587
2016-04-03,14,437,169,606
2016-04-03,15,440,240,680
2016-04-03,16,397,219,616
2016-04-03,17,379,213,592
2016-04-03,18,376,152,528
2016-04-03,19,292,98,390
2016-04-03,20,216,54,270
2016-04-03,21,126,38,164
2016-04-03,22,99,32,131
2016-04-03,23,48,5,53
2016-04-04,0,25,14,39
2016-04-04,1,10,3,13
2016-04-04,2,1,3,4
2016-04-04,3,3,0,3
2016-04-04,4,7,1,8
2016-04-04,5,62,0,62
2016-04-04,6,213,5,218
2016-04-04,7,705,25,730
2016-04-04,8,1165,38,1203
2016-04-04,9,458,54,512
2016-04-04,10,203,82,285
2016-04-04,11,232,140,372
2016-04-04,12,315,117,432
2016-04-04,13,303,153,456
2016-04-04,14,239,110,349
2016-04-04,15,337,70,407
2016-04-04,16,282,44,326
2016-04-04,17,413,26,439
2016-04-04,18,314,17,331
2016-04-04,19,383,31,414
2016-04-04,20,340,15,355
2016-04-04,21,218,9,227
2016-04-04,22,116,13,129
2016-04-04,23,83,1,84
2016-04-05,0,22,3,25
2016-04-05,1,7,0,7
2016-04-05,2,2,0,2
2016-04-05,3,3,0,3
2016-04-05,4,6,0,6
2016-04-05,5,67,0,67
2016-04-05,6,182,7,189
2016-04-05,7,527,12,539
2016-04-05,8,867,19,886
2016-04-05,9,359,40,399
2016-04-05,10,157,35,192
2016-04-05,11,156,35,191
2016-04-05,12,244,41,285
2016-04-05,13,229,32,261
2016-04-05,14,199,48,247
2016-04-05,15,259,51,310
2016-04-05,16,473,69,542
2016-04-05,17,977,93,1070
2016-04-05,18,841,80,921
2016-04-05,19,530,31,561
2016-04-05,20,330,6,336
2016-04-05,21,241,20,261
2016-04-05,22,121,20,141
2016-04-05,23,68,3,71
2016-04-06,0,33,0,33
2016-04-06,1,4,1,5
2016-04-06,2,3,1,4
2016-04-06,3,1,0,1
2016-04-06,4,4,1,5
2016-04-06,5,49,0,49
2016-04-06,6,190,2,192
2016-04-06,7,570,16,586
2016-04-06,8,1029,20,1049
2016-04-06,9,469,40,509
2016-04-06,10,187,47,234
2016-04-06,11,227,79,306
2016-04-06,12,271,72,343
2016-04-06,13,255,101,356
2016-04-06,14,251,89,340
2016-04-06,15,273,98,371
2016-04-06,16,520,107,627
2016-04-06,17,1071,120,1191
2016-04-06,18,1022,84,1106
2016-04-06,19,631,60,691
2016-04-06,20,410,54,464
2016-04-06,21,304,30,334
2016-04-06,22,164,21,185
2016-04-06,23,75,12,87
2016-04-07,0,33,3,36
2016-04-07,1,14,4,18
2016-04-07,2,3,1,4
2016-04-07,3,1,0,1
2016-04-07,4,9,0,9
2016-04-07,5,59,1,60
2016-04-07,6,229,3,232
2016-04-07,7,259,7,266
2016-04-07,8,341,4,345
2016-04-07,9,95,3,98
2016-04-07,10,25,3,28
2016-04-07,11,142,12,154
2016-04-07,12,204,35,239
2016-04-07,13,248,46,294
2016-04-07,14,271,65,336
2016-04-07,15,336,72,408
2016-04-07,16,356,64,420
2016-04-07,17,320,27,347
2016-04-07,18,699,44,743
2016-04-07,19,429,45,474
2016-04-07,20,336,23,359
2016-04-07,21,246,17,263
2016-04-07,22,186,10,196
2016-04-07,23,102,1,103
2016-04-08,0,41,5,46
2016-04-08,1,13,7,20
2016-04-08,2,14,4,18
2016-04-08,3,2,0,2
2016-04-08,4,11,0,11
2016-04-08,5,48,1,49
2016-04-08,6,198,4,202
2016-04-08,7,591,15,606
2016-04-08,8,982,34,1016
2016-04-08,9,525,65,590
2016-04-08,10,224,79,303
2016-04-08,11,273,110,383
2016-04-08,12,285,115,400
2016-04-08,13,330,136,466
2016-04-08,14,288,138,426
2016-04-08,15,355,189,544
2016-04-08,16,578,163,741
2016-04-08,17,955,192,1147
2016-04-08,18,794,144,938
2016-04-08,19,528,115,643
2016-04-08,20,311,50,361
2016-04-08,21,233,34,267
2016-04-08,22,173,18,191
2016-04-08,23,126,33,159
2016-04-09,0,102,9,111
2016-04-09,1,47,12,59
2016-04-09,2,41,8,49
2016-04-09,3,20,5,25
2016-04-09,4,4,0,4
2016-04-09,5,3,0,3
2016-04-09,6,17,6,23
2016-04-09,7,37,8,45
2016-04-09,8,110,13,123
2016-04-09,9,187,33,220
2016-04-09,10,100,6,106
2016-04-09,11,126,20,146
2016-04-09,12,217,45,262
2016-04-09,13,270,60,330
2016-04-09,14,286,87,373
2016-04-09,15,345,153,498
2016-04-09,16,269,138,407
2016-04-09,17,270,66,336
2016-04-09,18,241,52,293
2016-04-09,19,189,36,225
2016-04-09,20,138,16,154
2016-04-09,21,118,13,131
2016-04-09,22,75,7,82
2016-04-09,23,62,2,64
2016-04-10,0,51,1,52
2016-04-10,1,51,7,58
2016-04-10,2,29,3,32
2016-04-10,3,19,4,23
2016-04-10,4,3,0,3
2016-04-10,5,2,1,3
2016-04-10,6,9,3,12
2016-04-10,7,37,11,48
2016-04-10,8,103,24,127
2016-04-10,9,178,76,254
2016-04-10,10,314,132,446
2016-04-10,11,375,205,580
2016-04-10,12,424,250,674
2016-04-10,13,433,283,716
2016-04-10,14,400,286,686
2016-04-10,15,419,287,706
2016-04-10,16,501,252,753
2016-04-10,17,432,263,695
2016-04-10,18,383,163,546
2016-04-10,19,313,98,411
2016-04-10,20,182,73,255
2016-04-10,21,122,46,168
2016-04-10,22,101,29,130
2016-04-10,23,33,10,43
2016-04-11,0,17,5,22
2016-04-11,1,5,2,7
2016-04-11,2,5,3,8
2016-04-11,3,1,0,1
2016-04-11,4,5,0,5
2016-04-11,5,60,1,61
2016-04-11,6,158,3,161
2016-04-11,7,458,13,471
2016-04-11,8,647,13,660
2016-04-11,9,443,32,475
2016-04-11,10,167,65,232
2016-04-11,11,215,108,323
2016-04-11,12,272,89,361
2016-04-11,13,298,114,412
2016-04-11,14,261,127,388
2016-04-11,15,311,145,456
2016-04-11,16,579,177,756
2016-04-11,17,1186,134,1320
2016-04-11,18,1153,168,1321
2016-04-11,19,685,113,798
2016-04-11,20,458,53,511
2016-04-11,21,318,50,368
2016-04-11,22,202,39,241
2016-04-11,23,73,25,98
2016-04-12,0,38,9,47
2016-04-12,1,8,1,9
2016-04-12,2,7,5,12
2016-04-12,3,4,0,4
2016-04-12,4,8,0,8
2016-04-12,5,81,0,81
2016-04-12,6,190,5,195
2016-04-12,7,423,3,426
2016-04-12,8,779,18,797
2016-04-12,9,180,7,187
2016-04-12,10,145,26,171
2016-04-12,11,229,47,276
2016-04-12,12,250,42,292
2016-04-12,13,299,56,355
2016-04-12,14,265,95,360
2016-04-12,15,367,92,459
2016-04-12,16,611,137,748
2016-04-12,17,1223,122,1345
2016-04-12,18,985,78,1063
2016-04-12,19,611,64,675
2016-04-12,20,381,59,440
2016-04-12,21,281,22,303
2016-04-12,22,212,29,241
2016-04-12,23,80,9,89
2016-04-13,0,23,7,30
2016-04-13,1,11,8,19
2016-04-13,2,3,4,7
2016-04-13,3,2,0,2
2016-04-13,4,11,1,12
2016-04-13,5,70,1,71
2016-04-13,6,252,3,255
2016-04-13,7,729,18,747
2016-04-13,8,1148,30,1178
2016-04-13,9,485,53,538
2016-04-13,10,214,60,274
2016-04-13,11,236,85,321
2016-04-13,12,314,92,406
2016-04-13,13,320,102,422
2016-04-13,14,223,115,338
2016-04-13,15,338,96,434
2016-04-13,16,610,88,698
2016-04-13,17,1296,114,1410
2016-04-13,18,1075,103,1178
2016-04-13,19,634,67,701
2016-04-13,20,396,28,424
2016-04-13,21,306,41,347
2016-04-13,22,199,24,223
2016-04-13,23,84,12,96
2016-04-14,0,22,3,25
2016-04-14,1,17,4,21
2016-04-14,2,10,0,10
2016-04-14,3,2,0,2
2016-04-14,4,5,3,8
2016-04-14,5,55,1,56
2016-04-14,6,232,5,237
2016-04-14,7,688,22,710
2016-04-14,8,1158,39,1197
2016-04-14,9,492,53,545
2016-04-14,10,230,62,292
2016-04-14,11,252,117,369
2016-04-14,12,343,80,423
2016-04-14,13,364,94,458
2016-04-14,14,304,149,453
2016-04-14,15,393,133,526
2016-04-14,16,597,128,725
2016-04-14,17,1256,137,1393
2016-04-14,18,1083,102,1185
2016-04-14,19,619,92,711
2016-04-14,20,442,43,485
2016-04-14,21,299,32,331
2016-04-14,22,222,19,241
2016-04-14,23,115,5,120
2016-04-15,0,44,5,49
2016-04-15,1,34,1,35
2016-04-15,2,13,0,13
2016-04-15,3,3,4,7
2016-04-15,4,4,2,6
2016-04-15,5,59,1,60
2016-04-15,6,193,2,195
2016-04-15,7,594,39,633
2016-04-15,8,1089,57,1146
2016-04-15,9,540,58,598
2016-04-15,10,254,90,344
2016-04-15,11,345,153,498
2016-04-15,12,415,212,627
2016-04-15,13,433,226,659
2016-04-15,14,358,243,601
2016-04-15,15,424,272,696
2016-04-15,16,702,246,948
2016-04-15,17,1135,246,1381
2016-04-15,18,885,161,1046
2016-04-15,19,617,113,730
2016-04-15,20,378,78,456
2016-04-15,21,209,40,249
2016-04-15,22,192,45,237
2016-04-15,23,146,35,181
2016-04-16,0,90,16,106
2016-04-16,1,71,4,75
2016-04-16,2,41,2,43
2016-04-16,3,17,1,18
2016-04-16,4,3,2,5
2016-04-16,5,13,0,13
2016-04-16,6,31,10,41
2016-04-16,7,95,27,122
2016-04-16,8,223,58,281
2016-04-16,9,432,141,573
2016-04-16,10,464,288,752
2016-04-16,11,549,420,969
2016-04-16,12,728,567,1295
2016-04-16,13,582,596,1178
2016-04-16,14,547,657,1204
2016-04-16,15,673,704,1377
2016-04-16,16,610,601,1211
2016-04-16,17,546,564,1110
2016-04-16,18,506,426,932
2016-04-16,19,454,319,773
2016-04-16,20,295,223,518
2016-04-16,21,257,148,405
2016-04-16,22,187,105,292
2016-04-16,23,122,90,212
2016-04-17,0,104,27,131
2016-04-17,1,77,22,99
2016-04-17,2,53,13,66
2016-04-17,3,30,3,33
2016-04-17,4,4,1,5
2016-04-17,5,9,3,12
2016-04-17,6,14,10,24
2016-04-17,7,55,17,72
2016-04-17,8,191,79,270
2016-04-17,9,300,179,479
2016-04-17,10,422,312,734
2016-04-17,11,533,451,984
2016-04-17,12,635,492,1127
2016-04-17,13,650,557,1207
2016-04-17,14,653,493,1146
2016-04-17,15,633,542,1175
2016-04-17,16,570,504,1074
2016-04-17,17,588,470,1058
2016-04-17,18,525,354,879
2016-04-17,19,432,288,720
2016-04-17,20,295,186,481
2016-04-17,21,200,137,337
2016-04-17,22,93,76,169
2016-04-17,23,49,36,85
2016-04-18,0,26,25,51
2016-04-18,1,12,9,21
2016-04-18,2,8,3,11
2016-04-18,3,5,0,5
2016-04-18,4,9,1,10
2016-04-18,5,58,0,58
2016-04-18,6,258,12,270
2016-04-18,7,754,25,779
2016-04-18,8,1111,71,1182
2016-04-18,9,497,101,598
2016-04-18,10,189,114,303
2016-04-18,11,262,141,403
2016-04-18,12,324,147,471
2016-04-18,13,348,235,583
2016-04-18,14,274,203,477
2016-04-18,15,344,178,522
2016-04-18,16,634,182,816
2016-04-18,17,1324,212,1536
2016-04-18,18,1154,200,1354
2016-04-18,19,752,169,921
2016-04-18,20,521,110,631
2016-04-18,21,357,118,475
2016-04-18,22,177,88,265
2016-04-18,23,75,65,140
2016-04-19,0,21,8,29
2016-04-19,1,9,14,23
2016-04-19,2,8,3,11
2016-04-19,3,1,4,5
2016-04-19,4,9,3,12
2016-04-19,5,85,4,89
2016-04-19,6,300,21,321
2016-04-19,7,860,41,901
2016-04-19,8,1250,54,1304
2016-04-19,9,504,61,565
2016-04-19,10,257,125,382
2016-04-19,11,287,110,397
2016-04-19,12,326,165,491
2016-04-19,13,319,140,459
2016-04-19,14,288,155,443
2016-04-19,15,384,177,561
2016-04-19,16,626,184,810
2016-04-19,17,1323,226,1549
2016-04-19,18,1234,152,1386
2016-04-19,19,775,136,911
2016-04-19,20,488,79,567
2016-04-19,21,337,41,378
2016-04-19,22,173,44,217
2016-04-19,23,101,15,116
2016-04-20,0,34,27,61
2016-04-20,1,12,10,22
2016-04-20,2,6,0,6
2016-04-20,3,4,0,4
2016-04-20,4,6,0,6
2016-04-20,5,89,1,90
2016-04-20,6,319,9,328
2016-04-20,7,833,21,854
2016-04-20,8,1241,54,1295
2016-04-20,9,554,69,623
2016-04-20,10,209,76,285
2016-04-20,11,279,104,383
2016-04-20,12,376,105,481
2016-04-20,13,372,85,457
2016-04-20,14,289,145,434
2016-04-20,15,348,146,494
2016-04-20,16,697,190,887
2016-04-20,17,1356,176,1532
2016-04-20,18,1088,149,1237
2016-04-20,19,744,119,863
2016-04-20,20,465,91,556
2016-04-20,21,318,83,401
2016-04-20,22,205,29,234
2016-04-20,23,94,23,117
2016-04-21,0,30,13,43
2016-04-21,1,16,3,19
2016-04-21,2,4,0,4
2016-04-21,3,3,0,3
2016-04-21,4,5,1,6
2016-04-21,5,82,1,83
2016-04-21,6,289,1,290
2016-04-21,7,818,23,841
2016-04-21,8,1240,51,1291
2016-04-21,9,499,56,555
2016-04-21,10,239,74,313
2016-04-21,11,280,113,393
2016-04-21,12,371,133,504
2016-04-21,13,346,139,485
2016-04-21,14,304,142,446
2016-04-21,15,360,144,504
2016-04-21,16,667,193,860
2016-04-21,17,1269,187,1456
2016-04-21,18,1123,172,1295
2016-04-21,19,655,107,762
2016-04-21,20,449,73,522
2016-04-21,21,333,71,404
2016-04-21,22,217,26,243
2016-04-21,23,110,15,125
2016-04-22,0,56,21,77
2016-04-22,1,28,9,37
2016-04-22,2,5,6,11
2016-04-22,3,13,1,14
2016-04-22,4,16,1,17
2016-04-22,5,86,1,87
2016-04-22,6,284,5,289
2016-04-22,7,698,13,711
2016-04-22,8,1192,54,1246
2016-04-22,9,492,96,588
2016-04-22,10,247,144,391
2016-04-22,11,267,176,443
2016-04-22,12,384,191,575
2016-04-22,13,322,160,482
2016-04-22,14,286,160,446
2016-04-22,15,383,176,559
2016-04-22,16,725,209,934
2016-04-22,17,1243,179,1422
2016-04-22,18,872,164,1036
2016-04-22,19,502,103,605
2016-04-22,20,296,44,340
2016-04-22,21,256,62,318
2016-04-22,22,223,70,293
2016-04-22,23,149,23,172
2016-04-23,0,94,21,115
2016-04-23,1,65,8,73
2016-04-23,2,38,13,51
2016-04-23,3,21,5,26
2016-04-23,4,5,1,6
2016-04-23,5,5,4,9
2016-04-23,6,27,6,33
2016-04-23,7,102,24,126
2016-04-23,8,186,47,233
2016-04-23,9,132,37,169
2016-04-23,10,133,38,171
2016-04-23,11,109,33,142
2016-04-23,12,308,151,459
2016-04-23,13,406,241,647
2016-04-23,14,467,340,807
2016-04-23,15,527,321,848
2016-04-23,16,542,359,901
2016-04-23,17,545,381,926
2016-04-23,18,514,339,853
2016-04-23,19,411,272,683
2016-04-23,20,286,170,456
2016-04-23,21,255,105,360
2016-04-23,22,152,51,203
2016-04-23,23,139,51,190
2016-04-24,0,97,35,132
2016-04-24,1,67,6,73
2016-04-24,2,42,4,46
2016-04-24,3,29,1,30
2016-04-24,4,7,0,7
2016-04-24,5,10,3,13
2016-04-24,6,16,9,25
2016-04-24,7,75,24,99
2016-04-24,8,154,41,195
2016-04-24,9,282,153,435
2016-04-24,10,494,302,796
2016-04-24,11,570,441,1011
2016-04-24,12,662,505,1167
2016-04-24,13,603,510,1113
2016-04-24,14,600,570,1170
2016-04-24,15,605,461,1066
2016-04-24,16,635,478,1113
2016-04-24,17,578,396,974
2016-04-24,18,539,341,880
2016-04-24,19,394,230,624
2016-04-24,20,291,149,440
2016-04-24,21,154,84,238
2016-04-24,22,156,50,206
2016-04-24,23,72,23,95
2016-04-25,0,26,24,50
2016-04-25,1,12,15,27
2016-04-25,2,8,2,10
2016-04-25,3,1,1,2
2016-04-25,4,5,0,5
2016-04-25,5,74,6,80
2016-04-25,6,263,4,267
2016-04-25,7,774,17,791
2016-04-25,8,1150,28,1178
2016-04-25,9,419,82,501
2016-04-25,10,205,178,383
2016-04-25,11,245,210,455
2016-04-25,12,351,168,519
2016-04-25,13,317,163,480
2016-04-25,14,268,190,458
2016-04-25,15,353,218,571
2016-04-25,16,645,201,846
2016-04-25,17,1349,233,1582
2016-04-25,18,1136,189,1325
2016-04-25,19,725,143,868
2016-04-25,20,495,121,616
2016-04-25,21,338,61,399
2016-04-25,22,166,28,194
2016-04-25,23,73,14,87
2016-04-26,0,32,5,37
2016-04-26,1,12,5,17
2016-04-26,2,3,0,3
2016-04-26,3,4,0,4
2016-04-26,4,10,1,11
2016-04-26,5,81,4,85
2016-04-26,6,333,7,340
2016-04-26,7,860,35,895
2016-04-26,8,1278,55,1333
2016-04-26,9,498,93,591
2016-04-26,10,212,124,336
2016-04-26,11,303,126,429
2016-04-26,12,345,111,456
2016-04-26,13,342,134,476
2016-04-26,14,277,132,409
2016-04-26,15,348,134,482
2016-04-26,16,614,151,765
2016-04-26,17,1321,152,1473
2016-04-26,18,1184,133,1317
2016-04-26,19,751,126,877
2016-04-26,20,481,80,561
2016-04-26,21,327,63,390
2016-04-26,22,233,63,296
2016-04-26,23,115,20,135
2016-04-27,0,42,15,57
2016-04-27,1,23,6,29
2016-04-27,2,6,1,7
2016-04-27,3,4,0,4
2016-04-27,4,10,1,11
2016-04-27,5,80,0,80
2016-04-27,6,236,4,240
2016-04-27,7,631,17,648
2016-04-27,8,661,24,685
2016-04-27,9,274,13,287
2016-04-27,10,165,44,209
2016-04-27,11,193,57,250
2016-04-27,12,261,65,326
2016-04-27,13,268,65,333
2016-04-27,14,220,76,296
2016-04-27,15,291,82,373
2016-04-27,16,567,91,658
2016-04-27,17,1134,122,1256
2016-04-27,18,888,64,952
2016-04-27,19,549,68,617
2016-04-27,20,365,44,409
2016-04-27,21,275,21,296
2016-04-27,22,198,26,224
2016-04-27,23,95,18,113
2016-04-28,0,35,16,51
2016-04-28,1,14,2,16
2016-04-28,2,6,4,10
2016-04-28,3,5,0,5
2016-04-28,4,7,1,8
2016-04-28,5,61,1,62
2016-04-28,6,194,3,197
2016-04-28,7,628,13,641
2016-04-28,8,694,25,719
2016-04-28,9,177,12,189
2016-04-28,10,46,5,51
2016-04-28,11,44,4,48
2016-04-28,12,82,9,91
2016-04-28,13,166,21,187
2016-04-28,14,184,48,232
2016-04-28,15,163,40,203
2016-04-28,16,198,23,221
2016-04-28,17,531,20,551
2016-04-28,18,625,42,667
2016-04-28,19,428,36,464
2016-04-28,20,264,15,279
2016-04-28,21,79,4,83
2016-04-28,22,112,4,116
2016-04-28,23,99,5,104
2016-04-29,0,46,2,48
2016-04-29,1,16,2,18
2016-04-29,2,4,0,4
2016-04-29,3,3,0,3
2016-04-29,4,9,0,9
2016-04-29,5,58,1,59
2016-04-29,6,177,5,182
2016-04-29,7,470,10,480
2016-04-29,8,987,31,1018
2016-04-29,9,508,26,534
2016-04-29,10,192,32,224
2016-04-29,11,184,69,253
2016-04-29,12,310,73,383
2016-04-29,13,292,84,376
2016-04-29,14,305,100,405
2016-04-29,15,331,123,454
2016-04-29,16,529,93,622
2016-04-29,17,948,118,1066
2016-04-29,18,743,92,835
2016-04-29,19,456,59,515
2016-04-29,20,213,36,249
2016-04-29,21,149,37,186
2016-04-29,22,151,34,185
2016-04-29,23,122,28,150
2016-04-30,0,81,17,98
2016-04-30,1,52,9,61
2016-04-30,2,54,8,62
2016-04-30,3,32,6,38
2016-04-30,4,6,6,12
2016-04-30,5,9,3,12
2016-04-30,6,36,13,49
2016-04-30,7,70,19,89
2016-04-30,8,205,51,256
2016-04-30,9,299,101,400
2016-04-30,10,398,167,565
2016-04-30,11,467,266,733
2016-04-30,12,509,226,735
2016-04-30,13,453,339,792
2016-04-30,14,465,317,782
2016-04-30,15,452,295,747
2016-04-30,16,446,346,792
2016-04-30,17,429,283,712
2016-04-30,18,382,149,531
2016-04-30,19,322,111,433
2016-04-30,20,205,69,274
2016-04-30,21,112,21,133
2016-04-30,22,69,10,79
2016-04-30,23,113,13,126
2016-05-01,0,69,11,80
2016-05-01,1,56,6,62
2016-05-01,2,30,3,33
2016-05-01,3,19,0,19
2016-05-01,4,8,0,8
2016-05-01,6,11,4,15
2016-05-01,7,19,3,22
2016-05-01,8,43,1,44
2016-05-01,9,73,8,81
2016-05-01,10,98,10,108
2016-05-01,11,102,11,113
2016-05-01,12,228,49,277
2016-05-01,13,278,92,370
2016-05-01,14,328,115,443
2016-05-01,15,372,150,522
2016-05-01,16,365,150,515
2016-05-01,17,340,134,474
2016-05-01,18,336,71,407
2016-05-01,19,238,54,292
2016-05-01,20,169,35,204
2016-05-01,21,100,18,118
2016-05-01,22,100,12,112
2016-05-01,23,47,10,57
2016-05-02,0,25,1,26
2016-05-02,1,2,2,4
2016-05-02,2,5,0,5
2016-05-02,3,1,1,2
2016-05-02,4,7,3,10
2016-05-02,5,56,2,58
2016-05-02,6,147,4,151
2016-05-02,7,526,9,535
2016-05-02,8,958,23,981
2016-05-02,9,456,45,501
2016-05-02,10,185,77,262
2016-05-02,11,210,110,320
2016-05-02,12,326,124,450
2016-05-02,13,323,155,478
2016-05-02,14,264,115,379
2016-05-02,15,339,144,483
2016-05-02,16,580,171,751
2016-05-02,17,1276,168,1444
2016-05-02,18,718,88,806
2016-05-02,19,128,9,137
2016-05-02,20,115,14,129
2016-05-02,21,91,1,92
2016-05-02,22,65,6,71
2016-05-02,23,61,3,64
2016-05-03,0,17,5,22
2016-05-03,1,8,4,12
2016-05-03,2,8,1,9
2016-05-03,3,6,0,6
2016-05-03,4,5,0,5
2016-05-03,5,63,1,64
2016-05-03,6,153,7,160
2016-05-03,7,513,4,517
2016-05-03,8,979,18,997
2016-05-03,9,481,36,517
2016-05-03,10,240,39,279
2016-05-03,11,252,68,320
2016-05-03,12,292,69,361
2016-05-03,13,318,65,383
2016-05-03,14,301,91,392
2016-05-03,15,361,93,454
2016-05-03,16,562,103,665
2016-05-03,17,451,31,482
2016-05-03,18,774,42,816
2016-05-03,19,630,32,662
2016-05-03,20,393,30,423
2016-05-03,21,284,21,305
2016-05-03,22,168,31,199
2016-05-03,23,70,12,82
2016-05-04,0,19,4,23
2016-05-04,1,3,2,5
2016-05-04,2,1,0,1
2016-05-04,3,3,0,3
2016-05-04,4,7,0,7
2016-05-04,5,86,1,87
2016-05-04,6,243,7,250
2016-05-04,7,706,17,723
2016-05-04,8,1122,48,1170
2016-05-04,9,497,39,536
2016-05-04,10,238,50,288
2016-05-04,11,287,78,365
2016-05-04,12,324,98,422
2016-05-04,13,327,104,431
2016-05-04,14,271,88,359
2016-05-04,15,313,69,382
2016-05-04,16,574,80,654
2016-05-04,17,1197,111,1308
2016-05-04,18,945,73,1018
2016-05-04,19,507,43,550
2016-05-04,20,366,42,408
2016-05-04,21,309,32,341
2016-05-04,22,159,22,181
2016-05-04,23,103,10,113
2016-05-05,0,43,7,50
2016-05-05,1,12,0,12
2016-05-05,2,2,0,2
2016-05-05,3,3,2,5
2016-05-05,4,7,0,7
2016-05-05,5,54,0,54
2016-05-05,6,219,7,226
2016-05-05,7,395,15,410
2016-05-05,8,892,25,917
2016-05-05,9,444,36,480
2016-05-05,10,165,36,201
2016-05-05,11,231,42,273
2016-05-05,12,243,50,293
2016-05-05,13,281,61,342
2016-05-05,14,235,68,303
2016-05-05,15,322,74,396
2016-05-05,16,554,105,659
2016-05-05,17,1266,158,1424
2016-05-05,18,964,86,1050
2016-05-05,19,558,52,610
2016-05-05,20,385,30,415
2016-05-05,21,276,15,291
2016-05-05,22,174,9,183
2016-05-05,23,108,15,123
2016-05-06,0,50,3,53
2016-05-06,1,32,3,35
2016-05-06,2,17,2,19
2016-05-06,3,7,2,9
2016-05-06,4,9,0,9
2016-05-06,5,53,3,56
2016-05-06,6,91,3,94
2016-05-06,7,194,8,202
2016-05-06,8,331,5,336
2016-05-06,9,150,3,153
2016-05-06,10,56,9,65
2016-05-06,11,47,3,50
2016-05-06,12,41,2,43
2016-05-06,13,44,3,47
2016-05-06,14,45,6,51
2016-05-06,15,108,17,125
2016-05-06,16,121,6,127
2016-05-06,17,262,7,269
2016-05-06,18,368,16,384
2016-05-06,19,339,19,358
2016-05-06,20,253,22,275
2016-05-06,21,149,18,167
2016-05-06,22,89,4,93
2016-05-06,23,77,5,82
2016-05-07,0,60,3,63
2016-05-07,1,38,0,38
2016-05-07,2,19,1,20
2016-05-07,3,11,0,11
2016-05-07,4,9,0,9
2016-05-07,5,4,0,4
2016-05-07,6,31,5,36
2016-05-07,7,116,9,125
2016-05-07,8,193,31,224
2016-05-07,9,346,102,448
2016-05-07,10,414,138,552
2016-05-07,11,429,189,618
2016-05-07,12,527,214,741
2016-05-07,13,550,269,819
2016-05-07,14,478,258,736
2016-05-07,15,479,328,807
2016-05-07,16,504,302,806
2016-05-07,17,485,292,777
2016-05-07,18,419,229,648
2016-05-07,19,416,189,605
2016-05-07,20,264,144,408
2016-05-07,21,222,90,312
2016-05-07,22,210,59,269
2016-05-07,23,122,27,149
2016-05-08,0,89,40,129
2016-05-08,1,72,18,90
2016-05-08,2,49,3,52
2016-05-08,3,12,0,12
2016-05-08,4,4,1,5
2016-05-08,5,9,2,11
2016-05-08,6,15,8,23
2016-05-08,7,61,16,77
2016-05-08,8,145,37,182
2016-05-08,9,270,120,390
2016-05-08,10,439,256,695
2016-05-08,11,516,341,857
2016-05-08,12,569,392,961
2016-05-08,13,650,466,1116
2016-05-08,14,592,452,1044
2016-05-08,15,598,488,1086
2016-05-08,16,553,442,995
2016-05-08,17,518,333,851
2016-05-08,18,513,218,731
2016-05-08,19,391,181,572
2016-05-08,20,311,110,421
2016-05-08,21,162,70,232
2016-05-08,22,143,37,180
2016-05-08,23,65,26,91
2016-05-09,0,30,10,40
2016-05-09,1,11,2,13
2016-05-09,2,7,0,7
2016-05-09,3,3,0,3
2016-05-09,4,7,2,9
2016-05-09,5,58,3,61
2016-05-09,6,240,10,250
2016-05-09,7,744,18,762
2016-05-09,8,1141,42,1183
2016-05-09,9,456,68,524
2016-05-09,10,199,71,270
2016-05-09,11,101,47,148
2016-05-09,12,109,28,137
2016-05-09,13,101,20,121
2016-05-09,14,154,54,208
2016-05-09,15,266,73,339
2016-05-09,16,523,100,623
2016-05-09,17,1216,127,1343
2016-05-09,18,1150,119,1269
2016-05-09,19,662,88,750
2016-05-09,20,435,48,483
2016-05-09,21,271,33,304
2016-05-09,22,188,31,219
2016-05-09,23,70,28,98
2016-05-10,0,34,4,38
2016-05-10,1,9,2,11
2016-05-10,2,9,0,9
2016-05-10,3,3,1,4
2016-05-10,4,11,0,11
2016-05-10,5,79,1,80
2016-05-10,6,248,9,257
2016-05-10,7,744,23,767
2016-05-10,8,974,22,996
2016-05-10,9,392,38,430
2016-05-10,10,211,63,274
2016-05-10,11,248,88,336
2016-05-10,12,333,81,414
2016-05-10,13,328,120,448
2016-05-10,14,241,119,360
2016-05-10,15,304,109,413
2016-05-10,16,619,130,749
2016-05-10,17,1290,166,1456
2016-05-10,18,1087,118,1205
2016-05-10,19,713,79,792
2016-05-10,20,431,64,495
2016-05-10,21,296,38,334
2016-05-10,22,207,18,225
2016-05-10,23,120,18,138
2016-05-11,0,32,5,37
2016-05-11,1,9,4,13
2016-05-11,2,9,5,14
2016-05-11,3,1,0,1
2016-05-11,4,6,0,6
2016-05-11,5,79,7,86
2016-05-11,6,280,7,287
2016-05-11,7,749,20,769
2016-05-11,8,1222,35,1257
2016-05-11,9,358,30,388
2016-05-11,10,138,29,167
2016-05-11,11,189,54,243
2016-05-11,12,126,33,159
2016-05-11,13,103,24,127
2016-05-11,14,93,30,123
2016-05-11,15,97,21,118
2016-05-11,16,317,35,352
2016-05-11,17,777,57,834
2016-05-11,18,915,55,970
2016-05-11,19,546,58,604
2016-05-11,20,363,42,405
2016-05-11,21,304,28,332
2016-05-11,22,219,26,245
2016-05-11,23,117,15,132
2016-05-12,0,38,5,43
2016-05-12,1,25,4,29
2016-05-12,2,7,12,19
2016-05-12,3,1,5,6
2016-05-12,4,6,2,8
2016-05-12,5,83,0,83
2016-05-12,6,247,3,250
2016-05-12,7,781,12,793
2016-05-12,8,1186,42,1228
2016-05-12,9,480,59,539
2016-05-12,10,220,69,289
2016-05-12,11,245,82,327
2016-05-12,12,320,107,427
2016-05-12,13,334,148,482
2016-05-12,14,274,111,385
2016-05-12,15,366,119,485
2016-05-12,16,589,139,728
2016-05-12,17,1224,158,1382
2016-05-12,18,1128,112,1240
2016-05-12,19,653,108,761
2016-05-12,20,477,69,546
2016-05-12,21,285,55,340
2016-05-12,22,215,35,250
2016-05-12,23,133,32,165
2016-05-13,0,54,33,87
2016-05-13,1,33,19,52
2016-05-13,2,19,6,25
2016-05-13,3,2,0,2
2016-05-13,4,10,0,10
2016-05-13,5,68,1,69
2016-05-13,6,232,17,249
2016-05-13,7,618,29,647
2016-05-13,8,1093,43,1136
2016-05-13,9,468,38,506
2016-05-13,10,179,61,240
2016-05-13,11,79,27,106
2016-05-13,12,164,25,189
2016-05-13,13,288,63,351
2016-05-13,14,304,114,418
2016-05-13,15,411,135,546
2016-05-13,16,712,145,857
2016-05-13,17,1202,168,1370
2016-05-13,18,956,133,1089
2016-05-13,19,539,144,683
2016-05-13,20,401,83,484
2016-05-13,21,295,73,368
2016-05-13,22,269,111,380
2016-05-13,23,167,75,242
2016-05-14,0,114,33,147
2016-05-14,1,76,26,102
2016-05-14,2,48,12,60
2016-05-14,3,24,9,33
2016-05-14,4,8,1,9
2016-05-14,5,9,1,10
2016-05-14,6,36,8,44
2016-05-14,7,106,13,119
2016-05-14,8,259,71,330
2016-05-14,9,435,191,626
2016-05-14,10,541,269,810
2016-05-14,11,595,443,1038
2016-05-14,12,701,454,1155
2016-05-14,13,570,514,1084
2016-05-14,14,529,390,919
2016-05-14,15,165,81,246
2016-05-14,16,102,51,153
2016-05-14,17,242,175,417
2016-05-14,18,411,231,642
2016-05-14,19,302,166,468
2016-05-14,20,264,110,374
2016-05-14,21,219,50,269
2016-05-14,22,147,38,185
2016-05-14,23,124,25,149
2016-05-15,0,93,18,111
2016-05-15,1,82,7,89
2016-05-15,2,31,8,39
2016-05-15,3,19,2,21
2016-05-15,4,8,1,9
2016-05-15,5,7,0,7
2016-05-15,6,39,8,47
2016-05-15,7,91,20,111
2016-05-15,8,170,61,231
2016-05-15,9,257,86,343
2016-05-15,10,391,157,548
2016-05-15,11,425,229,654
2016-05-15,12,580,253,833
2016-05-15,13,517,302,819
2016-05-15,14,524,242,766
2016-05-15,15,487,245,732
2016-05-15,16,472,239,711
2016-05-15,17,424,227,651
2016-05-15,18,355,182,537
2016-05-15,19,298,199,497
2016-05-15,20,240,97,337
2016-05-15,21,129,56,185
2016-05-15,22,124,23,147
2016-05-15,23,58,24,82
2016-05-16,0,24,4,28
2016-05-16,1,13,9,22
2016-05-16,2,3,0,3
2016-05-16,3,1,0,1
2016-05-16,4,4,0,4
2016-05-16,5,69,1,70
2016-05-16,6,233,3,236
2016-05-16,7,714,26,740
2016-05-16,8,1053,39,1092
2016-05-16,9,450,60,510
2016-05-16,10,195,110,305
2016-05-16,11,220,189,409
2016-05-16,12,300,196,496
2016-05-16,13,341,147,488
2016-05-16,14,273,262,535
2016-05-16,15,386,250,636
2016-05-16,16,655,208,863
2016-05-16,17,1309,191,1500
2016-05-16,18,1100,172,1272
2016-05-16,19,676,135,811
2016-05-16,20,490,107,597
2016-05-16,21,315,102,417
2016-05-16,22,180,35,215
2016-05-16,23,86,21,107
2016-05-17,0,24,11,35
2016-05-17,1,10,3,13
2016-05-17,2,4,5,9
2016-05-17,3,5,0,5
2016-05-17,4,4,1,5
2016-05-17,5,71,2,73
2016-05-17,6,284,6,290
2016-05-17,7,664,23,687
2016-05-17,8,563,13,576
2016-05-17,9,196,7,203
2016-05-17,10,76,9,85
2016-05-17,11,52,9,61
2016-05-17,12,55,17,72
2016-05-17,13,83,10,93
2016-05-17,14,54,12,66
2016-05-17,15,74,12,86
2016-05-17,16,215,13,228
2016-05-17,17,650,23,673
2016-05-17,18,738,27,765
2016-05-17,19,544,29,573
2016-05-17,20,286,30,316
2016-05-17,21,212,14,226
2016-05-17,22,137,10,147
2016-05-17,23,80,7,87
2016-05-18,0,27,6,33
2016-05-18,1,11,0,11
2016-05-18,2,6,2,8
2016-05-18,3,6,1,7
2016-05-18,4,7,2,9
2016-05-18,5,91,3,94
2016-05-18,6,270,5,275
2016-05-18,7,760,15,775
2016-05-18,8,1143,30,1173
2016-05-18,9,539,44,583
2016-05-18,10,259,58,317
2016-05-18,11,278,65,343
2016-05-18,12,332,83,415
2016-05-18,13,321,79,400
2016-05-18,14,274,89,363
2016-05-18,15,357,109,466
2016-05-18,16,641,134,775
2016-05-18,17,1177,126,1303
2016-05-18,18,1120,86,1206
2016-05-18,19,696,87,783
2016-05-18,20,462,43,505
2016-05-18,21,290,38,328
2016-05-18,22,239,34,273
2016-05-18,23,115,23,138
2016-05-19,0,31,6,37
2016-05-19,1,16,2,18
2016-05-19,2,12,2,14
2016-05-19,3,3,1,4
2016-05-19,4,6,1,7
2016-05-19,5,61,2,63
2016-05-19,6,271,6,277
2016-05-19,7,822,16,838
2016-05-19,8,1156,41,1197
2016-05-19,9,478,48,526
2016-05-19,10,201,58,259
2016-05-19,11,258,136,394
2016-05-19,12,362,121,483
2016-05-19,13,365,115,480
2016-05-19,14,280,158,438
2016-05-19,15,334,180,514
2016-05-19,16,648,179,827
2016-05-19,17,1340,215,1555
2016-05-19,18,1135,247,1382
2016-05-19,19,748,150,898
2016-05-19,20,517,98,615
2016-05-19,21,359,87,446
2016-05-19,22,265,50,315
2016-05-19,23,112,21,133
2016-05-20,0,54,13,67
2016-05-20,1,43,8,51
2016-05-20,2,11,2,13
2016-05-20,3,10,2,12
2016-05-20,4,8,1,9
2016-05-20,5,70,1,71
2016-05-20,6,311,24,335
2016-05-20,7,893,66,959
2016-05-20,8,1347,62,1409
2016-05-20,9,564,86,650
2016-05-20,10,242,184,426
2016-05-20,11,317,198,515
2016-05-20,12,465,244,709
2016-05-20,13,473,290,763
2016-05-20,14,389,303,692
2016-05-20,15,502,337,839
2016-05-20,16,824,294,1118
2016-05-20,17,1308,307,1615
2016-05-20,18,974,234,1208
2016-05-20,19,687,205,892
2016-05-20,20,409,113,522
2016-05-20,21,319,100,419
2016-05-20,22,224,97,321
2016-05-20,23,178,67,245
2016-05-21,0,135,45,180
2016-05-21,1,80,31,111
2016-05-21,2,46,7,53
2016-05-21,3,24,8,32
2016-05-21,4,12,4,16
2016-05-21,5,12,5,17
2016-05-21,6,14,3,17
2016-05-21,7,26,1,27
2016-05-21,8,26,0,26
2016-05-21,9,80,11,91
2016-05-21,10,223,47,270
2016-05-21,11,327,61,388
2016-05-21,12,362,155,517
2016-05-21,13,386,150,536
2016-05-21,14,313,118,431
2016-05-21,15,217,72,289
2016-05-21,16,224,55,279
2016-05-21,17,168,60,228
2016-05-21,18,153,51,204
2016-05-21,19,147,49,196
2016-05-21,20,123,38,161
2016-05-21,21,104,32,136
2016-05-21,22,99,36,135
2016-05-21,23,72,20,92
2016-05-22,0,43,5,48
2016-05-22,1,30,4,34
2016-05-22,2,37,1,38
2016-05-22,3,13,1,14
2016-05-22,4,10,1,11
2016-05-22,5,11,0,11
2016-05-22,6,11,2,13
2016-05-22,7,55,9,64
2016-05-22,8,85,4,89
2016-05-22,9,130,25,155
2016-05-22,10,224,44,268
2016-05-22,11,301,77,378
2016-05-22,12,166,35,201
2016-05-22,13,139,31,170
2016-05-22,14,198,37,235
2016-05-22,15,210,41,251
2016-05-22,16,190,29,219
2016-05-22,17,115,26,141
2016-05-22,18,111,18,129
2016-05-22,19,107,11,118
2016-05-22,20,87,5,92
2016-05-22,21,66,13,79
2016-05-22,22,52,7,59
2016-05-22,23,34,0,34
2016-05-23,0,16,0,16
2016-05-23,1,7,0,7
2016-05-23,3,2,0,2
2016-05-23,5,61,1,62
2016-05-23,6,209,6,215
2016-05-23,7,639,11,650
2016-05-23,8,1148,42,1190
2016-05-23,9,456,62,518
2016-05-23,10,201,103,304
2016-05-23,11,254,121,375
2016-05-23,12,356,132,488
2016-05-23,13,311,147,458
2016-05-23,14,268,168,436
2016-05-23,15,218,117,335
2016-05-23,16,439,88,527
2016-05-23,17,673,69,742
2016-05-23,18,336,36,372
2016-05-23,19,388,31,419
2016-05-23,20,350,34,384
2016-05-23,21,229,35,264
2016-05-23,22,146,27,173
2016-05-23,23,92,19,111
2016-05-24,0,16,11,27
2016-05-24,1,5,6,11
2016-05-24,2,6,8,14
2016-05-24,3,5,2,7
2016-05-24,4,5,4,9
2016-05-24,5,81,2,83
2016-05-24,6,318,11,329
2016-05-24,7,942,28,970
2016-05-24,8,1414,51,1465
2016-05-24,9,515,60,575
2016-05-24,10,221,106,327
2016-05-24,11,304,133,437
2016-05-24,12,389,188,577
2016-05-24,13,371,181,552
2016-05-24,14,308,235,543
2016-05-24,15,387,168,555
2016-05-24,16,689,173,862
2016-05-24,17,1435,263,1698
2016-05-24,18,1253,236,1489
2016-05-24,19,772,179,951
2016-05-24,20,571,141,712
2016-05-24,21,372,102,474
2016-05-24,22,326,79,405
2016-05-24,23,133,30,163
2016-05-25,0,48,22,70
2016-05-25,1,29,17,46
2016-05-25,2,4,2,6
2016-05-25,3,4,0,4
2016-05-25,4,4,0,4
2016-05-25,5,95,1,96
2016-05-25,6,326,16,342
2016-05-25,7,965,49,1014
2016-05-25,8,1278,67,1345
2016-05-25,9,508,98,606
2016-05-25,10,253,144,397
2016-05-25,11,322,152,474
2016-05-25,12,433,143,576
2016-05-25,13,333,147,480
2016-05-25,14,279,126,405
2016-05-25,15,371,160,531
2016-05-25,16,687,161,848
2016-05-25,17,1342,222,1564
2016-05-25,18,1175,204,1379
2016-05-25,19,758,182,940
2016-05-25,20,576,136,712
2016-05-25,21,379,89,468
2016-05-25,22,265,62,327
2016-05-25,23,132,20,152
2016-05-26,0,51,10,61
2016-05-26,1,22,14,36
2016-05-26,2,3,6,9
2016-05-26,3,3,2,5
2016-05-26,4,8,1,9
2016-05-26,5,80,3,83
2016-05-26,6,310,21,331
2016-05-26,7,857,36,893
2016-05-26,8,1231,56,1287
2016-05-26,9,518,78,596
2016-05-26,10,251,105,356
2016-05-26,11,303,126,429
2016-05-26,12,355,163,518
2016-05-26,13,371,129,500
2016-05-26,14,316,129,445
2016-05-26,15,360,92,452
2016-05-26,16,676,119,795
2016-05-26,17,1282,148,1430
2016-05-26,18,1194,170,1364
2016-05-26,19,728,164,892
2016-05-26,20,542,132,674
2016-05-26,21,395,101,496
2016-05-26,22,274,40,314
2016-05-26,23,177,36,213
2016-05-27,0,79,13,92
2016-05-27,1,39,4,43
2016-05-27,2,22,3,25
2016-05-27,3,6,0,6
2016-05-27,4,10,0,10
2016-05-27,5,76,1,77
2016-05-27,6,217,9,226
2016-05-27,7,668,26,694
2016-05-27,8,1087,49,1136
2016-05-27,9,534,85,619
2016-05-27,10,267,144,411
2016-05-27,11,306,200,506
2016-05-27,12,425,214,639
2016-05-27,13,482,223,705
2016-05-27,14,526,180,706
2016-05-27,15,677,198,875
2016-05-27,16,759,266,1025
2016-05-27,17,939,241,1180
2016-05-27,18,754,202,956
2016-05-27,19,496,174,670
2016-05-27,20,356,158,514
2016-05-27,21,278,177,455
2016-05-27,22,225,130,355
2016-05-27,23,144,70,214
2016-05-28,0,123,33,156
2016-05-28,1,52,15,67
2016-05-28,2,43,25,68
2016-05-28,3,13,4,17
2016-05-28,4,8,4,12
2016-05-28,5,11,7,18
2016-05-28,6,30,8,38
2016-05-28,7,84,35,119
2016-05-28,8,217,106,323
2016-05-28,9,345,254,599
2016-05-28,10,422,368,790
2016-05-28,11,456,412,868
2016-05-28,12,444,534,978
2016-05-28,13,451,561,1012
2016-05-28,14,420,473,893
2016-05-28,15,404,473,877
2016-05-28,16,349,540,889
2016-05-28,17,361,434,795
2016-05-28,18,401,402,803
2016-05-28,19,287,390,677
2016-05-28,20,282,305,587
2016-05-28,21,214,242,456
2016-05-28,22,167,136,303
2016-05-28,23,130,85,215
2016-05-29,0,97,51,148
2016-05-29,1,64,19,83
2016-05-29,2,36,14,50
2016-05-29,3,24,18,42
2016-05-29,4,18,12,30
2016-05-29,5,13,7,20
2016-05-29,6,25,33,58
2016-05-29,7,77,52,129
2016-05-29,8,149,107,256
2016-05-29,9,289,239,528
2016-05-29,10,396,457,853
2016-05-29,11,427,468,895
2016-05-29,12,506,649,1155
2016-05-29,13,453,578,1031
2016-05-29,14,427,669,1096
2016-05-29,15,396,663,1059
2016-05-29,16,356,482,838
2016-05-29,17,92,127,219
2016-05-29,18,48,45,93
2016-05-29,19,38,66,104
2016-05-29,20,73,44,117
2016-05-29,21,53,54,107
2016-05-29,22,48,18,66
2016-05-29,23,53,39,92
2016-05-30,0,37,55,92
2016-05-30,1,27,31,58
2016-05-30,2,18,25,43
2016-05-30,3,12,9,21
2016-05-30,4,4,0,4
2016-05-30,5,8,5,13
2016-05-30,6,19,16,35
2016-05-30,7,64,36,100
2016-05-30,8,151,96,247
2016-05-30,9,242,224,466
2016-05-30,10,367,318,685
2016-05-30,11,460,346,806
2016-05-30,12,492,449,941
2016-05-30,13,532,407,939
2016-05-30,14,499,361,860
2016-05-30,15,459,377,836
2016-05-30,16,436,359,795
2016-05-30,17,447,272,719
2016-05-30,18,370,236,606
2016-05-30,19,361,186,547
2016-05-30,20,274,198,472
2016-05-30,21,208,121,329
2016-05-30,22,113,77,190
2016-05-30,23,101,25,126
2016-05-31,0,38,30,68
2016-05-31,1,12,11,23
2016-05-31,2,7,0,7
2016-05-31,3,2,5,7
2016-05-31,4,5,0,5
2016-05-31,5,96,3,99
2016-05-31,6,289,14,303
2016-05-31,7,767,35,802
2016-05-31,8,1082,59,1141
2016-05-31,9,426,107,533
2016-05-31,10,207,132,339
2016-05-31,11,253,155,408
2016-05-31,12,313,146,459
2016-05-31,13,351,168,519
2016-05-31,14,274,175,449
2016-05-31,15,354,158,512
2016-05-31,16,636,156,792
2016-05-31,17,1328,144,1472
2016-05-31,18,1214,151,1365
2016-05-31,19,760,140,900
2016-05-31,20,508,113,621
2016-05-31,21,356,89,445
2016-05-31,22,173,48,221
2016-05-31,23,82,6,88
2016-06-01,0,25,3,28
2016-06-01,1,13,5,18
2016-06-01,2,3,4,7
2016-06-01,3,3,2,5
2016-06-01,4,8,3,11
2016-06-01,5,120,7,127
2016-06-01,6,338,12,350
2016-06-01,7,979,29,1008
2016-06-01,8,1288,44,1332
2016-06-01,9,500,84,584
2016-06-01,10,232,102,334
2016-06-01,11,266,103,369
2016-06-01,12,357,131,488
2016-06-01,13,309,94,403
2016-06-01,14,275,131,406
2016-06-01,15,340,114,454
2016-06-01,16,712,137,849
2016-06-01,17,1484,151,1635
2016-06-01,18,1289,139,1428
2016-06-01,19,780,130,910
2016-06-01,20,599,106,705
2016-06-01,21,415,60,475
2016-06-01,22,253,59,312
2016-06-01,23,98,19,117
2016-06-02,0,52,13,65
2016-06-02,1,20,3,23
2016-06-02,2,7,1,8
2016-06-02,3,6,0,6
2016-06-02,4,9,1,10
2016-06-02,5,103,3,106
2016-06-02,6,317,13,330
2016-06-02,7,908,33,941
2016-06-02,8,1284,49,1333
2016-06-02,9,530,71,601
2016-06-02,10,256,108,364
2016-06-02,11,298,91,389
2016-06-02,12,381,81,462
2016-06-02,13,340,115,455
2016-06-02,14,327,112,439
2016-06-02,15,400,164,564
2016-06-02,16,698,100,798
2016-06-02,17,1436,175,1611
2016-06-02,18,1198,168,1366
2016-06-02,19,821,122,943
2016-06-02,20,562,113,675
2016-06-02,21,352,69,421
2016-06-02,22,261,43,304
2016-06-02,23,129,23,152
2016-06-03,0,59,10,69
2016-06-03,1,26,4,30
2016-06-03,2,12,4,16
2016-06-03,3,10,3,13
2016-06-03,4,12,1,13
2016-06-03,5,102,2,104
2016-06-03,6,267,9,276
2016-06-03,7,736,36,772
2016-06-03,8,1219,39,1258
2016-06-03,9,484,74,558
2016-06-03,10,232,84,316
2016-06-03,11,325,111,436
2016-06-03,12,394,153,547
2016-06-03,13,400,188,588
2016-06-03,14,352,171,523
2016-06-03,15,225,92,317
2016-06-03,16,360,62,422
2016-06-03,17,231,47,278
2016-06-03,18,281,27,308
2016-06-03,19,405,63,468
2016-06-03,20,329,76,405
2016-06-03,21,260,102,362
2016-06-03,22,181,52,233
2016-06-03,23,167,38,205
2016-06-04,0,127,26,153
2016-06-04,1,113,19,132
2016-06-04,2,39,14,53
2016-06-04,3,25,12,37
2016-06-04,4,8,1,9
2016-06-04,5,18,8,26
2016-06-04,6,34,9,43
2016-06-04,7,125,31,156
2016-06-04,8,249,59,308
2016-06-04,9,434,134,568
2016-06-04,10,472,235,707
2016-06-04,11,539,306,845
2016-06-04,12,582,369,951
2016-06-04,13,570,404,974
2016-06-04,14,590,439,1029
2016-06-04,15,568,418,986
2016-06-04,16,554,340,894
2016-06-04,17,567,402,969
2016-06-04,18,543,302,845
2016-06-04,19,490,259,749
2016-06-04,20,363,218,581
2016-06-04,21,259,142,401
2016-06-04,22,245,85,330
2016-06-04,23,191,54,245
2016-06-05,0,163,39,202
2016-06-05,1,80,17,97
2016-06-05,2,32,7,39
2016-06-05,3,17,2,19
2016-06-05,4,8,0,8
2016-06-05,5,9,2,11
2016-06-05,6,32,11,43
2016-06-05,7,57,15,72
2016-06-05,8,157,53,210
2016-06-05,9,295,121,416
2016-06-05,10,462,182,644
2016-06-05,11,534,204,738
2016-06-05,12,559,300,859
2016-06-05,13,601,342,943
2016-06-05,14,543,305,848
2016-06-05,15,585,250,835
2016-06-05,16,538,263,801
2016-06-05,17,486,203,689
2016-06-05,18,352,169,521
2016-06-05,19,310,86,396
2016-06-05,20,269,111,380
2016-06-05,21,179,79,258
2016-06-05,22,180,54,234
2016-06-05,23,79,36,115
2016-06-06,0,27,11,38
2016-06-06,1,14,6,20
2016-06-06,2,10,1,11
2016-06-06,3,2,1,3
2016-06-06,4,5,1,6
2016-06-06,5,79,2,81
2016-06-06,6,320,11,331
2016-06-06,7,915,26,941
2016-06-06,8,1193,67,1260
2016-06-06,9,538,78,616
2016-06-06,10,222,128,350
2016-06-06,11,236,109,345
2016-06-06,12,333,120,453
2016-06-06,13,315,155,470
2016-06-06,14,283,157,440
2016-06-06,15,365,168,533
2016-06-06,16,705,176,881
2016-06-06,17,1489,176,1665
2016-06-06,18,1327,200,1527
2016-06-06,19,815,173,988
2016-06-06,20,574,125,699
2016-06-06,21,349,76,425
2016-06-06,22,200,58,258
2016-06-06,23,97,30,127
2016-06-07,0,46,17,63
2016-06-07,1,16,6,22
2016-06-07,2,9,5,14
2016-06-07,3,3,4,7
2016-06-07,4,11,4,15
2016-06-07,5,103,5,108
2016-06-07,6,394,13,407
2016-06-07,7,1120,50,1170
2016-06-07,8,1296,64,1360
2016-06-07,9,474,78,552
2016-06-07,10,248,88,336
2016-06-07,11,269,134,403
2016-06-07,12,388,139,527
2016-06-07,13,341,135,476
2016-06-07,14,300,163,463
2016-06-07,15,393,138,531
2016-06-07,16,728,190,918
2016-06-07,17,1514,198,1712
2016-06-07,18,1285,204,1489
2016-06-07,19,866,167,1033
2016-06-07,20,589,134,723
2016-06-07,21,408,100,508
2016-06-07,22,260,54,314
2016-06-07,23,92,28,120
2016-06-08,0,42,22,64
2016-06-08,1,23,10,33
2016-06-08,2,11,9,20
2016-06-08,3,6,1,7
2016-06-08,4,14,3,17
2016-06-08,5,110,8,118
2016-06-08,6,389,21,410
2016-06-08,7,1053,68,1121
2016-06-08,8,1328,88,1416
2016-06-08,9,554,81,635
2016-06-08,10,245,112,357
2016-06-08,11,279,109,388
2016-06-08,12,377,152,529
2016-06-08,13,354,143,497
2016-06-08,14,361,125,486
2016-06-08,15,412,168,580
2016-06-08,16,784,185,969
2016-06-08,17,1547,194,1741
2016-06-08,18,1305,158,1463
2016-06-08,19,883,170,1053
2016-06-08,20,670,128,798
2016-06-08,21,368,71,439
2016-06-08,22,248,48,296
2016-06-08,23,126,23,149
2016-06-09,0,52,12,64
2016-06-09,1,12,2,14
2016-06-09,2,14,1,15
2016-06-09,3,3,1,4
2016-06-09,4,10,2,12
2016-06-09,5,93,4,97
2016-06-09,6,340,15,355
2016-06-09,7,975,40,1015
2016-06-09,8,1323,85,1408
2016-06-09,9,484,75,559
2016-06-09,10,225,101,326
2016-06-09,11,318,85,403
2016-06-09,12,391,142,533
2016-06-09,13,381,160,541
2016-06-09,14,333,161,494
2016-06-09,15,445,160,605
2016-06-09,16,735,179,914
2016-06-09,17,1435,232,1667
2016-06-09,18,1222,222,1444
2016-06-09,19,874,180,1054
2016-06-09,20,634,150,784
2016-06-09,21,416,107,523
2016-06-09,22,304,68,372
2016-06-09,23,187,33,220
2016-06-10,0,65,24,89
2016-06-10,1,33,7,40
2016-06-10,2,24,1,25
2016-06-10,3,9,0,9
2016-06-10,4,11,4,15
2016-06-10,5,88,4,92
2016-06-10,6,319,15,334
2016-06-10,7,859,51,910
2016-06-10,8,1215,75,1290
2016-06-10,9,485,83,568
2016-06-10,10,281,136,417
2016-06-10,11,351,158,509
2016-06-10,12,444,195,639
2016-06-10,13,436,206,642
2016-06-10,14,453,231,684
2016-06-10,15,526,253,779
2016-06-10,16,892,250,1142
2016-06-10,17,1374,295,1669
2016-06-10,18,996,224,1220
2016-06-10,19,627,176,803
2016-06-10,20,514,180,694
2016-06-10,21,346,154,500
2016-06-10,22,291,110,401
2016-06-10,23,200,59,259
2016-06-11,0,144,36,180
2016-06-11,1,98,12,110
2016-06-11,2,46,16,62
2016-06-11,3,32,13,45
2016-06-11,4,9,6,15
2016-06-11,5,21,4,25
2016-06-11,6,117,26,143
2016-06-11,7,153,36,189
2016-06-11,8,322,80,402
2016-06-11,9,471,156,627
2016-06-11,10,518,297,815
2016-06-11,11,670,383,1053
2016-06-11,12,619,378,997
2016-06-11,13,558,356,914
2016-06-11,14,570,392,962
2016-06-11,15,576,352,928
2016-06-11,16,433,344,777
2016-06-11,17,400,309,709
2016-06-11,18,431,284,715
2016-06-11,19,420,262,682
2016-06-11,20,342,210,552
2016-06-11,21,305,173,478
2016-06-11,22,245,133,378
2016-06-11,23,165,70,235
2016-06-12,0,122,47,169
2016-06-12,1,107,39,146
2016-06-12,2,68,24,92
2016-06-12,3,40,10,50
2016-06-12,4,12,15,27
2016-06-12,5,13,13,26
2016-06-12,6,34,11,45
2016-06-12,7,89,60,149
2016-06-12,8,172,82,254
2016-06-12,9,349,216,565
2016-06-12,10,469,239,708
2016-06-12,11,518,313,831
2016-06-12,12,572,334,906
2016-06-12,13,488,369,857
2016-06-12,14,540,368,908
2016-06-12,15,478,346,824
2016-06-12,16,438,307,745
2016-06-12,17,436,296,732
2016-06-12,18,505,284,789
2016-06-12,19,445,287,732
2016-06-12,20,448,219,667
2016-06-12,21,221,149,370
2016-06-12,22,191,88,279
2016-06-12,23,115,37,152
2016-06-13,0,37,19,56
2016-06-13,1,15,3,18
2016-06-13,2,15,6,21
2016-06-13,3,10,2,12
2016-06-13,4,11,1,12
2016-06-13,5,88,10,98
2016-06-13,6,318,21,339
2016-06-13,7,946,50,996
2016-06-13,8,1248,73,1321
2016-06-13,9,494,106,600
2016-06-13,10,190,148,338
2016-06-13,11,268,175,443
2016-06-13,12,371,211,582
2016-06-13,13,347,190,537
2016-06-13,14,287,175,462
2016-06-13,15,415,224,639
2016-06-13,16,711,222,933
2016-06-13,17,1478,254,1732
2016-06-13,18,1308,221,1529
2016-06-13,19,760,175,935
2016-06-13,20,508,136,644
2016-06-13,21,361,77,438
2016-06-13,22,246,83,329
2016-06-13,23,122,25,147
2016-06-14,0,50,15,65
2016-06-14,1,11,2,13
2016-06-14,2,9,6,15
2016-06-14,3,6,1,7
2016-06-14,4,11,1,12
2016-06-14,5,105,1,106
2016-06-14,6,390,22,412
2016-06-14,7,980,49,1029
2016-06-14,8,1458,66,1524
2016-06-14,9,537,70,607
2016-06-14,10,258,127,385
2016-06-14,11,318,145,463
2016-06-14,12,424,142,566
2016-06-14,13,342,164,506
2016-06-14,14,325,147,472
2016-06-14,15,405,181,586
2016-06-14,16,775,205,980
2016-06-14,17,1588,250,1838
2016-06-14,18,1353,237,1590
2016-06-14,19,825,176,1001
2016-06-14,20,539,170,709
2016-06-14,21,354,115,469
2016-06-14,22,357,77,434
2016-06-14,23,120,40,160
2016-06-15,0,55,20,75
2016-06-15,1,12,12,24
2016-06-15,2,4,1,5
2016-06-15,3,4,0,4
2016-06-15,4,13,1,14
2016-06-15,5,106,10,116
2016-06-15,6,291,15,306
2016-06-15,7,825,50,875
2016-06-15,8,1392,67,1459
2016-06-15,9,551,89,640
2016-06-15,10,249,96,345
2016-06-15,11,288,140,428
2016-06-15,12,349,137,486
2016-06-15,13,381,169,550
2016-06-15,14,353,182,535
2016-06-15,15,395,182,577
2016-06-15,16,680,187,867
2016-06-15,17,1407,213,1620
2016-06-15,18,1207,173,1380
2016-06-15,19,800,171,971
2016-06-15,20,601,162,763
2016-06-15,21,389,74,463
2016-06-15,22,209,86,295
2016-06-15,23,116,40,156
2016-06-16,0,63,20,83
2016-06-16,1,12,20,32
2016-06-16,2,9,7,16
2016-06-16,3,3,0,3
2016-06-16,4,9,4,13
2016-06-16,5,86,4,90
2016-06-16,6,321,15,336
2016-06-16,7,855,35,890
2016-06-16,8,1104,48,1152
2016-06-16,9,552,60,612
2016-06-16,10,251,88,339
2016-06-16,11,252,131,383
2016-06-16,12,372,124,496
2016-06-16,13,334,125,459
2016-06-16,14,284,158,442
2016-06-16,15,359,154,513
2016-06-16,16,649,163,812
2016-06-16,17,1443,217,1660
2016-06-16,18,1125,203,1328
2016-06-16,19,664,111,775
2016-06-16,20,408,76,484
2016-06-16,21,44,8,52
2016-06-16,22,21,3,24
2016-06-16,23,58,4,62
2016-06-17,0,49,12,61
2016-06-17,1,22,7,29
2016-06-17,2,17,4,21
2016-06-17,3,5,3,8
2016-06-17,4,10,1,11
2016-06-17,5,76,2,78
2016-06-17,6,244,6,250
2016-06-17,7,747,30,777
2016-06-17,8,1224,67,1291
2016-06-17,9,512,95,607
2016-06-17,10,232,134,366
2016-06-17,11,295,168,463
2016-06-17,12,408,209,617
2016-06-17,13,394,212,606
2016-06-17,14,390,225,615
2016-06-17,15,516,246,762
2016-06-17,16,853,227,1080
2016-06-17,17,1365,242,1607
2016-06-17,18,1023,198,1221
2016-06-17,19,728,233,961
2016-06-17,20,489,201,690
2016-06-17,21,394,134,528
2016-06-17,22,257,116,373
2016-06-17,23,214,54,268
2016-06-18,0,173,73,246
2016-06-18,1,73,28,101
2016-06-18,2,56,22,78
2016-06-18,3,35,7,42
2016-06-18,4,21,2,23
2016-06-18,5,25,2,27
2016-06-18,6,47,21,68
2016-06-18,7,132,44,176
2016-06-18,8,268,87,355
2016-06-18,9,456,191,647
2016-06-18,10,558,325,883
2016-06-18,11,618,440,1058
2016-06-18,12,608,476,1084
2016-06-18,13,560,485,1045
2016-06-18,14,545,567,1112
2016-06-18,15,557,543,1100
2016-06-18,16,545,459,1004
2016-06-18,17,496,485,981
2016-06-18,18,498,413,911
2016-06-18,19,439,338,777
2016-06-18,20,362,317,679
2016-06-18,21,284,230,514
2016-06-18,22,191,151,342
2016-06-18,23,180,117,297
2016-06-19,0,156,84,240
2016-06-19,1,92,46,138
2016-06-19,2,71,55,126
2016-06-19,3,37,23,60
2016-06-19,4,12,17,29
2016-06-19,5,13,7,20
2016-06-19,6,29,13,42
2016-06-19,7,86,34,120
2016-06-19,8,203,100,303
2016-06-19,9,303,184,487
2016-06-19,10,474,287,761
2016-06-19,11,520,362,882
2016-06-19,12,541,369,910
2016-06-19,13,557,400,957
2016-06-19,14,514,465,979
2016-06-19,15,520,451,971
2016-06-19,16,505,369,874
2016-06-19,17,578,387,965
2016-06-19,18,460,353,813
2016-06-19,19,461,272,733
2016-06-19,20,371,213,584
2016-06-19,21,237,137,374
2016-06-19,22,180,94,274
2016-06-19,23,131,57,188
2016-06-20,0,33,22,55
2016-06-20,1,19,5,24
2016-06-20,2,11,10,21
2016-06-20,3,2,2,4
2016-06-20,4,9,3,12
2016-06-20,5,89,7,96
2016-06-20,6,282,29,311
2016-06-20,7,906,49,955
2016-06-20,8,1153,89,1242
2016-06-20,9,492,118,610
2016-06-20,10,246,154,400
2016-06-20,11,268,172,440
2016-06-20,12,327,175,502
2016-06-20,13,299,175,474
2016-06-20,14,296,160,456
2016-06-20,15,366,226,592
2016-06-20,16,659,224,883
2016-06-20,17,1463,241,1704
2016-06-20,18,1159,265,1424
2016-06-20,19,757,209,966
2016-06-20,20,569,194,763
2016-06-20,21,379,141,520
2016-06-20,22,222,112,334
2016-06-20,23,88,36,124
2016-06-21,0,46,16,62
2016-06-21,1,17,14,31
2016-06-21,2,4,3,7
2016-06-21,3,3,7,10
2016-06-21,4,15,4,19
2016-06-21,5,111,6,117
2016-06-21,6,371,32,403
2016-06-21,7,961,57,1018
2016-06-21,8,1275,98,1373
2016-06-21,9,512,106,618
2016-06-21,10,263,120,383
2016-06-21,11,283,167,450
2016-06-21,12,311,179,490
2016-06-21,13,336,139,475
2016-06-21,14,209,101,310
2016-06-21,15,131,54,185
2016-06-21,16,383,75,458
2016-06-21,17,710,90,800
2016-06-21,18,487,54,541
2016-06-21,19,332,78,410
2016-06-21,20,442,100,542
2016-06-21,21,291,76,367
2016-06-21,22,174,42,216
2016-06-21,23,174,54,228
2016-06-22,0,40,30,70
2016-06-22,1,10,24,34
2016-06-22,2,3,17,20
2016-06-22,3,6,8,14
2016-06-22,4,9,5,14
2016-06-22,5,118,9,127
2016-06-22,6,369,26,395
2016-06-22,7,975,52,1027
2016-06-22,8,1285,89,1374
2016-06-22,9,534,101,635
2016-06-22,10,257,158,415
2016-06-22,11,280,216,496
2016-06-22,12,347,202,549
2016-06-22,13,348,224,572
2016-06-22,14,318,159,477
2016-06-22,15,389,203,592
2016-06-22,16,693,213,906
2016-06-22,17,1513,245,1758
2016-06-22,18,1226,256,1482
2016-06-22,19,805,215,1020
2016-06-22,20,685,178,863
2016-06-22,21,401,110,511
2016-06-22,22,281,87,368
2016-06-22,23,134,49,183
2016-06-23,0,47,19,66
2016-06-23,1,26,26,52
2016-06-23,2,9,8,17
2016-06-23,3,6,4,10
2016-06-23,4,8,0,8
2016-06-23,5,56,2,58
2016-06-23,6,63,2,65
2016-06-23,7,137,5,142
2016-06-23,8,297,10,307
2016-06-23,9,531,33,564
2016-06-23,10,271,60,331
2016-06-23,11,293,107,400
2016-06-23,12,356,135,491
2016-06-23,13,347,119,466
2016-06-23,14,285,133,418
2016-06-23,15,398,131,529
2016-06-23,16,594,155,749
2016-06-23,17,1270,163,1433
2016-06-23,18,1010,136,1146
2016-06-23,19,669,100,769
2016-06-23,20,454,109,563
2016-06-23,21,331,63,394
2016-06-23,22,241,55,296
2016-06-23,23,138,23,161
2016-06-24,0,85,11,96
2016-06-24,1,30,8,38
2016-06-24,2,22,3,25
2016-06-24,3,8,0,8
2016-06-24,4,11,6,17
2016-06-24,5,85,13,98
2016-06-24,6,286,13,299
2016-06-24,7,812,35,847
2016-06-24,8,1138,61,1199
2016-06-24,9,546,99,645
2016-06-24,10,258,182,440
2016-06-24,11,333,180,513
2016-06-24,12,473,196,669
2016-06-24,13,432,192,624
2016-06-24,14,401,193,594
2016-06-24,15,427,220,647
2016-06-24,16,774,218,992
2016-06-24,17,1204,222,1426
2016-06-24,18,942,196,1138
2016-06-24,19,502,157,659
2016-06-24,20,362,140,502
2016-06-24,21,250,132,382
2016-06-24,22,225,77,302
2016-06-24,23,182,63,245
2016-06-25,0,153,48,201
2016-06-25,1,91,24,115
2016-06-25,2,68,21,89
2016-06-25,3,19,1,20
2016-06-25,4,11,0,11
2016-06-25,5,13,9,22
2016-06-25,6,52,22,74
2016-06-25,7,116,50,166
2016-06-25,8,250,100,350
2016-06-25,9,386,210,596
2016-06-25,10,530,301,831
2016-06-25,11,585,447,1032
2016-06-25,12,585,491,1076
2016-06-25,13,642,574,1216
2016-06-25,14,604,568,1172
2016-06-25,15,589,473,1062
2016-06-25,16,501,458,959
2016-06-25,17,547,467,1014
2016-06-25,18,477,382,859
2016-06-25,19,418,361,779
2016-06-25,20,415,338,753
2016-06-25,21,290,266,556
2016-06-25,22,232,166,398
2016-06-25,23,168,81,249
2016-06-26,0,145,57,202
2016-06-26,1,85,29,114
2016-06-26,2,66,21,87
2016-06-26,3,38,17,55
2016-06-26,4,23,14,37
2016-06-26,5,16,7,23
2016-06-26,6,25,15,40
2016-06-26,7,74,34,108
2016-06-26,8,191,83,274
2016-06-26,9,317,188,505
2016-06-26,10,472,288,760
2016-06-26,11,531,440,971
2016-06-26,12,551,500,1051
2016-06-26,13,526,504,1030
2016-06-26,14,557,465,1022
2016-06-26,15,519,479,998
2016-06-26,16,534,442,976
2016-06-26,17,540,377,917
2016-06-26,18,508,351,859
2016-06-26,19,450,284,734
2016-06-26,20,389,264,653
2016-06-26,21,200,193,393
2016-06-26,22,187,153,340
2016-06-26,23,138,69,207
2016-06-27,0,38,38,76
2016-06-27,1,15,18,33
2016-06-27,2,9,2,11
2016-06-27,3,4,0,4
2016-06-27,4,14,1,15
2016-06-27,5,90,9,99
2016-06-27,6,309,18,327
2016-06-27,7,872,50,922
2016-06-27,8,1155,70,1225
2016-06-27,9,471,80,551
2016-06-27,10,224,143,367
2016-06-27,11,267,169,436
2016-06-27,12,315,180,495
2016-06-27,13,374,189,563
2016-06-27,14,309,181,490
2016-06-27,15,338,224,562
2016-06-27,16,661,228,889
2016-06-27,17,1534,212,1746
2016-06-27,18,1031,166,1197
2016-06-27,19,544,110,654
2016-06-27,20,420,97,517
2016-06-27,21,312,68,380
2016-06-27,22,228,68,296
2016-06-27,23,56,11,67
2016-06-28,0,18,10,28
2016-06-28,1,10,3,13
2016-06-28,2,5,1,6
2016-06-28,3,2,3,5
2016-06-28,4,13,0,13
2016-06-28,5,101,8,109
2016-06-28,6,344,15,359
2016-06-28,7,943,33,976
2016-06-28,8,1269,88,1357
2016-06-28,9,498,68,566
2016-06-28,10,274,108,382
2016-06-28,11,302,152,454
2016-06-28,12,366,157,523
2016-06-28,13,322,116,438
2016-06-28,14,282,93,375
2016-06-28,15,340,147,487
2016-06-28,16,671,139,810
2016-06-28,17,1514,186,1700
2016-06-28,18,874,115,989
2016-06-28,19,500,48,548
2016-06-28,20,409,69,478
2016-06-28,21,108,17,125
2016-06-28,22,163,27,190
2016-06-28,23,112,21,133
2016-06-29,0,54,15,69
2016-06-29,1,15,4,19
2016-06-29,2,5,1,6
2016-06-29,3,5,3,8
2016-06-29,4,10,0,10
2016-06-29,5,93,4,97
2016-06-29,6,387,33,420
2016-06-29,7,953,68,1021
2016-06-29,8,1292,79,1371
2016-06-29,9,535,133,668
2016-06-29,10,289,122,411
2016-06-29,11,292,120,412
2016-06-29,12,383,156,539
2016-06-29,13,397,157,554
2016-06-29,14,337,198,535
2016-06-29,15,426,162,588
2016-06-29,16,711,207,918
2016-06-29,17,1499,247,1746
2016-06-29,18,1241,195,1436
2016-06-29,19,818,163,981
2016-06-29,20,650,181,831
2016-06-29,21,442,101,543
2016-06-29,22,328,60,388
2016-06-29,23,152,55,207
2016-06-30,0,46,19,65
2016-06-30,1,21,2,23
2016-06-30,2,14,10,24
2016-06-30,3,7,4,11
2016-06-30,4,10,0,10
2016-06-30,5,87,8,95
2016-06-30,6,324,21,345
2016-06-30,7,925,34,959
2016-06-30,8,1260,56,1316
2016-06-30,9,555,83,638
2016-06-30,10,284,144,428
2016-06-30,11,325,151,476
2016-06-30,12,389,163,552
2016-06-30,13,376,184,560
2016-06-30,14,319,160,479
2016-06-30,15,450,177,627
2016-06-30,16,689,183,872
2016-06-30,17,1346,235,1581
2016-06-30,18,1177,204,1381
2016-06-30,19,781,180,961
2016-06-30,20,600,153,753
2016-06-30,21,404,106,510
2016-06-30,22,359,85,444
2016-06-30,23,175,34,209
2016-07-01,0,84,26,110
2016-07-01,1,37,11,48
2016-07-01,2,15,3,18
2016-07-01,3,6,1,7
2016-07-01,4,16,1,17
2016-07-01,5,91,6,97
2016-07-01,6,237,18,255
2016-07-01,7,666,34,700
2016-07-01,8,1139,76,1215
2016-07-01,9,539,93,632
2016-07-01,10,273,182,455
2016-07-01,11,334,218,552
2016-07-01,12,452,189,641
2016-07-01,13,532,224,756
2016-07-01,14,565,279,844
2016-07-01,15,733,250,983
2016-07-01,16,822,251,1073
2016-07-01,17,811,237,1048
2016-07-01,18,629,220,849
2016-07-01,19,435,200,635
2016-07-01,20,387,238,625
2016-07-01,21,227,93,320
2016-07-01,22,172,109,281
2016-07-01,23,177,67,244
2016-07-02,0,117,47,164
2016-07-02,1,76,46,122
2016-07-02,2,47,30,77
2016-07-02,3,28,15,43
2016-07-02,4,14,10,24
2016-07-02,5,19,16,35
2016-07-02,6,45,16,61
2016-07-02,7,116,26,142
2016-07-02,8,210,106,316
2016-07-02,9,347,216,563
2016-07-02,10,429,333,762
2016-07-02,11,493,482,975
2016-07-02,12,551,592,1143
2016-07-02,13,543,656,1199
2016-07-02,14,540,666,1206
2016-07-02,15,509,675,1184
2016-07-02,16,451,637,1088
2016-07-02,17,447,640,1087
2016-07-02,18,487,568,1055
2016-07-02,19,361,446,807
2016-07-02,20,313,427,740
2016-07-02,21,226,346,572
2016-07-02,22,196,230,426
2016-07-02,23,147,134,281
2016-07-03,0,107,100,207
2016-07-03,1,83,90,173
2016-07-03,2,55,34,89
2016-07-03,3,37,11,48
2016-07-03,4,11,11,22
2016-07-03,5,17,11,28
2016-07-03,6,17,10,27
2016-07-03,7,46,33,79
2016-07-03,8,115,74,189
2016-07-03,9,210,163,373
2016-07-03,10,366,364,730
2016-07-03,11,429,536,965
2016-07-03,12,493,705,1198
2016-07-03,13,484,772,1256
2016-07-03,14,459,838,1297
2016-07-03,15,439,838,1277
2016-07-03,16,334,651,985
2016-07-03,17,303,479,782
2016-07-03,18,250,504,754
2016-07-03,19,251,428,679
2016-07-03,20,238,390,628
2016-07-03,21,217,323,540
2016-07-03,22,189,244,433
2016-07-03,23,127,150,277
2016-07-04,0,68,115,183
2016-07-04,1,57,57,114
2016-07-04,2,43,27,70
2016-07-04,3,26,10,36
2016-07-04,4,13,6,19
2016-07-04,5,19,6,25
2016-07-04,6,31,22,53
2016-07-04,7,58,26,84
2016-07-04,8,119,92,211
2016-07-04,9,256,218,474
2016-07-04,10,376,315,691
2016-07-04,11,399,453,852
2016-07-04,12,420,481,901
2016-07-04,13,318,387,705
2016-07-04,14,144,164,308
2016-07-04,15,90,116,206
2016-07-04,16,97,112,209
2016-07-04,17,152,183,335
2016-07-04,18,197,200,397
2016-07-04,19,112,130,242
2016-07-04,20,269,204,473
2016-07-04,21,343,207,550
2016-07-04,22,200,125,325
2016-07-04,23,85,52,137
2016-07-05,0,45,19,64
2016-07-05,1,10,14,24
2016-07-05,2,2,8,10
2016-07-05,3,7,4,11
2016-07-05,4,7,1,8
2016-07-05,5,21,0,21
2016-07-05,6,139,11,150
2016-07-05,7,546,33,579
2016-07-05,8,1043,74,1117
2016-07-05,9,424,145,569
2016-07-05,10,250,259,509
2016-07-05,11,268,249,517
2016-07-05,12,346,317,663
2016-07-05,13,313,206,519
2016-07-05,14,266,287,553
2016-07-05,15,340,256,596
2016-07-05,16,647,262,909
2016-07-05,17,1288,249,1537
2016-07-05,18,1064,198,1262
2016-07-05,19,688,173,861
2016-07-05,20,526,144,670
2016-07-05,21,316,87,403
2016-07-05,22,209,63,272
2016-07-05,23,98,48,146
2016-07-06,0,33,23,56
2016-07-06,1,11,13,24
2016-07-06,2,4,4,8
2016-07-06,3,5,2,7
2016-07-06,4,11,3,14
2016-07-06,5,117,7,124
2016-07-06,6,351,21,372
2016-07-06,7,887,38,925
2016-07-06,8,1222,62,1284
2016-07-06,9,498,126,624
2016-07-06,10,214,134,348
2016-07-06,11,260,173,433
2016-07-06,12,297,180,477
2016-07-06,13,289,199,488
2016-07-06,14,270,136,406
2016-07-06,15,362,168,530
2016-07-06,16,604,183,787
2016-07-06,17,1279,209,1488
2016-07-06,18,1095,186,1281
2016-07-06,19,801,217,1018
2016-07-06,20,594,185,779
2016-07-06,21,401,123,524
2016-07-06,22,201,90,291
2016-07-06,23,111,49,160
2016-07-07,0,58,25,83
2016-07-07,1,15,4,19
2016-07-07,2,8,3,11
2016-07-07,3,6,1,7
2016-07-07,4,11,0,11
2016-07-07,5,100,6,106
2016-07-07,6,355,24,379
2016-07-07,7,848,38,886
2016-07-07,8,1206,62,1268
2016-07-07,9,544,104,648
2016-07-07,10,211,157,368
2016-07-07,11,215,156,371
2016-07-07,12,283,173,456
2016-07-07,13,303,179,482
2016-07-07,14,260,132,392
2016-07-07,15,304,124,428
2016-07-07,16,602,160,762
2016-07-07,17,1305,212,1517
2016-07-07,18,1102,198,1300
2016-07-07,19,744,155,899
2016-07-07,20,628,164,792
2016-07-07,21,450,112,562
2016-07-07,22,263,52,315
2016-07-07,23,127,29,156
2016-07-08,0,50,15,65
2016-07-08,1,24,7,31
2016-07-08,2,13,1,14
2016-07-08,3,4,0,4
2016-07-08,4,15,2,17
2016-07-08,5,86,6,92
2016-07-08,6,269,17,286
2016-07-08,7,744,40,784
2016-07-08,8,1125,60,1185
2016-07-08,9,524,111,635
2016-07-08,10,248,136,384
2016-07-08,11,268,131,399
2016-07-08,12,341,168,509
2016-07-08,13,396,201,597
2016-07-08,14,343,149,492
2016-07-08,15,327,105,432
2016-07-08,16,602,170,772
2016-07-08,17,1142,219,1361
2016-07-08,18,856,170,1026
2016-07-08,19,588,156,744
2016-07-08,20,485,149,634
2016-07-08,21,369,142,511
2016-07-08,22,253,92,345
2016-07-08,23,200,62,262
2016-07-09,0,144,46,190
2016-07-09,1,86,32,118
2016-07-09,2,43,18,61
2016-07-09,3,27,7,34
2016-07-09,4,17,7,24
2016-07-09,5,21,11,32
2016-07-09,6,70,20,90
2016-07-09,7,138,26,164
2016-07-09,8,281,76,357
2016-07-09,9,444,168,612
2016-07-09,10,510,264,774
2016-07-09,11,545,320,865
2016-07-09,12,550,384,934
2016-07-09,13,579,417,996
2016-07-09,14,576,422,998
2016-07-09,15,481,468,949
2016-07-09,16,486,410,896
2016-07-09,17,471,400,871
2016-07-09,18,429,337,766
2016-07-09,19,473,322,795
2016-07-09,20,352,273,625
2016-07-09,21,270,180,450
2016-07-09,22,198,133,331
2016-07-09,23,189,77,266
2016-07-10,0,120,71,191
2016-07-10,1,100,34,134
2016-07-10,2,68,22,90
2016-07-10,3,37,11,48
2016-07-10,4,14,6,20
2016-07-10,5,12,4,16
2016-07-10,6,30,21,51
2016-07-10,7,79,32,111
2016-07-10,8,201,68,269
2016-07-10,9,288,155,443
2016-07-10,10,442,242,684
2016-07-10,11,532,305,837
2016-07-10,12,619,429,1048
2016-07-10,13,628,428,1056
2016-07-10,14,617,489,1106
2016-07-10,15,559,407,966
2016-07-10,16,511,426,937
2016-07-10,17,537,365,902
2016-07-10,18,548,355,903
2016-07-10,19,442,312,754
2016-07-10,20,408,223,631
2016-07-10,21,261,161,422
2016-07-10,22,164,84,248
2016-07-10,23,83,31,114
2016-07-11,0,48,19,67
2016-07-11,1,14,16,30
2016-07-11,2,7,1,8
2016-07-11,3,10,1,11
2016-07-11,4,14,6,20
2016-07-11,5,79,8,87
2016-07-11,6,318,23,341
2016-07-11,7,914,44,958
2016-07-11,8,1062,80,1142
2016-07-11,9,483,124,607
2016-07-11,10,195,176,371
2016-07-11,11,209,176,385
2016-07-11,12,311,156,467
2016-07-11,13,316,198,514
2016-07-11,14,299,239,538
2016-07-11,15,328,213,541
2016-07-11,16,665,178,843
2016-07-11,17,1353,202,1555
2016-07-11,18,1187,234,1421
2016-07-11,19,784,219,1003
2016-07-11,20,630,182,812
2016-07-11,21,417,129,546
2016-07-11,22,218,87,305
2016-07-11,23,98,40,138
2016-07-12,0,50,20,70
2016-07-12,1,14,12,26
2016-07-12,2,4,2,6
2016-07-12,3,3,3,6
2016-07-12,4,11,0,11
2016-07-12,5,103,11,114
2016-07-12,6,380,18,398
2016-07-12,7,927,44,971
2016-07-12,8,1246,97,1343
2016-07-12,9,501,107,608
2016-07-12,10,250,120,370
2016-07-12,11,272,109,381
2016-07-12,12,336,160,496
2016-07-12,13,335,175,510
2016-07-12,14,290,188,478
2016-07-12,15,344,169,513
2016-07-12,16,717,232,949
2016-07-12,17,1396,287,1683
2016-07-12,18,1163,192,1355
2016-07-12,19,852,226,1078
2016-07-12,20,637,167,804
2016-07-12,21,401,118,519
2016-07-12,22,269,59,328
2016-07-12,23,124,27,151
2016-07-13,0,42,24,66
2016-07-13,1,22,9,31
2016-07-13,2,5,4,9
2016-07-13,3,4,1,5
2016-07-13,4,13,1,14
2016-07-13,5,120,10,130
2016-07-13,6,380,25,405
2016-07-13,7,904,39,943
2016-07-13,8,1209,78,1287
2016-07-13,9,506,76,582
2016-07-13,10,238,108,346
2016-07-13,11,232,170,402
2016-07-13,12,300,148,448
2016-07-13,13,314,137,451
2016-07-13,14,240,150,390
2016-07-13,15,312,184,496
2016-07-13,16,671,187,858
2016-07-13,17,1366,199,1565
2016-07-13,18,1099,188,1287
2016-07-13,19,834,215,1049
2016-07-13,20,626,143,769
2016-07-13,21,362,100,462
2016-07-13,22,281,71,352
2016-07-13,23,129,44,173
2016-07-14,0,45,29,74
2016-07-14,1,19,20,39
2016-07-14,2,9,9,18
2016-07-14,3,2,2,4
2016-07-14,4,15,0,15
2016-07-14,5,93,4,97
2016-07-14,6,340,20,360
2016-07-14,7,883,43,926
2016-07-14,8,1107,67,1174
2016-07-14,9,504,89,593
2016-07-14,10,230,173,403
2016-07-14,11,238,158,396
2016-07-14,12,317,123,440
2016-07-14,13,279,159,438
2016-07-14,14,242,166,408
2016-07-14,15,332,156,488
2016-07-14,16,635,149,784
2016-07-14,17,1197,213,1410
2016-07-14,18,1054,211,1265
2016-07-14,19,709,183,892
2016-07-14,20,576,137,713
2016-07-14,21,387,149,536
2016-07-14,22,275,117,392
2016-07-14,23,165,56,221
2016-07-15,0,67,27,94
2016-07-15,1,26,26,52
2016-07-15,2,16,11,27
2016-07-15,3,9,8,17
2016-07-15,4,12,0,12
2016-07-15,5,82,10,92
2016-07-15,6,298,17,315
2016-07-15,7,769,38,807
2016-07-15,8,1096,86,1182
2016-07-15,9,497,104,601
2016-07-15,10,235,152,387
2016-07-15,11,288,207,495
2016-07-15,12,329,228,557
2016-07-15,13,392,206,598
2016-07-15,14,312,202,514
2016-07-15,15,454,249,703
2016-07-15,16,714,232,946
2016-07-15,17,1099,256,1355
2016-07-15,18,908,201,1109
2016-07-15,19,582,236,818
2016-07-15,20,448,190,638
2016-07-15,21,365,178,543
2016-07-15,22,307,148,455
2016-07-15,23,197,99,296
2016-07-16,0,164,56,220
2016-07-16,1,112,41,153
2016-07-16,2,66,24,90
2016-07-16,3,39,18,57
2016-07-16,4,21,5,26
2016-07-16,5,14,10,24
2016-07-16,6,60,21,81
2016-07-16,7,147,71,218
2016-07-16,8,326,127,453
2016-07-16,9,430,298,728
2016-07-16,10,441,529,970
2016-07-16,11,557,591,1148
2016-07-16,12,561,679,1240
2016-07-16,13,534,756,1290
2016-07-16,14,462,691,1153
2016-07-16,15,483,625,1108
2016-07-16,16,470,673,1143
2016-07-16,17,394,588,982
2016-07-16,18,174,206,380
2016-07-16,19,153,215,368
2016-07-16,20,278,333,611
2016-07-16,21,227,327,554
2016-07-16,22,185,256,441
2016-07-16,23,180,219,399
2016-07-17,0,120,131,251
2016-07-17,1,91,83,174
2016-07-17,2,62,43,105
2016-07-17,3,43,37,80
2016-07-17,4,17,8,25
2016-07-17,5,10,10,20
2016-07-17,6,27,38,65
2016-07-17,7,89,107,196
2016-07-17,8,207,163,370
2016-07-17,9,337,363,700
2016-07-17,10,445,466,911
2016-07-17,11,518,630,1148
2016-07-17,12,560,655,1215
2016-07-17,13,500,694,1194
2016-07-17,14,539,761,1300
2016-07-17,15,510,781,1291
2016-07-17,16,488,666,1154
2016-07-17,17,503,718,1221
2016-07-17,18,484,566,1050
2016-07-17,19,447,532,979
2016-07-17,20,351,512,863
2016-07-17,21,306,382,688
2016-07-17,22,146,198,344
2016-07-17,23,97,85,182
2016-07-18,0,53,44,97
2016-07-18,1,18,14,32
2016-07-18,2,7,9,16
2016-07-18,3,8,2,10
2016-07-18,4,7,0,7
2016-07-18,5,85,10,95
2016-07-18,6,330,14,344
2016-07-18,7,810,59,869
2016-07-18,8,1013,107,1120
2016-07-18,9,448,111,559
2016-07-18,10,184,133,317
2016-07-18,11,214,164,378
2016-07-18,12,271,137,408
2016-07-18,13,255,152,407
2016-07-18,14,190,166,356
2016-07-18,15,334,153,487
2016-07-18,16,314,80,394
2016-07-18,17,317,61,378
2016-07-18,18,885,114,999
2016-07-18,19,662,212,874
2016-07-18,20,485,209,694
2016-07-18,21,307,154,461
2016-07-18,22,195,79,274
2016-07-18,23,112,41,153
2016-07-19,0,30,15,45
2016-07-19,1,16,4,20
2016-07-19,2,2,3,5
2016-07-19,3,2,2,4
2016-07-19,4,14,2,16
2016-07-19,5,103,8,111
2016-07-19,6,381,19,400
2016-07-19,7,889,32,921
2016-07-19,8,1151,61,1212
2016-07-19,9,500,100,600
2016-07-19,10,220,158,378
2016-07-19,11,245,135,380
2016-07-19,12,333,185,518
2016-07-19,13,266,193,459
2016-07-19,14,282,145,427
2016-07-19,15,384,163,547
2016-07-19,16,589,189,778
2016-07-19,17,1369,244,1613
2016-07-19,18,1155,207,1362
2016-07-19,19,803,190,993
2016-07-19,20,551,148,699
2016-07-19,21,398,106,504
2016-07-19,22,231,66,297
2016-07-19,23,28,8,36
2016-07-20,0,30,11,41
2016-07-20,1,10,8,18
2016-07-20,2,11,1,12
2016-07-20,3,4,2,6
2016-07-20,4,14,1,15
2016-07-20,5,95,7,102
2016-07-20,6,358,18,376
2016-07-20,7,877,45,922
2016-07-20,8,1240,67,1307
2016-07-20,9,527,94,621
2016-07-20,10,259,131,390
2016-07-20,11,280,132,412
2016-07-20,12,362,151,513
2016-07-20,13,332,142,474
2016-07-20,14,300,193,493
2016-07-20,15,404,157,561
2016-07-20,16,704,211,915
2016-07-20,17,1386,283,1669
2016-07-20,18,1180,233,1413
2016-07-20,19,787,194,981
2016-07-20,20,594,201,795
2016-07-20,21,451,144,595
2016-07-20,22,349,90,439
2016-07-20,23,177,53,230
2016-07-21,0,77,15,92
2016-07-21,1,15,12,27
2016-07-21,2,6,5,11
2016-07-21,3,6,3,9
2016-07-21,4,9,4,13
2016-07-21,5,84,7,91
2016-07-21,6,318,16,334
2016-07-21,7,917,37,954
2016-07-21,8,1201,85,1286
2016-07-21,9,509,94,603
2016-07-21,10,252,148,400
2016-07-21,11,272,143,415
2016-07-21,12,330,166,496
2016-07-21,13,329,132,461
2016-07-21,14,297,155,452
2016-07-21,15,396,159,555
2016-07-21,16,684,219,903
2016-07-21,17,1321,248,1569
2016-07-21,18,1101,210,1311
2016-07-21,19,790,221,1011
2016-07-21,20,547,199,746
2016-07-21,21,428,135,563
2016-07-21,22,289,71,360
2016-07-21,23,156,44,200
2016-07-22,0,69,25,94
2016-07-22,1,38,15,53
2016-07-22,2,14,10,24
2016-07-22,3,6,6,12
2016-07-22,4,12,2,14
2016-07-22,5,80,8,88
2016-07-22,6,264,19,283
2016-07-22,7,721,48,769
2016-07-22,8,1069,92,1161
2016-07-22,9,505,133,638
2016-07-22,10,256,207,463
2016-07-22,11,240,214,454
2016-07-22,12,354,236,590
2016-07-22,13,346,230,576
2016-07-22,14,348,207,555
2016-07-22,15,426,193,619
2016-07-22,16,677,212,889
2016-07-22,17,1091,176,1267
2016-07-22,18,855,184,1039
2016-07-22,19,539,229,768
2016-07-22,20,415,215,630
2016-07-22,21,283,182,465
2016-07-22,22,262,123,385
2016-07-22,23,202,67,269
2016-07-23,0,127,52,179
2016-07-23,1,66,29,95
2016-07-23,2,53,28,81
2016-07-23,3,27,18,45
2016-07-23,4,14,6,20
2016-07-23,5,20,12,32
2016-07-23,6,54,17,71
2016-07-23,7,148,34,182
2016-07-23,8,292,84,376
2016-07-23,9,359,175,534
2016-07-23,10,449,252,701
2016-07-23,11,469,283,752
2016-07-23,12,474,310,784
2016-07-23,13,408,286,694
2016-07-23,14,342,320,662
2016-07-23,15,435,297,732
2016-07-23,16,377,332,709
2016-07-23,17,370,298,668
2016-07-23,18,345,274,619
2016-07-23,19,334,257,591
2016-07-23,20,299,313,612
2016-07-23,21,236,220,456
2016-07-23,22,252,162,414
2016-07-23,23,144,108,252
2016-07-24,0,118,52,170
2016-07-24,1,90,40,130
2016-07-24,2,69,18,87
2016-07-24,3,47,19,66
2016-07-24,4,10,4,14
2016-07-24,5,15,9,24
2016-07-24,6,34,23,57
2016-07-24,7,88,38,126
2016-07-24,8,189,86,275
2016-07-24,9,292,169,461
2016-07-24,10,361,305,666
2016-07-24,11,405,308,713
2016-07-24,12,427,314,741
2016-07-24,13,446,316,762
2016-07-24,14,401,327,728
2016-07-24,15,389,345,734
2016-07-24,16,378,274,652
2016-07-24,17,377,256,633
2016-07-24,18,407,306,713
2016-07-24,19,351,275,626
2016-07-24,20,284,223,507
2016-07-24,21,213,126,339
2016-07-24,22,169,101,270
2016-07-24,23,69,52,121
2016-07-25,0,30,16,46
2016-07-25,1,16,11,27
2016-07-25,2,11,8,19
2016-07-25,3,8,3,11
2016-07-25,4,14,4,18
2016-07-25,5,80,11,91
2016-07-25,6,310,20,330
2016-07-25,7,753,48,801
2016-07-25,8,950,83,1033
2016-07-25,9,378,85,463
2016-07-25,10,168,109,277
2016-07-25,11,206,144,350
2016-07-25,12,221,130,351
2016-07-25,13,208,121,329
2016-07-25,14,210,131,341
2016-07-25,15,297,141,438
2016-07-25,16,493,133,626
2016-07-25,17,1176,182,1358
2016-07-25,18,935,176,1111
2016-07-25,19,639,192,831
2016-07-25,20,439,178,617
2016-07-25,21,290,121,411
2016-07-25,22,160,112,272
2016-07-25,23,81,43,124
2016-07-26,0,33,13,46
2016-07-26,1,19,11,30
2016-07-26,2,6,3,9
2016-07-26,3,5,6,11
2016-07-26,4,6,6,12
2016-07-26,5,96,12,108
2016-07-26,6,344,20,364
2016-07-26,7,815,42,857
2016-07-26,8,1124,66,1190
2016-07-26,9,397,80,477
2016-07-26,10,195,131,326
2016-07-26,11,211,126,337
2016-07-26,12,274,147,421
2016-07-26,13,226,155,381
2016-07-26,14,194,143,337
2016-07-26,15,274,139,413
2016-07-26,16,557,129,686
2016-07-26,17,1212,182,1394
2016-07-26,18,1111,151,1262
2016-07-26,19,753,193,946
2016-07-26,20,499,134,633
2016-07-26,21,357,118,475
2016-07-26,22,199,75,274
2016-07-26,23,136,25,161
2016-07-27,0,35,16,51
2016-07-27,1,29,16,45
2016-07-27,2,11,6,17
2016-07-27,3,5,4,9
2016-07-27,4,10,5,15
2016-07-27,5,92,10,102
2016-07-27,6,346,36,382
2016-07-27,7,895,47,942
2016-07-27,8,1058,71,1129
2016-07-27,9,458,71,529
2016-07-27,10,217,131,348
2016-07-27,11,229,144,373
2016-07-27,12,278,102,380
2016-07-27,13,284,125,409
2016-07-27,14,274,126,400
2016-07-27,15,321,141,462
2016-07-27,16,615,120,735
2016-07-27,17,1283,126,1409
2016-07-27,18,1114,172,1286
2016-07-27,19,738,182,920
2016-07-27,20,533,170,703
2016-07-27,21,335,145,480
2016-07-27,22,229,67,296
2016-07-27,23,117,29,146
2016-07-28,0,59,22,81
2016-07-28,1,26,17,43
2016-07-28,2,10,26,36
2016-07-28,3,7,13,20
2016-07-28,4,7,2,9
2016-07-28,5,88,9,97
2016-07-28,6,298,14,312
2016-07-28,7,793,31,824
2016-07-28,8,1091,69,1160
2016-07-28,9,495,72,567
2016-07-28,10,211,112,323
2016-07-28,11,237,125,362
2016-07-28,12,292,134,426
2016-07-28,13,301,135,436
2016-07-28,14,242,164,406
2016-07-28,15,318,180,498
2016-07-28,16,571,187,758
2016-07-28,17,583,107,690
2016-07-28,18,756,125,881
2016-07-28,19,612,153,765
2016-07-28,20,356,78,434
2016-07-28,21,91,19,110
2016-07-28,22,76,15,91
2016-07-28,23,33,4,37
2016-07-29,0,31,3,34
2016-07-29,1,19,1,20
2016-07-29,2,7,8,15
2016-07-29,3,4,0,4
2016-07-29,4,9,3,12
2016-07-29,5,64,4,68
2016-07-29,6,212,7,219
2016-07-29,7,664,35,699
2016-07-29,8,1055,63,1118
2016-07-29,9,492,124,616
2016-07-29,10,298,184,482
2016-07-29,11,309,241,550
2016-07-29,12,374,271,645
2016-07-29,13,350,249,599
2016-07-29,14,350,260,610
2016-07-29,15,448,229,677
2016-07-29,16,715,238,953
2016-07-29,17,1098,227,1325
2016-07-29,18,861,224,1085
2016-07-29,19,595,219,814
2016-07-29,20,450,179,629
2016-07-29,21,305,141,446
2016-07-29,22,222,89,311
2016-07-29,23,158,62,220
2016-07-30,0,119,69,188
2016-07-30,1,87,51,138
2016-07-30,2,61,26,87
2016-07-30,3,27,15,42
2016-07-30,4,10,7,17
2016-07-30,5,17,9,26
2016-07-30,6,52,26,78
2016-07-30,7,99,33,132
2016-07-30,8,235,80,315
2016-07-30,9,411,157,568
2016-07-30,10,425,297,722
2016-07-30,11,518,384,902
2016-07-30,12,410,301,711
2016-07-30,13,360,257,617
2016-07-30,14,396,368,764
2016-07-30,15,437,425,862
2016-07-30,16,408,405,813
2016-07-30,17,393,334,727
2016-07-30,18,320,238,558
2016-07-30,19,130,81,211
2016-07-30,20,36,23,59
2016-07-30,21,52,25,77
2016-07-30,22,87,53,140
2016-07-30,23,140,44,184
2016-07-31,0,127,44,171
2016-07-31,1,71,25,96
2016-07-31,2,62,21,83
2016-07-31,3,27,8,35
2016-07-31,4,11,8,19
2016-07-31,5,9,7,16
2016-07-31,6,35,12,47
2016-07-31,7,90,41,131
2016-07-31,8,184,75,259
2016-07-31,9,324,224,548
2016-07-31,10,451,308,759
2016-07-31,11,558,382,940
2016-07-31,12,587,411,998
2016-07-31,13,499,383,882
2016-07-31,14,517,431,948
2016-07-31,15,506,466,972
2016-07-31,16,461,385,846
2016-07-31,17,423,284,707
2016-07-31,18,377,230,607
2016-07-31,19,336,196,532
2016-07-31,20,304,189,493
2016-07-31,21,226,137,363
2016-07-31,22,178,100,278
2016-07-31,23,83,31,114
2016-08-01,0,34,11,45
2016-08-01,1,21,17,38
2016-08-01,2,11,11,22
2016-08-01,3,4,4,8
2016-08-01,4,11,1,12
2016-08-01,5,82,18,100
2016-08-01,6,316,16,332
2016-08-01,7,824,60,884
2016-08-01,8,983,81,1064
2016-08-01,9,420,104,524
2016-08-01,10,184,140,324
2016-08-01,11,200,218,418
2016-08-01,12,286,226,512
2016-08-01,13,270,185,455
2016-08-01,14,289,181,470
2016-08-01,15,327,193,520
2016-08-01,16,571,196,767
2016-08-01,17,1385,253,1638
2016-08-01,18,1147,186,1333
2016-08-01,19,759,193,952
2016-08-01,20,515,153,668
2016-08-01,21,300,116,416
2016-08-01,22,195,91,286
2016-08-01,23,104,59,163
2016-08-02,0,50,19,69
2016-08-02,1,14,12,26
2016-08-02,2,6,8,14
2016-08-02,3,5,1,6
2016-08-02,4,15,3,18
2016-08-02,5,101,4,105
2016-08-02,6,429,16,445
2016-08-02,7,934,40,974
2016-08-02,8,1161,95,1256
2016-08-02,9,470,84,554
2016-08-02,10,241,142,383
2016-08-02,11,268,181,449
2016-08-02,12,333,166,499
2016-08-02,13,323,172,495
2016-08-02,14,263,191,454
2016-08-02,15,344,190,534
2016-08-02,16,662,213,875
2016-08-02,17,1450,286,1736
2016-08-02,18,1281,260,1541
2016-08-02,19,830,243,1073
2016-08-02,20,635,170,805
2016-08-02,21,403,154,557
2016-08-02,22,249,83,332
2016-08-02,23,136,38,174
2016-08-03,0,48,8,56
2016-08-03,1,22,11,33
2016-08-03,2,9,2,11
2016-08-03,3,7,1,8
2016-08-03,4,16,2,18
2016-08-03,5,122,11,133
2016-08-03,6,360,30,390
2016-08-03,7,953,52,1005
2016-08-03,8,1212,81,1293
2016-08-03,9,515,97,612
2016-08-03,10,247,164,411
2016-08-03,11,305,172,477
2016-08-03,12,375,197,572
2016-08-03,13,391,187,578
2016-08-03,14,286,226,512
2016-08-03,15,416,229,645
2016-08-03,16,692,246,938
2016-08-03,17,1364,270,1634
2016-08-03,18,1151,258,1409
2016-08-03,19,845,232,1077
2016-08-03,20,601,180,781
2016-08-03,21,348,128,476
2016-08-03,22,266,92,358
2016-08-03,23,128,36,164
2016-08-04,0,46,36,82
2016-08-04,1,13,34,47
2016-08-04,2,10,21,31
2016-08-04,3,8,20,28
2016-08-04,4,11,1,12
2016-08-04,5,103,9,112
2016-08-04,6,337,22,359
2016-08-04,7,839,40,879
2016-08-04,8,1189,79,1268
2016-08-04,9,503,109,612
2016-08-04,10,245,143,388
2016-08-04,11,262,142,404
2016-08-04,12,372,226,598
2016-08-04,13,362,215,577
2016-08-04,14,333,190,523
2016-08-04,15,386,236,622
2016-08-04,16,667,244,911
2016-08-04,17,1331,314,1645
2016-08-04,18,1158,284,1442
2016-08-04,19,809,258,1067
2016-08-04,20,624,251,875
2016-08-04,21,408,149,557
2016-08-04,22,240,87,327
2016-08-04,23,142,47,189
2016-08-05,0,51,21,72
2016-08-05,1,36,21,57
2016-08-05,2,20,5,25
2016-08-05,3,12,3,15
2016-08-05,4,9,0,9
2016-08-05,5,102,3,105
2016-08-05,6,262,23,285
2016-08-05,7,671,51,722
2016-08-05,8,1114,88,1202
2016-08-05,9,519,124,643
2016-08-05,10,283,189,472
2016-08-05,11,277,203,480
2016-08-05,12,419,314,733
2016-08-05,13,419,244,663
2016-08-05,14,392,290,682
2016-08-05,15,452,283,735
2016-08-05,16,736,269,1005
2016-08-05,17,1156,297,1453
2016-08-05,18,919,270,1189
2016-08-05,19,670,215,885
2016-08-05,20,421,203,624
2016-08-05,21,348,130,478
2016-08-05,22,268,130,398
2016-08-05,23,168,86,254
2016-08-06,0,138,67,205
2016-08-06,1,96,52,148
2016-08-06,2,42,21,63
2016-08-06,3,25,12,37
2016-08-06,4,13,16,29
2016-08-06,5,23,3,26
2016-08-06,6,44,20,64
2016-08-06,7,136,23,159
2016-08-06,8,241,93,334
2016-08-06,9,389,239,628
2016-08-06,10,515,291,806
2016-08-06,11,492,379,871
2016-08-06,12,503,377,880
2016-08-06,13,465,455,920
2016-08-06,14,407,364,771
2016-08-06,15,397,288,685
2016-08-06,16,425,415,840
2016-08-06,17,420,389,809
2016-08-06,18,401,310,711
2016-08-06,19,362,355,717
2016-08-06,20,289,251,540
2016-08-06,21,257,216,473
2016-08-06,22,209,188,397
2016-08-06,23,157,70,227
2016-08-07,0,115,55,170
2016-08-07,1,106,32,138
2016-08-07,2,62,31,93
2016-08-07,3,34,18,52
2016-08-07,4,11,3,14
2016-08-07,5,18,14,32
2016-08-07,6,33,12,45
2016-08-07,7,83,32,115
2016-08-07,8,165,98,263
2016-08-07,9,334,212,546
2016-08-07,10,452,355,807
2016-08-07,11,540,393,933
2016-08-07,12,534,439,973
2016-08-07,13,542,438,980
2016-08-07,14,538,439,977
2016-08-07,15,521,464,985
2016-08-07,16,554,450,1004
2016-08-07,17,503,397,900
2016-08-07,18,472,342,814
2016-08-07,19,415,343,758
2016-08-07,20,342,237,579
2016-08-07,21,235,171,406
2016-08-07,22,151,94,245
2016-08-07,23,80,53,133
2016-08-08,0,35,30,65
2016-08-08,1,11,11,22
2016-08-08,2,6,4,10
2016-08-08,3,3,3,6
2016-08-08,4,14,2,16
2016-08-08,5,85,4,89
2016-08-08,6,310,20,330
2016-08-08,7,824,44,868
2016-08-08,8,1061,70,1131
2016-08-08,9,433,121,554
2016-08-08,10,220,165,385
2016-08-08,11,221,199,420
2016-08-08,12,308,197,505
2016-08-08,13,272,179,451
2016-08-08,14,283,183,466
2016-08-08,15,314,192,506
2016-08-08,16,634,214,848
2016-08-08,17,1364,262,1626
2016-08-08,18,1060,250,1310
2016-08-08,19,714,203,917
2016-08-08,20,498,128,626
2016-08-08,21,299,112,411
2016-08-08,22,179,79,258
2016-08-08,23,70,36,106
2016-08-09,0,34,11,45
2016-08-09,1,20,10,30
2016-08-09,2,3,3,6
2016-08-09,3,0,2,2
2016-08-09,4,11,0,11
2016-08-09,5,97,6,103
2016-08-09,6,330,31,361
2016-08-09,7,918,48,966
2016-08-09,8,1236,66,1302
2016-08-09,9,491,114,605
2016-08-09,10,221,133,354
2016-08-09,11,254,184,438
2016-08-09,12,349,200,549
2016-08-09,13,362,170,532
2016-08-09,14,239,215,454
2016-08-09,15,365,198,563
2016-08-09,16,669,219,888
2016-08-09,17,1379,238,1617
2016-08-09,18,1102,199,1301
2016-08-09,19,655,164,819
2016-08-09,20,488,113,601
2016-08-09,21,304,104,408
2016-08-09,22,225,91,316
2016-08-09,23,110,43,153
2016-08-10,0,39,24,63
2016-08-10,1,17,14,31
2016-08-10,2,0,5,5
2016-08-10,3,4,0,4
2016-08-10,4,12,2,14
2016-08-10,5,109,16,125
2016-08-10,6,305,26,331
2016-08-10,7,903,42,945
2016-08-10,8,1184,51,1235
2016-08-10,9,480,78,558
2016-08-10,10,245,144,389
2016-08-10,11,234,167,401
2016-08-10,12,313,128,441
2016-08-10,13,346,128,474
2016-08-10,14,301,192,493
2016-08-10,15,387,194,581
2016-08-10,16,646,170,816
2016-08-10,17,1263,205,1468
2016-08-10,18,1124,229,1353
2016-08-10,19,739,213,952
2016-08-10,20,535,135,670
2016-08-10,21,323,111,434
2016-08-10,22,215,80,295
2016-08-10,23,142,38,180
2016-08-11,0,53,19,72
2016-08-11,1,16,7,23
2016-08-11,2,7,14,21
2016-08-11,3,4,4,8
2016-08-11,4,10,0,10
2016-08-11,5,92,3,95
2016-08-11,6,323,21,344
2016-08-11,7,813,47,860
2016-08-11,8,1098,79,1177
2016-08-11,9,488,123,611
2016-08-11,10,218,150,368
2016-08-11,11,241,180,421
2016-08-11,12,312,155,467
2016-08-11,13,289,135,424
2016-08-11,14,219,145,364
2016-08-11,15,322,145,467
2016-08-11,16,526,204,730
2016-08-11,17,1188,186,1374
2016-08-11,18,974,217,1191
2016-08-11,19,672,201,873
2016-08-11,20,454,171,625
2016-08-11,21,296,142,438
2016-08-11,22,219,105,324
2016-08-11,23,136,43,179
2016-08-12,0,58,20,78
2016-08-12,1,28,10,38
2016-08-12,2,21,4,25
2016-08-12,3,8,4,12
2016-08-12,4,10,2,12
2016-08-12,5,79,4,83
2016-08-12,6,286,28,314
2016-08-12,7,697,38,735
2016-08-12,8,999,76,1075
2016-08-12,9,455,141,596
2016-08-12,10,227,137,364
2016-08-12,11,270,190,460
2016-08-12,12,301,176,477
2016-08-12,13,346,175,521
2016-08-12,14,301,177,478
2016-08-12,15,379,196,575
2016-08-12,16,583,186,769
2016-08-12,17,933,214,1147
2016-08-12,18,714,205,919
2016-08-12,19,542,180,722
2016-08-12,20,330,177,507
2016-08-12,21,258,115,373
2016-08-12,22,240,104,344
2016-08-12,23,161,68,229
2016-08-13,0,113,33,146
2016-08-13,1,57,21,78
2016-08-13,2,55,15,70
2016-08-13,3,23,11,34
2016-08-13,4,12,0,12
2016-08-13,5,17,0,17
2016-08-13,6,61,0,61
2016-08-13,7,118,32,150
2016-08-13,8,246,92,338
2016-08-13,9,344,148,492
2016-08-13,10,360,218,578
2016-08-13,11,421,252,673
2016-08-13,12,423,287,710
2016-08-13,13,371,281,652
2016-08-13,14,340,273,613
2016-08-13,15,334,237,571
2016-08-13,16,335,278,613
2016-08-13,17,277,261,538
2016-08-13,18,327,204,531
2016-08-13,19,299,235,534
2016-08-13,20,273,172,445
2016-08-13,21,188,141,329
2016-08-13,22,190,124,314
2016-08-13,23,133,85,218
2016-08-14,0,125,56,181
2016-08-14,1,82,17,99
2016-08-14,2,51,14,65
2016-08-14,3,29,11,40
2016-08-14,4,15,9,24
2016-08-14,5,4,5,9
2016-08-14,6,41,11,52
2016-08-14,7,75,27,102
2016-08-14,8,157,57,214
2016-08-14,9,254,111,365
2016-08-14,10,361,193,554
2016-08-14,11,411,269,680
2016-08-14,12,375,233,608
2016-08-14,13,409,221,630
2016-08-14,14,348,229,577
2016-08-14,15,349,229,578
2016-08-14,16,385,171,556
2016-08-14,17,334,191,525
2016-08-14,18,332,179,511
2016-08-14,19,289,154,443
2016-08-14,20,194,139,333
2016-08-14,21,153,92,245
2016-08-14,22,123,78,201
2016-08-14,23,80,36,116
2016-08-15,0,25,39,64
2016-08-15,1,9,14,23
2016-08-15,2,7,12,19
2016-08-15,3,8,9,17
2016-08-15,4,15,6,21
2016-08-15,5,75,4,79
2016-08-15,6,293,25,318
2016-08-15,7,759,43,802
2016-08-15,8,1037,71,1108
2016-08-15,9,433,94,527
2016-08-15,10,206,151,357
2016-08-15,11,171,154,325
2016-08-15,12,274,139,413
2016-08-15,13,263,123,386
2016-08-15,14,219,148,367
2016-08-15,15,283,131,414
2016-08-15,16,574,160,734
2016-08-15,17,1188,203,1391
2016-08-15,18,812,118,930
2016-08-15,19,526,80,606
2016-08-15,20,184,31,215
2016-08-15,21,47,3,50
2016-08-15,22,36,6,42
2016-08-15,23,30,2,32
2016-08-16,0,27,3,30
2016-08-16,1,11,4,15
2016-08-16,2,4,3,7
2016-08-16,3,6,0,6
2016-08-16,4,8,2,10
2016-08-16,5,91,7,98
2016-08-16,6,329,21,350
2016-08-16,7,870,43,913
2016-08-16,8,1105,81,1186
2016-08-16,9,428,91,519
2016-08-16,10,251,104,355
2016-08-16,11,253,128,381
2016-08-16,12,280,123,403
2016-08-16,13,258,129,387
2016-08-16,14,245,127,372
2016-08-16,15,294,122,416
2016-08-16,16,593,148,741
2016-08-16,17,1262,184,1446
2016-08-16,18,1093,165,1258
2016-08-16,19,738,199,937
2016-08-16,20,511,144,655
2016-08-16,21,312,117,429
2016-08-16,22,211,65,276
2016-08-16,23,77,49,126
2016-08-17,0,47,39,86
2016-08-17,1,16,13,29
2016-08-17,2,5,1,6
2016-08-17,3,3,3,6
2016-08-17,4,17,5,22
2016-08-17,5,89,5,94
2016-08-17,6,380,15,395
2016-08-17,7,832,27,859
2016-08-17,8,1178,48,1226
2016-08-17,9,467,75,542
2016-08-17,10,202,104,306
2016-08-17,11,223,144,367
2016-08-17,12,300,109,409
2016-08-17,13,253,124,377
2016-08-17,14,234,166,400
2016-08-17,15,310,133,443
2016-08-17,16,615,173,788
2016-08-17,17,1272,245,1517
2016-08-17,18,1111,196,1307
2016-08-17,19,751,185,936
2016-08-17,20,472,124,596
2016-08-17,21,118,22,140
2016-08-17,22,60,10,70
2016-08-17,23,56,11,67
2016-08-18,0,29,11,40
2016-08-18,1,12,2,14
2016-08-18,2,11,5,16
2016-08-18,3,3,6,9
2016-08-18,4,16,8,24
2016-08-18,5,79,4,83
2016-08-18,6,304,17,321
2016-08-18,7,817,42,859
2016-08-18,8,1130,95,1225
2016-08-18,9,535,93,628
2016-08-18,10,223,147,370
2016-08-18,11,253,167,420
2016-08-18,12,339,179,518
2016-08-18,13,313,114,427
2016-08-18,14,258,180,438
2016-08-18,15,354,149,503
2016-08-18,16,630,176,806
2016-08-18,17,1258,206,1464
2016-08-18,18,1087,211,1298
2016-08-18,19,641,178,819
2016-08-18,20,529,137,666
2016-08-18,21,287,113,400
2016-08-18,22,207,80,287
2016-08-18,23,126,60,186
2016-08-19,0,66,37,103
2016-08-19,1,23,12,35
2016-08-19,2,16,8,24
2016-08-19,3,7,2,9
2016-08-19,4,16,2,18
2016-08-19,5,89,2,91
2016-08-19,6,274,17,291
2016-08-19,7,716,30,746
2016-08-19,8,1037,83,1120
2016-08-19,9,498,94,592
2016-08-19,10,261,152,413
2016-08-19,11,325,191,516
2016-08-19,12,413,165,578
2016-08-19,13,400,180,580
2016-08-19,14,351,213,564
2016-08-19,15,456,178,634
2016-08-19,16,709,232,941
2016-08-19,17,1023,207,1230
2016-08-19,18,795,220,1015
2016-08-19,19,608,171,779
2016-08-19,20,426,157,583
2016-08-19,21,283,129,412
2016-08-19,22,268,113,381
2016-08-19,23,186,74,260
2016-08-20,0,110,49,159
2016-08-20,1,64,21,85
2016-08-20,2,55,8,63
2016-08-20,3,32,9,41
2016-08-20,4,16,2,18
2016-08-20,5,14,6,20
2016-08-20,6,64,14,78
2016-08-20,7,109,40,149
2016-08-20,8,274,101,375
2016-08-20,9,394,167,561
2016-08-20,10,474,306,780
2016-08-20,11,473,370,843
2016-08-20,12,536,387,923
2016-08-20,13,488,413,901
2016-08-20,14,460,466,926
2016-08-20,15,470,463,933
2016-08-20,16,469,421,890
2016-08-20,17,421,321,742
2016-08-20,18,461,315,776
2016-08-20,19,412,324,736
2016-08-20,20,297,219,516
2016-08-20,21,249,209,458
2016-08-20,22,160,157,317
2016-08-20,23,157,87,244
2016-08-21,0,122,69,191
2016-08-21,1,99,42,141
2016-08-21,2,72,27,99
2016-08-21,3,35,9,44
2016-08-21,4,16,9,25
2016-08-21,5,14,9,23
2016-08-21,6,33,11,44
2016-08-21,7,81,24,105
2016-08-21,8,146,85,231
2016-08-21,9,295,173,468
2016-08-21,10,380,251,631
2016-08-21,11,426,341,767
2016-08-21,12,473,311,784
2016-08-21,13,439,319,758
2016-08-21,14,330,199,529
2016-08-21,15,102,58,160
2016-08-21,16,125,68,193
2016-08-21,17,332,151,483
2016-08-21,18,347,171,518
2016-08-21,19,205,99,304
2016-08-21,20,202,68,270
2016-08-21,21,147,95,242
2016-08-21,22,99,57,156
2016-08-21,23,66,20,86
2016-08-22,0,33,23,56
2016-08-22,1,15,3,18
2016-08-22,2,5,4,9
2016-08-22,3,3,2,5
2016-08-22,4,15,3,18
2016-08-22,5,90,8,98
2016-08-22,6,311,14,325
2016-08-22,7,867,36,903
2016-08-22,8,1027,88,1115
2016-08-22,9,398,77,475
2016-08-22,10,211,136,347
2016-08-22,11,218,191,409
2016-08-22,12,311,172,483
2016-08-22,13,278,189,467
2016-08-22,14,257,178,435
2016-08-22,15,351,190,541
2016-08-22,16,681,216,897
2016-08-22,17,1394,244,1638
2016-08-22,18,1255,246,1501
2016-08-22,19,801,225,1026
2016-08-22,20,547,191,738
2016-08-22,21,346,91,437
2016-08-22,22,182,80,262
2016-08-22,23,89,57,146
2016-08-23,0,42,7,49
2016-08-23,1,13,5,18
2016-08-23,2,11,2,13
2016-08-23,3,2,2,4
2016-08-23,4,8,3,11
2016-08-23,5,113,7,120
2016-08-23,6,366,19,385
2016-08-23,7,972,42,1014
2016-08-23,8,1225,86,1311
2016-08-23,9,517,81,598
2016-08-23,10,230,129,359
2016-08-23,11,292,171,463
2016-08-23,12,342,204,546
2016-08-23,13,333,181,514
2016-08-23,14,303,166,469
2016-08-23,15,376,164,540
2016-08-23,16,740,199,939
2016-08-23,17,1456,227,1683
2016-08-23,18,1209,209,1418
2016-08-23,19,818,209,1027
2016-08-23,20,559,157,716
2016-08-23,21,350,86,436
2016-08-23,22,221,47,268
2016-08-23,23,111,30,141
2016-08-24,0,47,15,62
2016-08-24,1,20,11,31
2016-08-24,2,9,4,13
2016-08-24,3,2,7,9
2016-08-24,4,8,1,9
2016-08-24,5,119,9,128
2016-08-24,6,396,27,423
2016-08-24,7,954,52,1006
2016-08-24,8,1161,70,1231
2016-08-24,9,496,82,578
2016-08-24,10,250,151,401
2016-08-24,11,249,125,374
2016-08-24,12,403,194,597
2016-08-24,13,314,180,494
2016-08-24,14,313,178,491
2016-08-24,15,337,192,529
2016-08-24,16,666,184,850
2016-08-24,17,1440,198,1638
2016-08-24,18,1172,195,1367
2016-08-24,19,790,194,984
2016-08-24,20,476,100,576
2016-08-24,21,360,95,455
2016-08-24,22,287,55,342
2016-08-24,23,129,36,165
2016-08-25,0,48,21,69
2016-08-25,1,27,3,30
2016-08-25,2,10,9,19
2016-08-25,3,8,2,10
2016-08-25,4,7,3,10
2016-08-25,5,108,3,111
2016-08-25,6,333,18,351
2016-08-25,7,936,44,980
2016-08-25,8,1190,59,1249
2016-08-25,9,455,84,539
2016-08-25,10,275,143,418
2016-08-25,11,282,186,468
2016-08-25,12,333,176,509
2016-08-25,13,344,170,514
2016-08-25,14,295,183,478
2016-08-25,15,387,193,580
2016-08-25,16,662,207,869
2016-08-25,17,1283,240,1523
2016-08-25,18,1112,181,1293
2016-08-25,19,717,168,885
2016-08-25,20,506,148,654
2016-08-25,21,385,73,458
2016-08-25,22,260,79,339
2016-08-25,23,134,34,168
2016-08-26,0,56,22,78
2016-08-26,1,29,8,37
2016-08-26,2,19,7,26
2016-08-26,3,5,4,9
2016-08-26,4,15,1,16
2016-08-26,5,82,10,92
2016-08-26,6,266,16,282
2016-08-26,7,727,41,768
2016-08-26,8,1065,60,1125
2016-08-26,9,498,113,611
2016-08-26,10,262,154,416
2016-08-26,11,257,146,403
2016-08-26,12,374,161,535
2016-08-26,13,346,163,509
2016-08-26,14,319,173,492
2016-08-26,15,423,165,588
2016-08-26,16,734,188,922
2016-08-26,17,1049,222,1271
2016-08-26,18,809,189,998
2016-08-26,19,538,160,698
2016-08-26,20,365,134,499
2016-08-26,21,260,113,373
2016-08-26,22,220,84,304
2016-08-26,23,191,53,244
2016-08-27,0,145,54,199
2016-08-27,1,75,17,92
2016-08-27,2,57,12,69
2016-08-27,3,27,5,32
2016-08-27,4,14,5,19
2016-08-27,5,18,12,30
2016-08-27,6,58,12,70
2016-08-27,7,131,27,158
2016-08-27,8,277,76,353
2016-08-27,9,368,158,526
2016-08-27,10,509,296,805
2016-08-27,11,529,330,859
2016-08-27,12,506,361,867
2016-08-27,13,501,384,885
2016-08-27,14,461,327,788
2016-08-27,15,443,363,806
2016-08-27,16,458,369,827
2016-08-27,17,424,377,801
2016-08-27,18,443,370,813
2016-08-27,19,389,300,689
2016-08-27,20,280,238,518
2016-08-27,21,272,161,433
2016-08-27,22,206,112,318
2016-08-27,23,159,81,240
2016-08-28,0,106,38,144
2016-08-28,1,83,35,118
2016-08-28,2,59,28,87
2016-08-28,3,26,11,37
2016-08-28,4,9,11,20
2016-08-28,5,5,6,11
2016-08-28,6,34,9,43
2016-08-28,7,96,43,139
2016-08-28,8,182,92,274
2016-08-28,9,301,141,442
2016-08-28,10,400,308,708
2016-08-28,11,479,297,776
2016-08-28,12,558,357,915
2016-08-28,13,521,359,880
2016-08-28,14,481,363,844
2016-08-28,15,487,332,819
2016-08-28,16,540,291,831
2016-08-28,17,534,288,822
2016-08-28,18,574,274,848
2016-08-28,19,396,215,611
2016-08-28,20,312,170,482
2016-08-28,21,215,122,337
2016-08-28,22,153,75,228
2016-08-28,23,77,35,112
2016-08-29,0,48,23,71
2016-08-29,1,11,14,25
2016-08-29,2,8,5,13
2016-08-29,3,3,2,5
2016-08-29,4,12,1,13
2016-08-29,5,88,4,92
2016-08-29,6,336,13,349
2016-08-29,7,896,40,936
2016-08-29,8,1069,70,1139
2016-08-29,9,411,107,518
2016-08-29,10,213,114,327
2016-08-29,11,242,128,370
2016-08-29,12,305,181,486
2016-08-29,13,304,140,444
2016-08-29,14,247,158,405
2016-08-29,15,292,143,435
2016-08-29,16,637,158,795
2016-08-29,17,1385,171,1556
2016-08-29,18,1085,153,1238
2016-08-29,19,742,163,905
2016-08-29,20,471,98,569
2016-08-29,21,311,77,388
2016-08-29,22,178,63,241
2016-08-29,23,83,30,113
2016-08-30,0,37,13,50
2016-08-30,1,15,7,22
2016-08-30,2,1,4,5
2016-08-30,3,6,0,6
2016-08-30,4,20,0,20
2016-08-30,5,104,3,107
2016-08-30,6,376,17,393
2016-08-30,7,972,57,1029
2016-08-30,8,1240,62,1302
2016-08-30,9,510,74,584
2016-08-30,10,251,107,358
2016-08-30,11,273,136,409
2016-08-30,12,324,129,453
2016-08-30,13,311,134,445
2016-08-30,14,269,151,420
2016-08-30,15,355,112,467
2016-08-30,16,683,147,830
2016-08-30,17,1402,190,1592
2016-08-30,18,1203,177,1380
2016-08-30,19,813,156,969
2016-08-30,20,512,101,613
2016-08-30,21,348,77,425
2016-08-30,22,190,40,230
2016-08-30,23,87,20,107
2016-08-31,0,39,8,47
2016-08-31,1,16,4,20
2016-08-31,2,6,3,9
2016-08-31,3,5,1,6
2016-08-31,4,19,3,22
2016-08-31,5,112,9,121
2016-08-31,6,391,19,410
2016-08-31,7,985,53,1038
2016-08-31,8,1196,54,1250
2016-08-31,9,449,73,522
2016-08-31,10,237,85,322
2016-08-31,11,258,94,352
2016-08-31,12,348,110,458
2016-08-31,13,342,99,441
2016-08-31,14,273,93,366
2016-08-31,15,350,103,453
2016-08-31,16,621,128,749
2016-08-31,17,1402,160,1562
2016-08-31,18,1153,133,1286
2016-08-31,19,725,105,830
2016-08-31,20,527,80,607
2016-08-31,21,319,63,382
2016-08-31,22,188,54,242
2016-08-31,23,99,19,118
2016-09-01,0,38,13,51
2016-09-01,1,5,4,9
2016-09-01,2,5,1,6
2016-09-01,3,6,1,7
2016-09-01,4,10,2,12
2016-09-01,5,95,2,97
2016-09-01,6,371,24,395
2016-09-01,7,505,25,530
2016-09-01,8,962,40,1002
2016-09-01,9,313,55,368
2016-09-01,10,223,46,269
2016-09-01,11,242,90,332
2016-09-01,12,316,65,381
2016-09-01,13,309,117,426
2016-09-01,14,331,127,458
2016-09-01,15,405,190,595
2016-09-01,16,697,170,867
2016-09-01,17,1326,194,1520
2016-09-01,18,996,154,1150
2016-09-01,19,405,87,492
2016-09-01,20,378,39,417
2016-09-01,21,247,46,293
2016-09-01,22,166,32,198
2016-09-01,23,102,21,123
2016-09-02,0,149,38,187
2016-09-02,1,40,15,55
2016-09-02,2,26,3,29
2016-09-02,3,7,2,9
2016-09-02,4,13,2,15
2016-09-02,5,80,7,87
2016-09-02,6,218,16,234
2016-09-02,7,705,43,748
2016-09-02,8,1062,77,1139
2016-09-02,9,524,104,628
2016-09-02,10,242,165,407
2016-09-02,11,342,220,562
2016-09-02,12,475,199,674
2016-09-02,13,501,268,769
2016-09-02,14,571,245,816
2016-09-02,15,724,270,994
2016-09-02,16,758,276,1034
2016-09-02,17,929,326,1255
2016-09-02,18,728,243,971
2016-09-02,19,492,192,684
2016-09-02,20,375,166,541
2016-09-02,21,251,138,389
2016-09-02,22,187,92,279
2016-09-02,23,142,67,209
2016-09-03,0,88,34,122
2016-09-03,1,56,22,78
2016-09-03,2,45,29,74
2016-09-03,3,25,11,36
2016-09-03,4,15,3,18
2016-09-03,5,17,5,22
2016-09-03,6,39,14,53
2016-09-03,7,97,27,124
2016-09-03,8,206,37,243
2016-09-03,9,311,141,452
2016-09-03,10,367,219,586
2016-09-03,11,444,315,759
2016-09-03,12,462,450,912
2016-09-03,13,459,480,939
2016-09-03,14,386,576,962
2016-09-03,15,364,570,934
2016-09-03,16,396,544,940
2016-09-03,17,404,540,944
2016-09-03,18,369,425,794
2016-09-03,19,375,339,714
2016-09-03,20,270,265,535
2016-09-03,21,176,163,339
2016-09-03,22,141,128,269
2016-09-03,23,111,67,178
2016-09-04,0,64,67,131
2016-09-04,1,66,43,109
2016-09-04,2,32,31,63
2016-09-04,3,16,23,39
2016-09-04,4,13,6,19
2016-09-04,5,13,5,18
2016-09-04,6,28,10,38
2016-09-04,7,72,25,97
2016-09-04,8,139,73,212
2016-09-04,9,252,200,452
2016-09-04,10,332,373,705
2016-09-04,11,400,541,941
2016-09-04,12,455,641,1096
2016-09-04,13,435,686,1121
2016-09-04,14,420,762,1182
2016-09-04,15,416,678,1094
2016-09-04,16,419,712,1131
2016-09-04,17,406,689,1095
2016-09-04,18,369,575,944
2016-09-04,19,430,401,831
2016-09-04,20,244,259,503
2016-09-04,21,218,225,443
2016-09-04,22,132,164,296
2016-09-04,23,123,107,230
2016-09-05,0,70,99,169
2016-09-05,1,49,27,76
2016-09-05,2,32,25,57
2016-09-05,3,7,9,16
2016-09-05,4,6,0,6
2016-09-05,5,23,9,32
2016-09-05,6,28,15,43
2016-09-05,7,93,26,119
2016-09-05,8,166,104,270
2016-09-05,9,273,216,489
2016-09-05,10,375,355,730
2016-09-05,11,497,468,965
2016-09-05,12,551,472,1023
2016-09-05,13,550,501,1051
2016-09-05,14,578,490,1068
2016-09-05,15,518,390,908
2016-09-05,16,493,377,870
2016-09-05,17,473,382,855
2016-09-05,18,487,342,829
2016-09-05,19,406,262,668
2016-09-05,20,261,164,425
2016-09-05,21,172,102,274
2016-09-05,22,108,71,179
2016-09-05,23,59,39,98
2016-09-06,0,30,13,43
2016-09-06,1,11,9,20
2016-09-06,2,7,0,7
2016-09-06,3,3,2,5
2016-09-06,4,18,8,26
2016-09-06,5,110,9,119
2016-09-06,6,349,11,360
2016-09-06,7,886,46,932
2016-09-06,8,1022,48,1070
2016-09-06,9,413,62,475
2016-09-06,10,202,135,337
2016-09-06,11,218,136,354
2016-09-06,12,299,154,453
2016-09-06,13,327,187,514
2016-09-06,14,263,153,416
2016-09-06,15,358,151,509
2016-09-06,16,659,169,828
2016-09-06,17,1433,208,1641
2016-09-06,18,1216,201,1417
2016-09-06,19,770,164,934
2016-09-06,20,459,95,554
2016-09-06,21,316,67,383
2016-09-06,22,201,38,239
2016-09-06,23,96,20,116
2016-09-07,0,31,16,47
2016-09-07,1,18,6,24
2016-09-07,2,12,2,14
2016-09-07,3,7,1,8
2016-09-07,4,16,0,16
2016-09-07,5,132,8,140
2016-09-07,6,403,16,419
2016-09-07,7,1029,47,1076
2016-09-07,8,1200,59,1259
2016-09-07,9,478,89,567
2016-09-07,10,219,99,318
2016-09-07,11,266,136,402
2016-09-07,12,355,135,490
2016-09-07,13,325,115,440
2016-09-07,14,282,120,402
2016-09-07,15,358,113,471
2016-09-07,16,665,135,800
2016-09-07,17,939,130,1069
2016-09-07,18,1004,140,1144
2016-09-07,19,751,90,841
2016-09-07,20,346,54,400
2016-09-07,21,278,40,318
2016-09-07,22,218,27,245
2016-09-07,23,94,24,118
2016-09-08,0,56,10,66
2016-09-08,1,16,12,28
2016-09-08,2,9,3,12
2016-09-08,3,10,0,10
2016-09-08,4,9,1,10
2016-09-08,5,108,7,115
2016-09-08,6,382,18,400
2016-09-08,7,1013,46,1059
2016-09-08,8,1040,59,1099
2016-09-08,9,450,70,520
2016-09-08,10,220,107,327
2016-09-08,11,256,121,377
2016-09-08,12,338,110,448
2016-09-08,13,280,118,398
2016-09-08,14,223,101,324
2016-09-08,15,365,103,468
2016-09-08,16,634,116,750
2016-09-08,17,1253,151,1404
2016-09-08,18,1120,147,1267
2016-09-08,19,793,125,918
2016-09-08,20,476,94,570
2016-09-08,21,326,57,383
2016-09-08,22,250,57,307
2016-09-08,23,164,46,210
2016-09-09,0,92,17,109
2016-09-09,1,28,16,44
2016-09-09,2,12,8,20
2016-09-09,3,12,2,14
2016-09-09,4,13,0,13
2016-09-09,5,96,7,103
2016-09-09,6,300,16,316
2016-09-09,7,905,49,954
2016-09-09,8,1092,94,1186
2016-09-09,9,420,67,487
2016-09-09,10,236,111,347
2016-09-09,11,281,140,421
2016-09-09,12,334,114,448
2016-09-09,13,353,147,500
2016-09-09,14,299,150,449
2016-09-09,15,421,137,558
2016-09-09,16,693,151,844
2016-09-09,17,1180,209,1389
2016-09-09,18,937,156,1093
2016-09-09,19,586,120,706
2016-09-09,20,374,111,485
2016-09-09,21,296,85,381
2016-09-09,22,244,71,315
2016-09-09,23,185,48,233
2016-09-10,0,127,25,152
2016-09-10,1,97,20,117
2016-09-10,2,59,11,70
2016-09-10,3,20,5,25
2016-09-10,4,19,3,22
2016-09-10,5,18,2,20
2016-09-10,6,52,7,59
2016-09-10,7,141,24,165
2016-09-10,8,286,73,359
2016-09-10,9,433,155,588
2016-09-10,10,508,182,690
2016-09-10,11,569,257,826
2016-09-10,12,531,317,848
2016-09-10,13,500,321,821
2016-09-10,14,455,306,761
2016-09-10,15,457,297,754
2016-09-10,16,435,317,752
2016-09-10,17,446,298,744
2016-09-10,18,425,285,710
2016-09-10,19,377,190,567
2016-09-10,20,281,146,427
2016-09-10,21,249,109,358
2016-09-10,22,202,110,312
2016-09-10,23,161,68,229
2016-09-11,0,121,46,167
2016-09-11,1,64,41,105
2016-09-11,2,63,23,86
2016-09-11,3,31,22,53
2016-09-11,4,18,4,22
2016-09-11,5,32,13,45
2016-09-11,6,65,24,89
2016-09-11,7,94,42,136
2016-09-11,8,237,107,344
2016-09-11,9,373,152,525
2016-09-11,10,528,229,757
2016-09-11,11,529,330,859
2016-09-11,12,632,334,966
2016-09-11,13,565,345,910
2016-09-11,14,571,368,939
2016-09-11,15,586,352,938
2016-09-11,16,584,369,953
2016-09-11,17,566,411,977
2016-09-11,18,532,317,849
2016-09-11,19,495,261,756
2016-09-11,20,281,151,432
2016-09-11,21,193,147,340
2016-09-11,22,136,85,221
2016-09-11,23,72,44,116
2016-09-12,0,29,21,50
2016-09-12,1,20,6,26
2016-09-12,2,9,6,15
2016-09-12,3,7,1,8
2016-09-12,4,11,1,12
2016-09-12,5,104,5,109
2016-09-12,6,362,20,382
2016-09-12,7,949,63,1012
2016-09-12,8,998,87,1085
2016-09-12,9,461,91,552
2016-09-12,10,226,156,382
2016-09-12,11,254,128,382
2016-09-12,12,318,178,496
2016-09-12,13,320,155,475
2016-09-12,14,300,189,489
2016-09-12,15,407,154,561
2016-09-12,16,698,169,867
2016-09-12,17,1424,214,1638
2016-09-12,18,1265,239,1504
2016-09-12,19,763,125,888
2016-09-12,20,431,116,547
2016-09-12,21,323,76,399
2016-09-12,22,239,55,294
2016-09-12,23,109,29,138
2016-09-13,0,31,11,42
2016-09-13,1,10,5,15
2016-09-13,2,6,0,6
2016-09-13,3,3,0,3
2016-09-13,4,12,0,12
2016-09-13,5,124,3,127
2016-09-13,6,383,22,405
2016-09-13,7,1074,62,1136
2016-09-13,8,1171,79,1250
2016-09-13,9,454,84,538
2016-09-13,10,243,113,356
2016-09-13,11,244,120,364
2016-09-13,12,354,138,492
2016-09-13,13,344,141,485
2016-09-13,14,287,165,452
2016-09-13,15,418,131,549
2016-09-13,16,710,199,909
2016-09-13,17,1416,262,1678
2016-09-13,18,1285,206,1491
2016-09-13,19,791,123,914
2016-09-13,20,494,88,582
2016-09-13,21,416,81,497
2016-09-13,22,306,58,364
2016-09-13,23,119,19,138
2016-09-14,0,46,21,67
2016-09-14,1,18,5,23
2016-09-14,2,6,4,10
2016-09-14,3,5,4,9
2016-09-14,4,17,3,20
2016-09-14,5,105,8,113
2016-09-14,6,399,35,434
2016-09-14,7,1079,69,1148
2016-09-14,8,1184,64,1248
2016-09-14,9,427,80,507
2016-09-14,10,190,116,306
2016-09-14,11,267,99,366
2016-09-14,12,373,146,519
2016-09-14,13,336,96,432
2016-09-14,14,314,115,429
2016-09-14,15,418,124,542
2016-09-14,16,678,167,845
2016-09-14,17,1388,177,1565
2016-09-14,18,1226,178,1404
2016-09-14,19,857,159,1016
2016-09-14,20,541,92,633
2016-09-14,21,364,82,446
2016-09-14,22,251,46,297
2016-09-14,23,125,21,146
2016-09-15,0,45,12,57
2016-09-15,1,22,12,34
2016-09-15,2,5,9,14
2016-09-15,3,5,2,7
2016-09-15,4,15,1,16
2016-09-15,5,115,6,121
2016-09-15,6,358,26,384
2016-09-15,7,1018,56,1074
2016-09-15,8,1328,75,1403
2016-09-15,9,514,92,606
2016-09-15,10,272,96,368
2016-09-15,11,292,133,425
2016-09-15,12,412,121,533
2016-09-15,13,343,132,475
2016-09-15,14,344,162,506
2016-09-15,15,457,182,639
2016-09-15,16,791,248,1039
2016-09-15,17,1405,237,1642
2016-09-15,18,1239,237,1476
2016-09-15,19,781,135,916
2016-09-15,20,537,99,636
2016-09-15,21,379,77,456
2016-09-15,22,218,53,271
2016-09-15,23,146,29,175
2016-09-16,0,58,24,82
2016-09-16,1,28,10,38
2016-09-16,2,20,18,38
2016-09-16,3,7,10,17
2016-09-16,4,13,3,16
2016-09-16,5,100,6,106
2016-09-16,6,302,16,318
2016-09-16,7,917,47,964
2016-09-16,8,1178,80,1258
2016-09-16,9,491,68,559
2016-09-16,10,314,108,422
2016-09-16,11,345,201,546
2016-09-16,12,420,208,628
2016-09-16,13,409,227,636
2016-09-16,14,405,234,639
2016-09-16,15,493,268,761
2016-09-16,16,818,256,1074
2016-09-16,17,1366,308,1674
2016-09-16,18,981,241,1222
2016-09-16,19,622,165,787
2016-09-16,20,409,97,506
2016-09-16,21,290,85,375
2016-09-16,22,199,101,300
2016-09-16,23,184,61,245
2016-09-17,0,131,56,187
2016-09-17,1,77,47,124
2016-09-17,2,66,29,95
2016-09-17,3,28,27,55
2016-09-17,4,18,2,20
2016-09-17,5,21,4,25
2016-09-17,6,40,8,48
2016-09-17,7,144,46,190
2016-09-17,8,281,71,352
2016-09-17,9,455,184,639
2016-09-17,10,591,277,868
2016-09-17,11,656,385,1041
2016-09-17,12,653,452,1105
2016-09-17,13,640,461,1101
2016-09-17,14,569,438,1007
2016-09-17,15,570,473,1043
2016-09-17,16,505,500,1005
2016-09-17,17,526,463,989
2016-09-17,18,530,348,878
2016-09-17,19,497,235,732
2016-09-17,20,299,202,501
2016-09-17,21,244,151,395
2016-09-17,22,164,93,257
2016-09-17,23,156,89,245
2016-09-18,0,148,58,206
2016-09-18,1,94,59,153
2016-09-18,2,61,44,105
2016-09-18,3,43,10,53
2016-09-18,4,12,5,17
2016-09-18,5,28,13,41
2016-09-18,6,80,41,121
2016-09-18,7,103,32,135
2016-09-18,8,217,105,322
2016-09-18,9,362,160,522
2016-09-18,10,521,324,845
2016-09-18,11,561,380,941
2016-09-18,12,611,375,986
2016-09-18,13,590,415,1005
2016-09-18,14,557,411,968
2016-09-18,15,527,396,923
2016-09-18,16,499,317,816
2016-09-18,17,494,312,806
2016-09-18,18,531,316,847
2016-09-18,19,418,180,598
2016-09-18,20,267,113,380
2016-09-18,21,163,85,248
2016-09-18,22,125,72,197
2016-09-18,23,82,30,112
2016-09-19,0,34,14,48
2016-09-19,1,18,7,25
2016-09-19,2,1,7,8
2016-09-19,3,7,1,8
2016-09-19,4,13,1,14
2016-09-19,5,88,1,89
2016-09-19,6,256,8,264
2016-09-19,7,813,27,840
2016-09-19,8,1112,64,1176
2016-09-19,9,290,54,344
2016-09-19,10,58,24,82
2016-09-19,11,44,22,66
2016-09-19,12,51,13,64
2016-09-19,13,93,20,113
2016-09-19,14,75,18,93
2016-09-19,15,196,50,246
2016-09-19,16,528,99,627
2016-09-19,17,1191,117,1308
2016-09-19,18,1121,118,1239
2016-09-19,19,647,86,733
2016-09-19,20,388,78,466
2016-09-19,21,262,51,313
2016-09-19,22,150,51,201
2016-09-19,23,75,22,97
2016-09-20,0,44,6,50
2016-09-20,1,14,7,21
2016-09-20,2,6,2,8
2016-09-20,3,5,0,5
2016-09-20,4,12,0,12
2016-09-20,5,100,4,104
2016-09-20,6,376,15,391
2016-09-20,7,1014,29,1043
2016-09-20,8,1297,70,1367
2016-09-20,9,491,101,592
2016-09-20,10,247,124,371
2016-09-20,11,274,108,382
2016-09-20,12,375,165,540
2016-09-20,13,375,162,537
2016-09-20,14,300,152,452
2016-09-20,15,398,162,560
2016-09-20,16,735,140,875
2016-09-20,17,1446,202,1648
2016-09-20,18,1258,182,1440
2016-09-20,19,771,111,882
2016-09-20,20,508,72,580
2016-09-20,21,366,56,422
2016-09-20,22,214,41,255
2016-09-20,23,78,15,93
2016-09-21,0,34,8,42
2016-09-21,1,12,6,18
2016-09-21,2,5,3,8
2016-09-21,3,4,0,4
2016-09-21,4,13,2,15
2016-09-21,5,139,13,152
2016-09-21,6,377,27,404
2016-09-21,7,1011,49,1060
2016-09-21,8,1282,56,1338
2016-09-21,9,484,85,569
2016-09-21,10,262,80,342
2016-09-21,11,289,115,404
2016-09-21,12,384,132,516
2016-09-21,13,285,116,401
2016-09-21,14,339,137,476
2016-09-21,15,391,145,536
2016-09-21,16,732,142,874
2016-09-21,17,1406,193,1599
2016-09-21,18,1168,189,1357
2016-09-21,19,739,138,877
2016-09-21,20,536,106,642
2016-09-21,21,393,66,459
2016-09-21,22,215,37,252
2016-09-21,23,130,14,144
2016-09-22,0,36,7,43
2016-09-22,1,13,8,21
2016-09-22,2,14,2,16
2016-09-22,3,7,1,8
2016-09-22,4,13,0,13
2016-09-22,5,95,6,101
2016-09-22,6,367,9,376
2016-09-22,7,951,39,990
2016-09-22,8,1261,79,1340
2016-09-22,9,521,83,604
2016-09-22,10,274,101,375
2016-09-22,11,313,113,426
2016-09-22,12,379,145,524
2016-09-22,13,352,131,483
2016-09-22,14,318,154,472
2016-09-22,15,408,146,554
2016-09-22,16,741,174,915
2016-09-22,17,1412,240,1652
2016-09-22,18,1211,244,1455
2016-09-22,19,774,145,919
2016-09-22,20,473,96,569
2016-09-22,21,352,57,409
2016-09-22,22,245,35,280
2016-09-22,23,154,31,185
2016-09-23,0,59,21,80
2016-09-23,1,37,8,45
2016-09-23,2,17,6,23
2016-09-23,3,7,2,9
2016-09-23,4,18,2,20
2016-09-23,5,101,7,108
2016-09-23,6,323,20,343
2016-09-23,7,835,63,898
2016-09-23,8,1124,87,1211
2016-09-23,9,496,105,601
2016-09-23,10,272,128,400
2016-09-23,11,326,196,522
2016-09-23,12,414,170,584
2016-09-23,13,390,206,596
2016-09-23,14,373,214,587
2016-09-23,15,460,224,684
2016-09-23,16,804,249,1053
2016-09-23,17,1469,357,1826
2016-09-23,18,1087,259,1346
2016-09-23,19,651,159,810
2016-09-23,20,401,147,548
2016-09-23,21,283,140,423
2016-09-23,22,218,116,334
2016-09-23,23,190,101,291
2016-09-24,0,98,96,194
2016-09-24,1,79,24,103
2016-09-24,2,48,13,61
2016-09-24,3,31,6,37
2016-09-24,4,11,1,12
2016-09-24,5,17,5,22
2016-09-24,6,46,9,55
2016-09-24,7,155,37,192
2016-09-24,8,305,101,406
2016-09-24,9,485,216,701
2016-09-24,10,544,322,866
2016-09-24,11,610,346,956
2016-09-24,12,630,430,1060
2016-09-24,13,618,475,1093
2016-09-24,14,562,456,1018
2016-09-24,15,565,499,1064
2016-09-24,16,539,458,997
2016-09-24,17,565,446,1011
2016-09-24,18,551,411,962
2016-09-24,19,414,233,647
2016-09-24,20,314,211,525
2016-09-24,21,279,164,443
2016-09-24,22,259,139,398
2016-09-24,23,189,94,283
2016-09-25,0,145,60,205
2016-09-25,1,129,55,184
2016-09-25,2,67,33,100
2016-09-25,3,28,7,35
2016-09-25,4,9,13,22
2016-09-25,5,18,6,24
2016-09-25,6,20,13,33
2016-09-25,7,71,31,102
2016-09-25,8,179,96,275
2016-09-25,9,325,169,494
2016-09-25,10,475,289,764
2016-09-25,11,612,429,1041
2016-09-25,12,661,408,1069
2016-09-25,13,568,476,1044
2016-09-25,14,617,479,1096
2016-09-25,15,578,433,1011
2016-09-25,16,649,419,1068
2016-09-25,17,550,365,915
2016-09-25,18,513,346,859
2016-09-25,19,439,204,643
2016-09-25,20,243,136,379
2016-09-25,21,201,104,305
2016-09-25,22,113,70,183
2016-09-25,23,65,33,98
2016-09-26,0,24,20,44
2016-09-26,1,13,7,20
2016-09-26,2,11,2,13
2016-09-26,3,3,2,5
2016-09-26,4,15,5,20
2016-09-26,5,97,5,102
2016-09-26,6,357,16,373
2016-09-26,7,904,40,944
2016-09-26,8,999,68,1067
2016-09-26,9,450,94,544
2016-09-26,10,222,101,323
2016-09-26,11,256,126,382
2016-09-26,12,317,151,468
2016-09-26,13,308,152,460
2016-09-26,14,274,140,414
2016-09-26,15,373,169,542
2016-09-26,16,717,152,869
2016-09-26,17,1469,218,1687
2016-09-26,18,1087,131,1218
2016-09-26,19,660,105,765
2016-09-26,20,537,73,610
2016-09-26,21,114,24,138
2016-09-26,22,169,25,194
2016-09-26,23,232,18,250
2016-09-27,0,45,11,56
2016-09-27,1,16,5,21
2016-09-27,2,4,2,6
2016-09-27,3,1,0,1
2016-09-27,4,13,1,14
2016-09-27,5,54,1,55
2016-09-27,6,275,10,285
2016-09-27,7,800,34,834
2016-09-27,8,1243,67,1310
2016-09-27,9,513,51,564
2016-09-27,10,245,74,319
2016-09-27,11,284,87,371
2016-09-27,12,368,110,478
2016-09-27,13,351,124,475
2016-09-27,14,316,125,441
2016-09-27,15,422,162,584
2016-09-27,16,749,167,916
2016-09-27,17,1480,227,1707
2016-09-27,18,1266,215,1481
2016-09-27,19,808,127,935
2016-09-27,20,517,101,618
2016-09-27,21,370,82,452
2016-09-27,22,242,80,322
2016-09-27,23,92,20,112
2016-09-28,0,28,15,43
2016-09-28,1,13,6,19
2016-09-28,2,4,1,5
2016-09-28,3,4,1,5
2016-09-28,4,13,1,14
2016-09-28,5,107,5,112
2016-09-28,6,318,18,336
2016-09-28,7,679,26,705
2016-09-28,8,634,22,656
2016-09-28,9,464,45,509
2016-09-28,10,200,53,253
2016-09-28,11,180,78,258
2016-09-28,12,231,69,300
2016-09-28,13,199,59,258
2016-09-28,14,244,72,316
2016-09-28,15,285,74,359
2016-09-28,16,538,98,636
2016-09-28,17,795,90,885
2016-09-28,18,700,74,774
2016-09-28,19,494,60,554
2016-09-28,20,368,39,407
2016-09-28,21,140,24,164
2016-09-28,22,95,14,109
2016-09-28,23,48,2,50
2016-09-29,0,26,7,33
2016-09-29,1,7,8,15
2016-09-29,2,6,0,6
2016-09-29,3,1,0,1
2016-09-29,4,2,0,2
2016-09-29,5,27,0,27
2016-09-29,6,150,4,154
2016-09-29,7,214,7,221
2016-09-29,8,687,25,712
2016-09-29,9,434,32,466
2016-09-29,10,132,33,165
2016-09-29,11,157,28,185
2016-09-29,12,196,37,233
2016-09-29,13,147,38,185
2016-09-29,14,159,29,188
2016-09-29,15,199,36,235
2016-09-29,16,413,43,456
2016-09-29,17,904,58,962
2016-09-29,18,782,61,843
2016-09-29,19,310,28,338
2016-09-29,20,179,6,185
2016-09-29,21,112,6,118
2016-09-29,22,89,7,96
2016-09-29,23,58,2,60
2016-09-30,0,25,9,34
2016-09-30,1,10,0,10
2016-09-30,2,5,1,6
2016-09-30,3,6,0,6
2016-09-30,4,10,0,10
2016-09-30,5,81,8,89
2016-09-30,6,208,10,218
2016-09-30,7,617,24,641
2016-09-30,8,1006,40,1046
2016-09-30,9,482,49,531
2016-09-30,10,258,83,341
2016-09-30,11,304,65,369
2016-09-30,12,377,101,478
2016-09-30,13,372,95,467
2016-09-30,14,349,167,516
2016-09-30,15,418,118,536
2016-09-30,16,561,111,672
2016-09-30,17,802,112,914
2016-09-30,18,599,76,675
2016-09-30,19,223,22,245
2016-09-30,20,181,27,208
2016-09-30,21,155,33,188
2016-09-30,22,146,28,174
2016-09-30,23,115,37,152
2016-10-01,0,80,23,103
2016-10-01,1,53,10,63
2016-10-01,2,27,6,33
2016-10-01,3,20,3,23
2016-10-01,4,11,0,11
2016-10-01,5,14,1,15
2016-10-01,6,38,4,42
2016-10-01,7,104,11,115
2016-10-01,8,133,13,146
2016-10-01,9,145,29,174
2016-10-01,10,228,44,272
2016-10-01,11,353,124,477
2016-10-01,12,382,180,562
2016-10-01,13,286,130,416
2016-10-01,14,326,137,463
2016-10-01,15,424,201,625
2016-10-01,16,368,183,551
2016-10-01,17,431,201,632
2016-10-01,18,364,172,536
2016-10-01,19,351,98,449
2016-10-01,20,238,66,304
2016-10-01,21,194,54,248
2016-10-01,22,162,46,208
2016-10-01,23,115,46,161
2016-10-02,0,142,49,191
2016-10-02,1,77,25,102
2016-10-02,2,47,24,71
2016-10-02,3,23,13,36
2016-10-02,4,9,0,9
2016-10-02,5,4,1,5
2016-10-02,6,34,11,45
2016-10-02,7,68,25,93
2016-10-02,8,152,57,209
2016-10-02,9,297,109,406
2016-10-02,10,418,252,670
2016-10-02,11,490,301,791
2016-10-02,12,580,346,926
2016-10-02,13,560,332,892
2016-10-02,14,511,411,922
2016-10-02,15,531,417,948
2016-10-02,16,563,410,973
2016-10-02,17,557,341,898
2016-10-02,18,531,322,853
2016-10-02,19,396,192,588
2016-10-02,20,228,120,348
2016-10-02,21,145,64,209
2016-10-02,22,121,54,175
2016-10-02,23,50,34,84
2016-10-03,0,31,12,43
2016-10-03,1,14,2,16
2016-10-03,2,10,9,19
2016-10-03,3,7,0,7
2016-10-03,4,14,2,16
2016-10-03,5,89,3,92
2016-10-03,6,295,14,309
2016-10-03,7,812,43,855
2016-10-03,8,1080,71,1151
2016-10-03,9,505,94,599
2016-10-03,10,230,110,340
2016-10-03,11,270,173,443
2016-10-03,12,348,234,582
2016-10-03,13,350,206,556
2016-10-03,14,298,221,519
2016-10-03,15,405,202,607
2016-10-03,16,731,197,928
2016-10-03,17,1444,261,1705
2016-10-03,18,1215,233,1448
2016-10-03,19,749,120,869
2016-10-03,20,403,94,497
2016-10-03,21,305,44,349
2016-10-03,22,163,61,224
2016-10-03,23,88,39,127
2016-10-04,0,34,4,38
2016-10-04,1,12,5,17
2016-10-04,2,4,7,11
2016-10-04,3,5,1,6
2016-10-04,4,16,2,18
2016-10-04,5,95,5,100
2016-10-04,6,342,10,352
2016-10-04,7,975,43,1018
2016-10-04,8,1325,82,1407
2016-10-04,9,577,103,680
2016-10-04,10,235,147,382
2016-10-04,11,276,141,417
2016-10-04,12,389,170,559
2016-10-04,13,346,171,517
2016-10-04,14,320,209,529
2016-10-04,15,438,162,600
2016-10-04,16,748,194,942
2016-10-04,17,1486,229,1715
2016-10-04,18,1197,202,1399
2016-10-04,19,676,124,800
2016-10-04,20,484,79,563
2016-10-04,21,284,72,356
2016-10-04,22,196,46,242
2016-10-04,23,97,29,126
2016-10-05,0,35,9,44
2016-10-05,1,9,0,9
2016-10-05,2,10,3,13
2016-10-05,3,2,0,2
2016-10-05,4,16,0,16
2016-10-05,5,93,7,100
2016-10-05,6,349,18,367
2016-10-05,7,1035,43,1078
2016-10-05,8,1231,71,1302
2016-10-05,9,558,66,624
2016-10-05,10,253,106,359
2016-10-05,11,294,131,425
2016-10-05,12,384,109,493
2016-10-05,13,385,127,512
2016-10-05,14,333,136,469
2016-10-05,15,426,160,586
2016-10-05,16,809,170,979
2016-10-05,17,1450,230,1680
2016-10-05,18,1185,172,1357
2016-10-05,19,754,91,845
2016-10-05,20,477,73,550
2016-10-05,21,350,43,393
2016-10-05,22,180,55,235
2016-10-05,23,117,35,152
2016-10-06,0,29,20,49
2016-10-06,1,18,1,19
2016-10-06,2,6,2,8
2016-10-06,3,2,0,2
2016-10-06,4,10,4,14
2016-10-06,5,87,3,90
2016-10-06,6,303,6,309
2016-10-06,7,907,29,936
2016-10-06,8,1235,86,1321
2016-10-06,9,515,45,560
2016-10-06,10,252,104,356
2016-10-06,11,267,139,406
2016-10-06,12,381,149,530
2016-10-06,13,362,156,518
2016-10-06,14,304,158,462
2016-10-06,15,404,207,611
2016-10-06,16,735,212,947
2016-10-06,17,1346,225,1571
2016-10-06,18,1179,221,1400
2016-10-06,19,707,138,845
2016-10-06,20,457,112,569
2016-10-06,21,330,60,390
2016-10-06,22,227,72,299
2016-10-06,23,121,29,150
2016-10-07,0,64,19,83
2016-10-07,1,26,9,35
2016-10-07,2,8,9,17
2016-10-07,3,8,1,9
2016-10-07,4,18,2,20
2016-10-07,5,73,2,75
2016-10-07,6,255,9,264
2016-10-07,7,789,62,851
2016-10-07,8,1113,96,1209
2016-10-07,9,525,121,646
2016-10-07,10,261,131,392
2016-10-07,11,320,202,522
2016-10-07,12,443,225,668
2016-10-07,13,450,276,726
2016-10-07,14,442,296,738
2016-10-07,15,583,338,921
2016-10-07,16,894,330,1224
2016-10-07,17,1173,334,1507
2016-10-07,18,822,270,1092
2016-10-07,19,511,171,682
2016-10-07,20,338,129,467
2016-10-07,21,354,145,499
2016-10-07,22,229,119,348
2016-10-07,23,138,62,200
2016-10-08,0,125,46,171
2016-10-08,1,75,39,114
2016-10-08,2,51,25,76
2016-10-08,3,19,8,27
2016-10-08,4,14,3,17
2016-10-08,5,17,4,21
2016-10-08,6,40,9,49
2016-10-08,7,109,27,136
2016-10-08,8,230,47,277
2016-10-08,9,367,123,490
2016-10-08,10,342,121,463
2016-10-08,11,236,87,323
2016-10-08,12,152,82,234
2016-10-08,13,125,62,187
2016-10-08,14,99,32,131
2016-10-08,15,122,49,171
2016-10-08,16,191,121,312
2016-10-08,17,214,130,344
2016-10-08,18,262,107,369
2016-10-08,19,197,101,298
2016-10-08,20,186,70,256
2016-10-08,21,169,83,252
2016-10-08,22,149,57,206
2016-10-08,23,136,65,201
2016-10-09,0,85,44,129
2016-10-09,1,65,16,81
2016-10-09,2,58,21,79
2016-10-09,3,17,7,24
2016-10-09,4,5,10,15
2016-10-09,5,5,6,11
2016-10-09,6,26,4,30
2016-10-09,7,84,14,98
2016-10-09,8,152,47,199
2016-10-09,9,270,122,392
2016-10-09,10,379,200,579
2016-10-09,11,448,282,730
2016-10-09,12,607,383,990
2016-10-09,13,411,334,745
2016-10-09,14,425,450,875
2016-10-09,15,462,464,926
2016-10-09,16,521,489,1010
2016-10-09,17,574,439,1013
2016-10-09,18,467,289,756
2016-10-09,19,347,143,490
2016-10-09,20,257,113,370
2016-10-09,21,102,30,132
2016-10-09,22,126,52,178
2016-10-09,23,129,45,174
2016-10-10,0,55,14,69
2016-10-10,1,27,13,40
2016-10-10,2,16,5,21
2016-10-10,3,9,1,10
2016-10-10,4,11,1,12
2016-10-10,5,31,4,35
2016-10-10,6,117,6,123
2016-10-10,7,276,16,292
2016-10-10,8,525,46,571
2016-10-10,9,368,87,455
2016-10-10,10,298,173,471
2016-10-10,11,358,220,578
2016-10-10,12,411,310,721
2016-10-10,13,462,318,780
2016-10-10,14,501,389,890
2016-10-10,15,481,352,833
2016-10-10,16,562,350,912
2016-10-10,17,821,313,1134
2016-10-10,18,683,211,894
2016-10-10,19,513,152,665
2016-10-10,20,300,71,371
2016-10-10,21,208,59,267
2016-10-10,22,163,38,201
2016-10-10,23,52,18,70
2016-10-11,0,22,5,27
2016-10-11,1,11,4,15
2016-10-11,2,5,1,6
2016-10-11,3,5,3,8
2016-10-11,4,12,4,16
2016-10-11,5,78,4,82
2016-10-11,6,265,10,275
2016-10-11,7,812,25,837
2016-10-11,8,1059,47,1106
2016-10-11,9,468,62,530
2016-10-11,10,227,106,333
2016-10-11,11,275,118,393
2016-10-11,12,355,149,504
2016-10-11,13,355,117,472
2016-10-11,14,311,170,481
2016-10-11,15,392,167,559
2016-10-11,16,798,202,1000
2016-10-11,17,1533,247,1780
2016-10-11,18,1145,177,1322
2016-10-11,19,590,104,694
2016-10-11,20,373,53,426
2016-10-11,21,281,43,324
2016-10-11,22,218,33,251
2016-10-11,23,69,19,88
2016-10-12,0,26,2,28
2016-10-12,1,9,4,13
2016-10-12,2,3,3,6
2016-10-12,3,4,2,6
2016-10-12,4,9,0,9
2016-10-12,5,77,4,81
2016-10-12,6,313,13,326
2016-10-12,7,830,35,865
2016-10-12,8,1202,85,1287
2016-10-12,9,478,69,547
2016-10-12,10,233,112,345
2016-10-12,11,267,139,406
2016-10-12,12,340,108,448
2016-10-12,13,365,146,511
2016-10-12,14,304,160,464
2016-10-12,15,392,173,565
2016-10-12,16,726,179,905
2016-10-12,17,1449,222,1671
2016-10-12,18,1183,180,1363
2016-10-12,19,641,119,760
2016-10-12,20,427,65,492
2016-10-12,21,313,46,359
2016-10-12,22,200,36,236
2016-10-12,23,87,17,104
2016-10-13,0,40,10,50
2016-10-13,1,11,6,17
2016-10-13,2,5,4,9
2016-10-13,3,8,3,11
2016-10-13,4,9,3,12
2016-10-13,5,75,4,79
2016-10-13,6,283,10,293
2016-10-13,7,913,20,933
2016-10-13,8,1236,70,1306
2016-10-13,9,488,92,580
2016-10-13,10,230,114,344
2016-10-13,11,273,131,404
2016-10-13,12,405,154,559
2016-10-13,13,333,144,477
2016-10-13,14,315,162,477
2016-10-13,15,389,196,585
2016-10-13,16,742,219,961
2016-10-13,17,1416,257,1673
2016-10-13,18,1244,215,1459
2016-10-13,19,672,123,795
2016-10-13,20,416,69,485
2016-10-13,21,326,31,357
2016-10-13,22,207,34,241
2016-10-13,23,113,19,132
2016-10-14,0,188,32,220
2016-10-14,1,107,58,165
2016-10-14,2,20,6,26
2016-10-14,3,14,2,16
2016-10-14,4,11,8,19
2016-10-14,5,53,4,57
2016-10-14,6,229,5,234
2016-10-14,7,716,30,746
2016-10-14,8,1128,59,1187
2016-10-14,9,586,88,674
2016-10-14,10,273,158,431
2016-10-14,11,331,210,541
2016-10-14,12,392,152,544
2016-10-14,13,389,273,662
2016-10-14,14,360,321,681
2016-10-14,15,472,271,743
2016-10-14,16,806,310,1116
2016-10-14,17,1192,312,1504
2016-10-14,18,908,231,1139
2016-10-14,19,536,84,620
2016-10-14,20,299,136,435
2016-10-14,21,231,88,319
2016-10-14,22,154,72,226
2016-10-14,23,120,46,166
2016-10-15,0,120,29,149
2016-10-15,1,62,15,77
2016-10-15,2,47,13,60
2016-10-15,3,17,9,26
2016-10-15,4,6,4,10
2016-10-15,5,19,2,21
2016-10-15,6,36,3,39
2016-10-15,7,114,19,133
2016-10-15,8,237,60,297
2016-10-15,9,375,153,528
2016-10-15,10,443,254,697
2016-10-15,11,559,454,1013
2016-10-15,12,555,502,1057
2016-10-15,13,592,597,1189
2016-10-15,14,532,675,1207
2016-10-15,15,521,686,1207
2016-10-15,16,509,605,1114
2016-10-15,17,562,441,1003
2016-10-15,18,483,352,835
2016-10-15,19,352,169,521
2016-10-15,20,240,132,372
2016-10-15,21,175,97,272
2016-10-15,22,150,102,252
2016-10-15,23,171,69,240
2016-10-16,0,101,48,149
2016-10-16,1,72,44,116
2016-10-16,2,51,18,69
2016-10-16,3,34,7,41
2016-10-16,4,17,2,19
2016-10-16,5,9,3,12
2016-10-16,6,20,9,29
2016-10-16,7,74,28,102
2016-10-16,8,141,55,196
2016-10-16,9,265,172,437
2016-10-16,10,426,326,752
2016-10-16,11,543,423,966
2016-10-16,12,582,438,1020
2016-10-16,13,600,439,1039
2016-10-16,14,603,466,1069
2016-10-16,15,536,424,960
2016-10-16,16,615,471,1086
2016-10-16,17,578,375,953
2016-10-16,18,509,322,831
2016-10-16,19,354,175,529
2016-10-16,20,220,141,361
2016-10-16,21,182,80,262
2016-10-16,22,116,59,175
2016-10-16,23,58,22,80
2016-10-17,0,25,5,30
2016-10-17,1,16,0,16
2016-10-17,2,5,5,10
2016-10-17,3,4,1,5
2016-10-17,4,15,2,17
2016-10-17,5,82,5,87
2016-10-17,6,292,10,302
2016-10-17,7,754,36,790
2016-10-17,8,1036,87,1123
2016-10-17,9,411,115,526
2016-10-17,10,222,161,383
2016-10-17,11,263,189,452
2016-10-17,12,368,198,566
2016-10-17,13,343,212,555
2016-10-17,14,327,215,542
2016-10-17,15,377,180,557
2016-10-17,16,736,229,965
2016-10-17,17,1412,231,1643
2016-10-17,18,1160,200,1360
2016-10-17,19,623,100,723
2016-10-17,20,424,114,538
2016-10-17,21,280,93,373
2016-10-17,22,167,50,217
2016-10-17,23,101,24,125
2016-10-18,0,33,16,49
2016-10-18,1,15,6,21
2016-10-18,2,7,5,12
2016-10-18,3,6,0,6
2016-10-18,4,8,2,10
2016-10-18,5,102,5,107
2016-10-18,6,354,14,368
2016-10-18,7,990,53,1043
2016-10-18,8,1242,83,1325
2016-10-18,9,531,88,619
2016-10-18,10,260,111,371
2016-10-18,11,313,104,417
2016-10-18,12,401,149,550
2016-10-18,13,382,167,549
2016-10-18,14,327,166,493
2016-10-18,15,434,217,651
2016-10-18,16,715,176,891
2016-10-18,17,1523,290,1813
2016-10-18,18,1289,214,1503
2016-10-18,19,728,117,845
2016-10-18,20,479,87,566
2016-10-18,21,352,58,410
2016-10-18,22,197,35,232
2016-10-18,23,106,29,135
2016-10-19,0,35,15,50
2016-10-19,1,16,9,25
2016-10-19,2,8,1,9
2016-10-19,3,6,0,6
2016-10-19,4,9,2,11
2016-10-19,5,110,9,119
2016-10-19,6,339,17,356
2016-10-19,7,1003,77,1080
2016-10-19,8,1261,92,1353
2016-10-19,9,545,99,644
2016-10-19,10,248,101,349
2016-10-19,11,306,147,453
2016-10-19,12,421,116,537
2016-10-19,13,366,160,526
2016-10-19,14,329,152,481
2016-10-19,15,404,165,569
2016-10-19,16,741,183,924
2016-10-19,17,1457,247,1704
2016-10-19,18,1183,190,1373
2016-10-19,19,708,119,827
2016-10-19,20,566,75,641
2016-10-19,21,250,48,298
2016-10-19,22,248,54,302
2016-10-19,23,241,43,284
2016-10-20,0,50,21,71
2016-10-20,1,15,15,30
2016-10-20,2,11,1,12
2016-10-20,3,7,7,14
2016-10-20,4,10,1,11
2016-10-20,5,86,4,90
2016-10-20,6,289,10,299
2016-10-20,7,939,39,978
2016-10-20,8,1289,88,1377
2016-10-20,9,536,74,610
2016-10-20,10,263,113,376
2016-10-20,11,283,158,441
2016-10-20,12,369,203,572
2016-10-20,13,382,178,560
2016-10-20,14,333,190,523
2016-10-20,15,402,203,605
2016-10-20,16,795,188,983
2016-10-20,17,1433,299,1732
2016-10-20,18,1209,221,1430
2016-10-20,19,682,145,827
2016-10-20,20,495,94,589
2016-10-20,21,331,77,408
2016-10-20,22,246,61,307
2016-10-20,23,139,36,175
2016-10-21,0,77,23,100
2016-10-21,1,27,15,42
2016-10-21,2,16,5,21
2016-10-21,3,8,1,9
2016-10-21,4,15,1,16
2016-10-21,5,83,4,87
2016-10-21,6,273,21,294
2016-10-21,7,787,32,819
2016-10-21,8,1233,80,1313
2016-10-21,9,545,81,626
2016-10-21,10,279,155,434
2016-10-21,11,349,205,554
2016-10-21,12,450,220,670
2016-10-21,13,426,256,682
2016-10-21,14,132,48,180
2016-10-21,15,257,107,364
2016-10-21,16,656,125,781
2016-10-21,17,1133,192,1325
2016-10-21,18,808,95,903
2016-10-21,19,467,71,538
2016-10-21,20,227,44,271
2016-10-21,21,179,41,220
2016-10-21,22,143,42,185
2016-10-21,23,110,41,151
2016-10-22,0,100,21,121
2016-10-22,1,60,8,68
2016-10-22,2,26,8,34
2016-10-22,3,13,6,19
2016-10-22,4,8,0,8
2016-10-22,5,13,0,13
2016-10-22,6,28,6,34
2016-10-22,7,106,12,118
2016-10-22,8,262,36,298
2016-10-22,9,392,114,506
2016-10-22,10,454,211,665
2016-10-22,11,493,256,749
2016-10-22,12,515,294,809
2016-10-22,13,489,318,807
2016-10-22,14,502,371,873
2016-10-22,15,462,283,745
2016-10-22,16,453,291,744
2016-10-22,17,440,218,658
2016-10-22,18,380,132,512
2016-10-22,19,242,75,317
2016-10-22,20,212,58,270
2016-10-22,21,167,52,219
2016-10-22,22,121,24,145
2016-10-22,23,137,35,172
2016-10-23,0,95,20,115
2016-10-23,1,49,12,61
2016-10-23,2,44,9,53
2016-10-23,3,23,7,30
2016-10-23,4,7,5,12
2016-10-23,5,3,2,5
2016-10-23,6,21,3,24
2016-10-23,7,59,18,77
2016-10-23,8,149,33,182
2016-10-23,9,298,119,417
2016-10-23,10,425,203,628
2016-10-23,11,461,310,771
2016-10-23,12,541,388,929
2016-10-23,13,532,416,948
2016-10-23,14,506,404,910
2016-10-23,15,506,413,919
2016-10-23,16,529,363,892
2016-10-23,17,493,368,861
2016-10-23,18,475,219,694
2016-10-23,19,268,107,375
2016-10-23,20,216,65,281
2016-10-23,21,141,67,208
2016-10-23,22,83,52,135
2016-10-23,23,56,22,78
2016-10-24,0,21,13,34
2016-10-24,1,8,11,19
2016-10-24,2,11,2,13
2016-10-24,3,3,0,3
2016-10-24,4,10,0,10
2016-10-24,5,84,3,87
2016-10-24,6,278,11,289
2016-10-24,7,783,34,817
2016-10-24,8,975,46,1021
2016-10-24,9,463,61,524
2016-10-24,10,263,103,366
2016-10-24,11,276,140,416
2016-10-24,12,332,130,462
2016-10-24,13,321,170,491
2016-10-24,14,308,149,457
2016-10-24,15,383,186,569
2016-10-24,16,717,165,882
2016-10-24,17,1399,195,1594
2016-10-24,18,1096,109,1205
2016-10-24,19,592,78,670
2016-10-24,20,349,47,396
2016-10-24,21,208,33,241
2016-10-24,22,133,23,156
2016-10-24,23,63,15,78
2016-10-25,0,18,8,26
2016-10-25,1,1,1,2
2016-10-25,2,7,1,8
2016-10-25,3,4,1,5
2016-10-25,4,11,0,11
2016-10-25,5,93,3,96
2016-10-25,6,316,11,327
2016-10-25,7,867,25,892
2016-10-25,8,1231,65,1296
2016-10-25,9,482,47,529
2016-10-25,10,241,100,341
2016-10-25,11,249,127,376
2016-10-25,12,379,126,505
2016-10-25,13,336,115,451
2016-10-25,14,312,133,445
2016-10-25,15,373,144,517
2016-10-25,16,690,115,805
2016-10-25,17,1392,173,1565
2016-10-25,18,1062,127,1189
2016-10-25,19,630,71,701
2016-10-25,20,396,39,435
2016-10-25,21,314,44,358
2016-10-25,22,172,23,195
2016-10-25,23,86,20,106
2016-10-26,0,47,17,64
2016-10-26,1,12,4,16
2016-10-26,2,5,0,5
2016-10-26,3,4,1,5
2016-10-26,4,11,1,12
2016-10-26,5,89,2,91
2016-10-26,6,280,11,291
2016-10-26,7,801,24,825
2016-10-26,8,1155,48,1203
2016-10-26,9,494,47,541
2016-10-26,10,250,79,329
2016-10-26,11,278,83,361
2016-10-26,12,347,99,446
2016-10-26,13,384,119,503
2016-10-26,14,314,107,421
2016-10-26,15,398,108,506
2016-10-26,16,694,126,820
2016-10-26,17,1318,169,1487
2016-10-26,18,1020,118,1138
2016-10-26,19,618,64,682
2016-10-26,20,356,29,385
2016-10-26,21,242,32,274
2016-10-26,22,163,27,190
2016-10-26,23,82,20,102
2016-10-27,0,28,1,29
2016-10-27,1,15,8,23
2016-10-27,2,6,2,8
2016-10-27,3,7,3,10
2016-10-27,4,12,3,15
2016-10-27,5,82,1,83
2016-10-27,6,274,8,282
2016-10-27,7,796,17,813
2016-10-27,8,1236,40,1276
2016-10-27,9,520,58,578
2016-10-27,10,260,82,342
2016-10-27,11,264,85,349
2016-10-27,12,278,29,307
2016-10-27,13,159,48,207
2016-10-27,14,142,26,168
2016-10-27,15,237,47,284
2016-10-27,16,543,65,608
2016-10-27,17,1100,102,1202
2016-10-27,18,926,70,996
2016-10-27,19,557,51,608
2016-10-27,20,353,40,393
2016-10-27,21,322,40,362
2016-10-27,22,181,24,205
2016-10-27,23,122,10,132
2016-10-28,0,44,6,50
2016-10-28,1,17,9,26
2016-10-28,2,8,5,13
2016-10-28,3,11,4,15
2016-10-28,4,10,1,11
2016-10-28,5,63,3,66
2016-10-28,6,216,10,226
2016-10-28,7,671,36,707
2016-10-28,8,1077,61,1138
2016-10-28,9,500,59,559
2016-10-28,10,279,84,363
2016-10-28,11,337,101,438
2016-10-28,12,399,141,540
2016-10-28,13,425,126,551
2016-10-28,14,384,164,548
2016-10-28,15,482,172,654
2016-10-28,16,809,211,1020
2016-10-28,17,1145,216,1361
2016-10-28,18,810,97,907
2016-10-28,19,473,48,521
2016-10-28,20,294,52,346
2016-10-28,21,189,39,228
2016-10-28,22,154,50,204
2016-10-28,23,110,25,135
2016-10-29,0,82,20,102
2016-10-29,1,67,18,85
2016-10-29,2,47,19,66
2016-10-29,3,26,3,29
2016-10-29,4,9,3,12
2016-10-29,5,18,3,21
2016-10-29,6,29,6,35
2016-10-29,7,84,24,108
2016-10-29,8,197,48,245
2016-10-29,9,332,109,441
2016-10-29,10,463,174,637
2016-10-29,11,538,336,874
2016-10-29,12,653,408,1061
2016-10-29,13,567,550,1117
2016-10-29,14,558,563,1121
2016-10-29,15,634,563,1197
2016-10-29,16,583,517,1100
2016-10-29,17,540,437,977
2016-10-29,18,504,262,766
2016-10-29,19,326,173,499
2016-10-29,20,227,129,356
2016-10-29,21,209,115,324
2016-10-29,22,171,87,258
2016-10-29,23,128,56,184
2016-10-30,0,122,36,158
2016-10-30,1,109,41,150
2016-10-30,2,109,32,141
2016-10-30,3,57,19,76
2016-10-30,4,24,6,30
2016-10-30,5,23,13,36
2016-10-30,6,50,27,77
2016-10-30,7,90,61,151
2016-10-30,8,197,153,350
2016-10-30,9,319,305,624
2016-10-30,10,453,358,811
2016-10-30,11,510,443,953
2016-10-30,12,572,324,896
2016-10-30,13,559,439,998
2016-10-30,14,576,505,1081
2016-10-30,15,546,502,1048
2016-10-30,16,561,488,1049
2016-10-30,17,578,447,1025
2016-10-30,18,332,135,467
2016-10-30,19,174,57,231
2016-10-30,20,130,55,185
2016-10-30,21,115,28,143
2016-10-30,22,94,32,126
2016-10-30,23,66,30,96
2016-10-31,0,34,18,52
2016-10-31,1,11,6,17
2016-10-31,2,3,1,4
2016-10-31,3,5,1,6
2016-10-31,4,16,0,16
2016-10-31,5,78,3,81
2016-10-31,6,261,16,277
2016-10-31,7,781,36,817
2016-10-31,8,945,58,1003
2016-10-31,9,488,93,581
2016-10-31,10,232,120,352
2016-10-31,11,283,139,422
2016-10-31,12,363,181,544
2016-10-31,13,332,155,487
2016-10-31,14,317,217,534
2016-10-31,15,459,193,652
2016-10-31,16,796,190,986
2016-10-31,17,1361,165,1526
2016-10-31,18,929,102,1031
2016-10-31,19,469,66,535
2016-10-31,20,282,42,324
2016-10-31,21,200,33,233
2016-10-31,22,128,31,159
2016-10-31,23,67,20,87
2016-11-01,0,20,18,38
2016-11-01,1,7,9,16
2016-11-01,2,5,0,5
2016-11-01,3,6,6,12
2016-11-01,4,7,2,9
2016-11-01,5,89,2,91
2016-11-01,6,309,13,322
2016-11-01,7,906,44,950
2016-11-01,8,1282,62,1344
2016-11-01,9,548,74,622
2016-11-01,10,251,81,332
2016-11-01,11,282,114,396
2016-11-01,12,385,102,487
2016-11-01,13,334,102,436
2016-11-01,14,279,111,390
2016-11-01,15,384,134,518
2016-11-01,16,701,126,827
2016-11-01,17,1445,164,1609
2016-11-01,18,1065,101,1166
2016-11-01,19,622,61,683
2016-11-01,20,399,67,466
2016-11-01,21,275,41,316
2016-11-01,22,179,30,209
2016-11-01,23,101,24,125
2016-11-02,0,43,16,59
2016-11-02,1,6,3,9
2016-11-02,2,2,1,3
2016-11-02,3,3,0,3
2016-11-02,4,9,1,10
2016-11-02,5,100,4,104
2016-11-02,6,332,16,348
2016-11-02,7,953,38,991
2016-11-02,8,1241,60,1301
2016-11-02,9,521,55,576
2016-11-02,10,221,87,308
2016-11-02,11,321,143,464
2016-11-02,12,395,122,517
2016-11-02,13,383,111,494
2016-11-02,14,348,113,461
2016-11-02,15,454,144,598
2016-11-02,16,812,126,938
2016-11-02,17,1489,200,1689
2016-11-02,18,1154,163,1317
2016-11-02,19,710,79,789
2016-11-02,20,416,58,474
2016-11-02,21,297,53,350
2016-11-02,22,194,36,230
2016-11-02,23,90,0,90
2016-11-03,0,70,12,82
2016-11-03,1,57,11,68
2016-11-03,2,6,2,8
2016-11-03,3,6,2,8
2016-11-03,4,14,1,15
2016-11-03,5,74,3,77
2016-11-03,6,294,10,304
2016-11-03,7,806,38,844
2016-11-03,8,1330,55,1385
2016-11-03,9,558,56,614
2016-11-03,10,266,107,373
2016-11-03,11,305,102,407
2016-11-03,12,398,132,530
2016-11-03,13,408,85,493
2016-11-03,14,255,108,363
2016-11-03,15,383,130,513
2016-11-03,16,764,161,925
2016-11-03,17,1387,226,1613
2016-11-03,18,1124,127,1251
2016-11-03,19,660,93,753
2016-11-03,20,477,68,545
2016-11-03,21,327,61,388
2016-11-03,22,215,50,265
2016-11-03,23,113,21,134
2016-11-04,0,46,20,66
2016-11-04,1,30,11,41
2016-11-04,2,23,16,39
2016-11-04,3,7,1,8
2016-11-04,4,13,1,14
2016-11-04,5,92,6,98
2016-11-04,6,260,11,271
2016-11-04,7,738,35,773
2016-11-04,8,1174,59,1233
2016-11-04,9,540,86,626
2016-11-04,10,272,110,382
2016-11-04,11,307,155,462
2016-11-04,12,414,175,589
2016-11-04,13,403,218,621
2016-11-04,14,420,238,658
2016-11-04,15,524,199,723
2016-11-04,16,800,260,1060
2016-11-04,17,1259,290,1549
2016-11-04,18,888,153,1041
2016-11-04,19,524,111,635
2016-11-04,20,291,89,380
2016-11-04,21,235,82,317
2016-11-04,22,194,33,227
2016-11-04,23,128,39,167
2016-11-05,0,76,26,102
2016-11-05,1,54,34,88
2016-11-05,2,55,8,63
2016-11-05,3,5,11,16
2016-11-05,4,11,10,21
2016-11-05,5,16,3,19
2016-11-05,6,39,2,41
2016-11-05,7,115,12,127
2016-11-05,8,255,40,295
2016-11-05,9,344,115,459
2016-11-05,10,466,207,673
2016-11-05,11,516,295,811
2016-11-05,12,576,388,964
2016-11-05,13,583,524,1107
2016-11-05,14,565,525,1090
2016-11-05,15,559,548,1107
2016-11-05,16,584,523,1107
2016-11-05,17,537,463,1000
2016-11-05,18,468,252,720
2016-11-05,19,307,160,467
2016-11-05,20,188,124,312
2016-11-05,21,163,85,248
2016-11-05,22,156,98,254
2016-11-05,23,138,74,212
2016-11-06,0,85,60,145
2016-11-06,1,102,36,138
2016-11-06,2,17,6,23
2016-11-06,3,5,6,11
2016-11-06,4,9,0,9
2016-11-06,5,6,4,10
2016-11-06,6,40,15,55
2016-11-06,7,95,26,121
2016-11-06,8,220,80,300
2016-11-06,9,366,197,563
2016-11-06,10,533,284,817
2016-11-06,11,512,387,899
2016-11-06,12,609,438,1047
2016-11-06,13,566,409,975
2016-11-06,14,528,395,923
2016-11-06,15,539,400,939
2016-11-06,16,567,383,950
2016-11-06,17,424,179,603
2016-11-06,18,307,120,427
2016-11-06,19,224,74,298
2016-11-06,20,196,64,260
2016-11-06,21,122,48,170
2016-11-06,22,73,26,99
2016-11-06,23,49,9,58
2016-11-07,0,14,6,20
2016-11-07,1,5,3,8
2016-11-07,2,9,4,13
2016-11-07,3,10,0,10
2016-11-07,4,12,0,12
2016-11-07,5,73,3,76
2016-11-07,6,340,14,354
2016-11-07,7,891,36,927
2016-11-07,8,1074,62,1136
2016-11-07,9,476,71,547
2016-11-07,10,216,120,336
2016-11-07,11,257,115,372
2016-11-07,12,303,132,435
2016-11-07,13,336,129,465
2016-11-07,14,293,172,465
2016-11-07,15,369,142,511
2016-11-07,16,696,132,828
2016-11-07,17,1253,114,1367
2016-11-07,18,877,75,952
2016-11-07,19,498,45,543
2016-11-07,20,303,32,335
2016-11-07,21,233,22,255
2016-11-07,22,101,18,119
2016-11-07,23,64,5,69
2016-11-08,0,23,3,26
2016-11-08,1,11,4,15
2016-11-08,2,7,2,9
2016-11-08,3,4,0,4
2016-11-08,4,13,3,16
2016-11-08,5,90,4,94
2016-11-08,6,321,9,330
2016-11-08,7,875,37,912
2016-11-08,8,1159,58,1217
2016-11-08,9,573,54,627
2016-11-08,10,310,107,417
2016-11-08,11,354,132,486
2016-11-08,12,424,164,588
2016-11-08,13,424,150,574
2016-11-08,14,385,177,562
2016-11-08,15,540,233,773
2016-11-08,16,822,202,1024
2016-11-08,17,1231,136,1367
2016-11-08,18,965,114,1079
2016-11-08,19,619,69,688
2016-11-08,20,320,59,379
2016-11-08,21,205,63,268
2016-11-08,22,243,41,284
2016-11-08,23,244,43,287
2016-11-09,0,154,40,194
2016-11-09,1,99,36,135
2016-11-09,2,33,16,49
2016-11-09,3,23,14,37
2016-11-09,4,14,3,17
2016-11-09,5,46,1,47
2016-11-09,6,109,7,116
2016-11-09,7,251,8,259
2016-11-09,8,375,12,387
2016-11-09,9,423,19,442
2016-11-09,10,273,52,325
2016-11-09,11,255,82,337
2016-11-09,12,338,96,434
2016-11-09,13,308,82,390
2016-11-09,14,315,93,408
2016-11-09,15,265,79,344
2016-11-09,16,398,42,440
2016-11-09,17,899,71,970
2016-11-09,18,715,54,769
2016-11-09,19,446,39,485
2016-11-09,20,295,25,320
2016-11-09,21,242,38,280
2016-11-09,22,109,23,132
2016-11-09,23,68,14,82
2016-11-10,0,25,5,30
2016-11-10,1,8,6,14
2016-11-10,2,8,1,9
2016-11-10,3,4,0,4
2016-11-10,4,12,0,12
2016-11-10,5,64,3,67
2016-11-10,6,265,8,273
2016-11-10,7,766,30,796
2016-11-10,8,1123,62,1185
2016-11-10,9,486,52,538
2016-11-10,10,243,102,345
2016-11-10,11,248,82,330
2016-11-10,12,361,78,439
2016-11-10,13,322,108,430
2016-11-10,14,346,120,466
2016-11-10,15,450,162,612
2016-11-10,16,693,152,845
2016-11-10,17,1090,102,1192
2016-11-10,18,883,105,988
2016-11-10,19,491,64,555
2016-11-10,20,422,33,455
2016-11-10,21,263,34,297
2016-11-10,22,203,44,247
2016-11-10,23,98,24,122
2016-11-11,0,63,22,85
2016-11-11,1,39,6,45
2016-11-11,2,20,3,23
2016-11-11,3,11,3,14
2016-11-11,4,11,2,13
2016-11-11,5,39,2,41
2016-11-11,6,126,12,138
2016-11-11,7,389,30,419
2016-11-11,8,700,49,749
2016-11-11,9,474,128,602
2016-11-11,10,308,169,477
2016-11-11,11,364,224,588
2016-11-11,12,414,251,665
2016-11-11,13,384,316,700
2016-11-11,14,458,326,784
2016-11-11,15,482,294,776
2016-11-11,16,589,235,824
2016-11-11,17,747,187,934
2016-11-11,18,558,120,678
2016-11-11,19,379,71,450
2016-11-11,20,225,48,273
2016-11-11,21,205,32,237
2016-11-11,22,172,43,215
2016-11-11,23,96,22,118
2016-11-12,0,75,13,88
2016-11-12,1,41,6,47
2016-11-12,2,39,5,44
2016-11-12,3,9,5,14
2016-11-12,4,10,2,12
2016-11-12,5,14,4,18
2016-11-12,6,29,9,38
2016-11-12,7,91,22,113
2016-11-12,8,197,55,252
2016-11-12,9,261,105,366
2016-11-12,10,354,228,582
2016-11-12,11,391,296,687
2016-11-12,12,435,295,730
2016-11-12,13,449,384,833
2016-11-12,14,458,500,958
2016-11-12,15,434,401,835
2016-11-12,16,422,369,791
2016-11-12,17,380,186,566
2016-11-12,18,275,100,375
2016-11-12,19,228,76,304
2016-11-12,20,178,32,210
2016-11-12,21,149,33,182
2016-11-12,22,133,44,177
2016-11-12,23,83,22,105
2016-11-13,0,58,13,71
2016-11-13,1,48,23,71
2016-11-13,2,36,11,47
2016-11-13,3,15,6,21
2016-11-13,4,8,4,12
2016-11-13,5,3,2,5
2016-11-13,6,18,7,25
2016-11-13,7,83,30,113
2016-11-13,8,119,45,164
2016-11-13,9,240,125,365
2016-11-13,10,357,189,546
2016-11-13,11,370,277,647
2016-11-13,12,464,333,797
2016-11-13,13,522,356,878
2016-11-13,14,514,367,881
2016-11-13,15,537,446,983
2016-11-13,16,492,303,795
2016-11-13,17,417,159,576
2016-11-13,18,283,114,397
2016-11-13,19,214,68,282
2016-11-13,20,165,45,210
2016-11-13,21,117,24,141
2016-11-13,22,68,16,84
2016-11-13,23,37,7,44
2016-11-14,0,16,0,16
2016-11-14,1,6,2,8
2016-11-14,2,5,2,7
2016-11-14,4,6,3,9
2016-11-14,5,75,4,79
2016-11-14,6,248,11,259
2016-11-14,7,768,37,805
2016-11-14,8,1018,59,1077
2016-11-14,9,423,48,471
2016-11-14,10,215,101,316
2016-11-14,11,234,134,368
2016-11-14,12,294,114,408
2016-11-14,13,268,114,382
2016-11-14,14,266,110,376
2016-11-14,15,350,124,474
2016-11-14,16,611,109,720
2016-11-14,17,1053,93,1146
2016-11-14,18,837,68,905
2016-11-14,19,491,47,538
2016-11-14,20,351,34,385
2016-11-14,21,229,37,266
2016-11-14,22,117,17,134
2016-11-14,23,54,7,61
2016-11-15,0,22,4,26
2016-11-15,1,7,2,9
2016-11-15,2,2,1,3
2016-11-15,3,2,0,2
2016-11-15,4,6,0,6
2016-11-15,5,75,5,80
2016-11-15,6,308,11,319
2016-11-15,7,873,32,905
2016-11-15,8,1174,54,1228
2016-11-15,9,515,47,562
2016-11-15,10,250,51,301
2016-11-15,11,263,82,345
2016-11-15,12,362,102,464
2016-11-15,13,310,108,418
2016-11-15,14,307,96,403
2016-11-15,15,419,109,528
2016-11-15,16,750,134,884
2016-11-15,17,1209,93,1302
2016-11-15,18,922,83,1005
2016-11-15,19,521,65,586
2016-11-15,20,314,37,351
2016-11-15,21,317,47,364
2016-11-15,22,184,24,208
2016-11-15,23,82,14,96
2016-11-16,0,28,4,32
2016-11-16,1,6,11,17
2016-11-16,2,8,0,8
2016-11-16,3,1,0,1
2016-11-16,4,7,1,8
2016-11-16,5,89,6,95
2016-11-16,6,315,11,326
2016-11-16,7,907,35,942
2016-11-16,8,1173,64,1237
2016-11-16,9,532,78,610
2016-11-16,10,231,66,297
2016-11-16,11,278,92,370
2016-11-16,12,342,83,425
2016-11-16,13,343,91,434
2016-11-16,14,271,96,367
2016-11-16,15,271,51,322
2016-11-16,16,563,91,654
2016-11-16,17,1094,87,1181
2016-11-16,18,911,67,978
2016-11-16,19,565,65,630
2016-11-16,20,402,44,446
2016-11-16,21,283,37,320
2016-11-16,22,200,38,238
2016-11-16,23,90,18,108
2016-11-17,0,26,3,29
2016-11-17,1,5,6,11
2016-11-17,2,12,0,12
2016-11-17,3,4,0,4
2016-11-17,4,9,1,10
2016-11-17,5,75,2,77
2016-11-17,6,290,10,300
2016-11-17,7,871,28,899
2016-11-17,8,1134,63,1197
2016-11-17,9,520,55,575
2016-11-17,10,223,74,297
2016-11-17,11,295,97,392
2016-11-17,12,375,96,471
2016-11-17,13,364,71,435
2016-11-17,14,335,95,430
2016-11-17,15,445,110,555
2016-11-17,16,670,99,769
2016-11-17,17,1151,137,1288
2016-11-17,18,1012,77,1089
2016-11-17,19,522,58,580
2016-11-17,20,366,38,404
2016-11-17,21,310,36,346
2016-11-17,22,168,43,211
2016-11-17,23,96,18,114
2016-11-18,0,45,14,59
2016-11-18,1,20,8,28
2016-11-18,2,6,3,9
2016-11-18,3,4,1,5
2016-11-18,4,6,0,6
2016-11-18,5,62,2,64
2016-11-18,6,234,11,245
2016-11-18,7,763,26,789
2016-11-18,8,1097,63,1160
2016-11-18,9,455,49,504
2016-11-18,10,263,91,354
2016-11-18,11,321,110,431
2016-11-18,12,413,175,588
2016-11-18,13,415,183,598
2016-11-18,14,419,232,651
2016-11-18,15,501,231,732
2016-11-18,16,805,279,1084
2016-11-18,17,1153,171,1324
2016-11-18,18,826,79,905
2016-11-18,19,475,91,566
2016-11-18,20,306,66,372
2016-11-18,21,241,66,307
2016-11-18,22,202,60,262
2016-11-18,23,162,48,210
2016-11-19,0,121,51,172
2016-11-19,1,59,26,85
2016-11-19,2,44,19,63
2016-11-19,3,14,11,25
2016-11-19,4,11,3,14
2016-11-19,5,9,6,15
2016-11-19,6,34,17,51
2016-11-19,7,104,11,115
2016-11-19,8,211,73,284
2016-11-19,9,370,141,511
2016-11-19,10,474,213,687
2016-11-19,11,508,372,880
2016-11-19,12,595,475,1070
2016-11-19,13,615,532,1147
2016-11-19,14,536,605,1141
2016-11-19,15,400,286,686
2016-11-19,16,252,135,387
2016-11-19,17,89,13,102
2016-11-19,18,121,19,140
2016-11-19,19,141,25,166
2016-11-19,20,130,32,162
2016-11-19,21,112,21,133
2016-11-19,22,98,23,121
2016-11-19,23,78,12,90
2016-11-20,0,64,11,75
2016-11-20,1,42,11,53
2016-11-20,2,26,8,34
2016-11-20,3,12,1,13
2016-11-20,4,10,0,10
2016-11-20,5,2,3,5
2016-11-20,6,10,1,11
2016-11-20,7,45,10,55
2016-11-20,8,97,18,115
2016-11-20,9,182,59,241
2016-11-20,10,238,87,325
2016-11-20,11,275,97,372
2016-11-20,12,304,66,370
2016-11-20,13,312,84,396
2016-11-20,14,237,75,312
2016-11-20,15,275,70,345
2016-11-20,16,278,52,330
2016-11-20,17,224,24,248
2016-11-20,18,158,14,172
2016-11-20,19,123,13,136
2016-11-20,20,80,14,94
2016-11-20,21,52,5,57
2016-11-20,22,38,2,40
2016-11-20,23,15,2,17
2016-11-21,0,13,1,14
2016-11-21,1,6,1,7
2016-11-21,2,1,0,1
2016-11-21,3,0,1,1
2016-11-21,4,5,2,7
2016-11-21,5,58,2,60
2016-11-21,6,209,1,210
2016-11-21,7,574,17,591
2016-11-21,8,831,39,870
2016-11-21,9,399,18,417
2016-11-21,10,185,25,210
2016-11-21,11,201,45,246
2016-11-21,12,210,52,262
2016-11-21,13,216,49,265
2016-11-21,14,206,46,252
2016-11-21,15,299,37,336
2016-11-21,16,518,40,558
2016-11-21,17,873,51,924
2016-11-21,18,631,31,662
2016-11-21,19,355,20,375
2016-11-21,20,244,21,265
2016-11-21,21,146,14,160
2016-11-21,22,84,6,90
2016-11-21,23,34,9,43
2016-11-22,0,17,0,17
2016-11-22,1,9,1,10
2016-11-22,2,4,0,4
2016-11-22,3,2,1,3
2016-11-22,4,6,2,8
2016-11-22,5,74,1,75
2016-11-22,6,210,0,210
2016-11-22,7,625,18,643
2016-11-22,8,974,28,1002
2016-11-22,9,466,28,494
2016-11-22,10,238,41,279
2016-11-22,11,231,54,285
2016-11-22,12,303,64,367
2016-11-22,13,221,78,299
2016-11-22,14,259,92,351
2016-11-22,15,314,81,395
2016-11-22,16,542,79,621
2016-11-22,17,871,95,966
2016-11-22,18,644,40,684
2016-11-22,19,371,24,395
2016-11-22,20,198,19,217
2016-11-22,21,131,21,152
2016-11-22,22,98,6,104
2016-11-22,23,39,6,45
2016-11-23,0,22,1,23
2016-11-23,1,9,2,11
2016-11-23,2,6,5,11
2016-11-23,3,2,1,3
2016-11-23,4,5,4,9
2016-11-23,5,55,1,56
2016-11-23,6,159,1,160
2016-11-23,7,427,11,438
2016-11-23,8,751,39,790
2016-11-23,9,422,30,452
2016-11-23,10,213,48,261
2016-11-23,11,235,98,333
2016-11-23,12,338,123,461
2016-11-23,13,380,153,533
2016-11-23,14,462,154,616
2016-11-23,15,528,168,696
2016-11-23,16,508,105,613
2016-11-23,17,386,66,452
2016-11-23,18,285,49,334
2016-11-23,19,202,41,243
2016-11-23,20,116,42,158
2016-11-23,21,95,14,109
2016-11-23,22,76,12,88
2016-11-23,23,49,4,53
2016-11-24,0,27,7,34
2016-11-24,1,19,8,27
2016-11-24,2,18,12,30
2016-11-24,3,7,4,11
2016-11-24,4,5,0,5
2016-11-24,5,8,6,14
2016-11-24,6,21,1,22
2016-11-24,7,66,10,76
2016-11-24,8,99,11,110
2016-11-24,9,128,38,166
2016-11-24,10,156,94,250
2016-11-24,11,172,204,376
2016-11-24,12,174,156,330
2016-11-24,13,155,194,349
2016-11-24,14,135,181,316
2016-11-24,15,107,161,268
2016-11-24,16,102,158,260
2016-11-24,17,70,104,174
2016-11-24,18,47,62,109
2016-11-24,19,45,52,97
2016-11-24,20,59,34,93
2016-11-24,21,52,27,79
2016-11-24,22,43,20,63
2016-11-24,23,47,22,69
2016-11-25,0,33,16,49
2016-11-25,1,11,8,19
2016-11-25,2,3,0,3
2016-11-25,3,3,0,3
2016-11-25,4,4,0,4
2016-11-25,5,10,5,15
2016-11-25,6,43,2,45
2016-11-25,7,98,18,116
2016-11-25,8,153,37,190
2016-11-25,9,146,113,259
2016-11-25,10,163,162,325
2016-11-25,11,176,238,414
2016-11-25,12,209,294,503
2016-11-25,13,230,304,534
2016-11-25,14,228,360,588
2016-11-25,15,277,354,631
2016-11-25,16,295,328,623
2016-11-25,17,242,164,406
2016-11-25,18,182,109,291
2016-11-25,19,147,108,255
2016-11-25,20,118,106,224
2016-11-25,21,83,50,133
2016-11-25,22,73,44,117
2016-11-25,23,54,30,84
2016-11-26,0,26,47,73
2016-11-26,1,30,16,46
2016-11-26,2,19,13,32
2016-11-26,3,12,7,19
2016-11-26,4,4,1,5
2016-11-26,5,7,4,11
2016-11-26,6,16,1,17
2016-11-26,7,38,16,54
2016-11-26,8,78,55,133
2016-11-26,9,151,92,243
2016-11-26,10,214,203,417
2016-11-26,11,260,213,473
2016-11-26,12,254,226,480
2016-11-26,13,252,242,494
2016-11-26,14,262,234,496
2016-11-26,15,215,254,469
2016-11-26,16,218,169,387
2016-11-26,17,191,92,283
2016-11-26,18,164,54,218
2016-11-26,19,144,46,190
2016-11-26,20,112,39,151
2016-11-26,21,97,37,134
2016-11-26,22,71,24,95
2016-11-26,23,62,9,71
2016-11-27,0,46,12,58
2016-11-27,1,38,9,47
2016-11-27,2,25,5,30
2016-11-27,3,10,1,11
2016-11-27,4,4,2,6
2016-11-27,5,8,1,9
2016-11-27,6,13,2,15
2016-11-27,7,30,5,35
2016-11-27,8,96,26,122
2016-11-27,9,153,41,194
2016-11-27,10,236,99,335
2016-11-27,11,310,119,429
2016-11-27,12,358,126,484
2016-11-27,13,331,168,499
2016-11-27,14,330,140,470
2016-11-27,15,387,135,522
2016-11-27,16,349,129,478
2016-11-27,17,265,64,329
2016-11-27,18,197,48,245
2016-11-27,19,171,26,197
2016-11-27,20,124,15,139
2016-11-27,21,81,10,91
2016-11-27,22,58,16,74
2016-11-27,23,31,17,48
2016-11-28,0,16,10,26
2016-11-28,1,7,0,7
2016-11-28,2,4,2,6
2016-11-28,3,2,0,2
2016-11-28,4,4,0,4
2016-11-28,5,62,3,65
2016-11-28,6,232,4,236
2016-11-28,7,651,20,671
2016-11-28,8,999,40,1039
2016-11-28,9,431,33,464
2016-11-28,10,176,51,227
2016-11-28,11,197,33,230
2016-11-28,12,265,52,317
2016-11-28,13,290,57,347
2016-11-28,14,234,77,311
2016-11-28,15,304,57,361
2016-11-28,16,560,71,631
2016-11-28,17,986,75,1061
2016-11-28,18,811,26,837
2016-11-28,19,448,29,477
2016-11-28,20,300,18,318
2016-11-28,21,196,10,206
2016-11-28,22,103,13,116
2016-11-28,23,58,10,68
2016-11-29,0,19,3,22
2016-11-29,1,15,0,15
2016-11-29,2,8,0,8
2016-11-29,4,9,1,10
2016-11-29,5,45,2,47
2016-11-29,6,219,1,220
2016-11-29,7,550,15,565
2016-11-29,8,824,20,844
2016-11-29,9,418,15,433
2016-11-29,10,99,5,104
2016-11-29,11,137,16,153
2016-11-29,12,155,9,164
2016-11-29,13,111,9,120
2016-11-29,14,170,12,182
2016-11-29,15,219,16,235
2016-11-29,16,390,37,427
2016-11-29,17,792,21,813
2016-11-29,18,689,32,721
2016-11-29,19,445,22,467
2016-11-29,20,302,15,317
2016-11-29,21,222,9,231
2016-11-29,22,145,12,157
2016-11-29,23,61,15,76
2016-11-30,0,26,5,31
2016-11-30,1,8,1,9
2016-11-30,2,5,3,8
2016-11-30,3,1,1,2
2016-11-30,4,6,1,7
2016-11-30,5,89,2,91
2016-11-30,6,192,4,196
2016-11-30,7,512,7,519
2016-11-30,8,472,9,481
2016-11-30,9,144,11,155
2016-11-30,10,112,7,119
2016-11-30,11,149,14,163
2016-11-30,12,230,24,254
2016-11-30,13,228,13,241
2016-11-30,14,216,33,249
2016-11-30,15,326,36,362
2016-11-30,16,543,35,578
2016-11-30,17,979,68,1047
2016-11-30,18,643,14,657
2016-11-30,19,415,29,444
2016-11-30,20,284,19,303
2016-11-30,21,88,0,88
2016-11-30,22,88,6,94
2016-11-30,23,65,7,72
2016-12-01,0,33,11,44
2016-12-01,1,5,0,5
2016-12-01,2,2,0,2
2016-12-01,3,3,1,4
2016-12-01,4,3,0,3
2016-12-01,5,71,3,74
2016-12-01,6,252,4,256
2016-12-01,7,771,24,795
2016-12-01,8,1109,30,1139
2016-12-01,9,480,35,515
2016-12-01,10,237,27,264
2016-12-01,11,230,29,259
2016-12-01,12,330,41,371
2016-12-01,13,343,60,403
2016-12-01,14,285,50,335
2016-12-01,15,391,62,453
2016-12-01,16,677,54,731
2016-12-01,17,1091,62,1153
2016-12-01,18,869,63,932
2016-12-01,19,516,35,551
2016-12-01,20,299,23,322
2016-12-01,21,235,17,252
2016-12-01,22,164,14,178
2016-12-01,23,79,11,90
2016-12-02,0,34,13,47
2016-12-02,1,16,11,27
2016-12-02,2,8,6,14
2016-12-02,3,5,1,6
2016-12-02,4,13,1,14
2016-12-02,5,64,6,70
2016-12-02,6,218,4,222
2016-12-02,7,609,27,636
2016-12-02,8,1004,42,1046
2016-12-02,9,464,37,501
2016-12-02,10,230,49,279
2016-12-02,11,250,58,308
2016-12-02,12,337,77,414
2016-12-02,13,316,90,406
2016-12-02,14,326,72,398
2016-12-02,15,407,95,502
2016-12-02,16,621,77,698
2016-12-02,17,941,72,1013
2016-12-02,18,622,55,677
2016-12-02,19,421,46,467
2016-12-02,20,219,20,239
2016-12-02,21,150,22,172
2016-12-02,22,126,23,149
2016-12-02,23,89,17,106
2016-12-03,0,71,10,81
2016-12-03,1,55,7,62
2016-12-03,2,34,10,44
2016-12-03,3,21,3,24
2016-12-03,4,5,4,9
2016-12-03,5,10,1,11
2016-12-03,6,19,2,21
2016-12-03,7,84,9,93
2016-12-03,8,179,40,219
2016-12-03,9,305,53,358
2016-12-03,10,342,93,435
2016-12-03,11,405,118,523
2016-12-03,12,440,154,594
2016-12-03,13,389,178,567
2016-12-03,14,408,224,632
2016-12-03,15,396,159,555
2016-12-03,16,359,124,483
2016-12-03,17,292,87,379
2016-12-03,18,270,46,316
2016-12-03,19,234,28,262
2016-12-03,20,157,27,184
2016-12-03,21,121,16,137
2016-12-03,22,105,16,121
2016-12-03,23,85,14,99
2016-12-04,0,84,11,95
2016-12-04,1,58,5,63
2016-12-04,2,48,8,56
2016-12-04,3,29,9,38
2016-12-04,4,7,2,9
2016-12-04,5,9,1,10
2016-12-04,6,16,2,18
2016-12-04,7,98,7,105
2016-12-04,8,101,11,112
2016-12-04,9,218,45,263
2016-12-04,10,315,66,381
2016-12-04,11,380,103,483
2016-12-04,12,406,124,530
2016-12-04,13,387,130,517
2016-12-04,14,356,106,462
2016-12-04,15,388,128,516
2016-12-04,16,415,76,491
2016-12-04,17,302,49,351
2016-12-04,18,235,22,257
2016-12-04,19,196,13,209
2016-12-04,20,144,16,160
2016-12-04,21,72,8,80
2016-12-04,22,31,4,35
2016-12-04,23,21,2,23
2016-12-05,0,14,0,14
2016-12-05,1,2,1,3
2016-12-05,2,3,1,4
2016-12-05,4,5,2,7
2016-12-05,5,57,2,59
2016-12-05,6,231,4,235
2016-12-05,7,621,13,634
2016-12-05,8,934,27,961
2016-12-05,9,452,17,469
2016-12-05,10,211,27,238
2016-12-05,11,213,47,260
2016-12-05,12,272,69,341
2016-12-05,13,288,73,361
2016-12-05,14,212,69,281
2016-12-05,15,331,46,377
2016-12-05,16,558,75,633
2016-12-05,17,1073,44,1117
2016-12-05,18,884,48,932
2016-12-05,19,462,45,507
2016-12-05,20,303,31,334
2016-12-05,21,218,32,250
2016-12-05,22,114,24,138
2016-12-05,23,48,7,55
2016-12-06,0,24,9,33
2016-12-06,1,4,2,6
2016-12-06,2,4,0,4
2016-12-06,3,1,1,2
2016-12-06,4,10,0,10
2016-12-06,5,65,1,66
2016-12-06,6,292,6,298
2016-12-06,7,721,11,732
2016-12-06,8,857,20,877
2016-12-06,9,295,20,315
2016-12-06,10,91,2,93
2016-12-06,11,81,3,84
2016-12-06,12,90,7,97
2016-12-06,13,56,1,57
2016-12-06,14,31,4,35
2016-12-06,15,52,3,55
2016-12-06,16,91,7,98
2016-12-06,17,231,13,244
2016-12-06,18,234,7,241
2016-12-06,19,130,6,136
2016-12-06,20,150,13,163
2016-12-06,21,104,7,111
2016-12-06,22,91,6,97
2016-12-06,23,33,6,39
2016-12-07,0,19,3,22
2016-12-07,1,8,0,8
2016-12-07,2,4,2,6
2016-12-07,3,1,0,1
2016-12-07,4,8,0,8
2016-12-07,5,73,6,79
2016-12-07,6,258,5,263
2016-12-07,7,753,24,777
2016-12-07,8,988,32,1020
2016-12-07,9,438,26,464
2016-12-07,10,212,18,230
2016-12-07,11,221,27,248
2016-12-07,12,330,58,388
2016-12-07,13,322,43,365
2016-12-07,14,278,66,344
2016-12-07,15,356,58,414
2016-12-07,16,582,64,646
2016-12-07,17,1039,66,1105
2016-12-07,18,843,39,882
2016-12-07,19,514,38,552
2016-12-07,20,320,23,343
2016-12-07,21,220,15,235
2016-12-07,22,142,12,154
2016-12-07,23,88,13,101
2016-12-08,0,23,12,35
2016-12-08,1,14,6,20
2016-12-08,2,4,2,6
2016-12-08,3,1,0,1
2016-12-08,4,5,0,5
2016-12-08,5,59,5,64
2016-12-08,6,237,3,240
2016-12-08,7,709,20,729
2016-12-08,8,1094,35,1129
2016-12-08,9,533,27,560
2016-12-08,10,215,26,241
2016-12-08,11,239,35,274
2016-12-08,12,297,30,327
2016-12-08,13,277,41,318
2016-12-08,14,259,48,307
2016-12-08,15,330,39,369
2016-12-08,16,534,40,574
2016-12-08,17,882,51,933
2016-12-08,18,710,49,759
2016-12-08,19,423,19,442
2016-12-08,20,255,17,272
2016-12-08,21,190,20,210
2016-12-08,22,119,10,129
2016-12-08,23,47,2,49
2016-12-09,0,28,3,31
2016-12-09,1,12,3,15
2016-12-09,2,15,3,18
2016-12-09,3,1,1,2
2016-12-09,4,3,1,4
2016-12-09,5,46,2,48
2016-12-09,6,167,1,168
2016-12-09,7,461,13,474
2016-12-09,8,881,27,908
2016-12-09,9,429,26,455
2016-12-09,10,224,26,250
2016-12-09,11,240,34,274
2016-12-09,12,266,35,301
2016-12-09,13,248,42,290
2016-12-09,14,245,39,284
2016-12-09,15,323,46,369
2016-12-09,16,473,29,502
2016-12-09,17,658,38,696
2016-12-09,18,466,23,489
2016-12-09,19,272,16,288
2016-12-09,20,186,15,201
2016-12-09,21,147,8,155
2016-12-09,22,103,11,114
2016-12-09,23,70,13,83
2016-12-10,0,60,9,69
2016-12-10,1,39,6,45
2016-12-10,2,18,2,20
2016-12-10,3,9,2,11
2016-12-10,4,3,3,6
2016-12-10,5,3,2,5
2016-12-10,6,14,5,19
2016-12-10,7,63,11,74
2016-12-10,8,148,10,158
2016-12-10,9,212,29,241
2016-12-10,10,250,31,281
2016-12-10,11,279,63,342
2016-12-10,12,333,84,417
2016-12-10,13,352,101,453
2016-12-10,14,276,72,348
2016-12-10,15,318,86,404
2016-12-10,16,252,59,311
2016-12-10,17,210,53,263
2016-12-10,18,183,29,212
2016-12-10,19,134,16,150
2016-12-10,20,109,10,119
2016-12-10,21,102,9,111
2016-12-10,22,63,8,71
2016-12-10,23,61,11,72
2016-12-11,0,46,9,55
2016-12-11,1,45,7,52
2016-12-11,2,44,2,46
2016-12-11,3,10,4,14
2016-12-11,4,4,0,4
2016-12-11,5,9,1,10
2016-12-11,6,16,2,18
2016-12-11,7,36,3,39
2016-12-11,8,82,11,93
2016-12-11,9,141,24,165
2016-12-11,10,212,44,256
2016-12-11,11,263,56,319
2016-12-11,12,300,70,370
2016-12-11,13,324,65,389
2016-12-11,14,286,51,337
2016-12-11,15,295,63,358
2016-12-11,16,294,51,345
2016-12-11,17,228,35,263
2016-12-11,18,166,26,192
2016-12-11,19,173,13,186
2016-12-11,20,105,18,123
2016-12-11,21,77,14,91
2016-12-11,22,51,11,62
2016-12-11,23,23,5,28
2016-12-12,0,12,2,14
2016-12-12,1,8,0,8
2016-12-12,2,3,1,4
2016-12-12,3,3,0,3
2016-12-12,4,4,0,4
2016-12-12,5,27,2,29
2016-12-12,6,124,2,126
2016-12-12,7,426,9,435
2016-12-12,8,790,25,815
2016-12-12,9,428,14,442
2016-12-12,10,176,28,204
2016-12-12,11,168,26,194
2016-12-12,12,240,36,276
2016-12-12,13,234,47,281
2016-12-12,14,241,55,296
2016-12-12,15,308,57,365
2016-12-12,16,561,60,621
2016-12-12,17,998,60,1058
2016-12-12,18,742,52,794
2016-12-12,19,406,42,448
2016-12-12,20,241,25,266
2016-12-12,21,157,19,176
2016-12-12,22,102,8,110
2016-12-12,23,65,3,68
2016-12-13,0,25,7,32
2016-12-13,1,11,0,11
2016-12-13,2,6,0,6
2016-12-13,3,1,1,2
2016-12-13,4,6,0,6
2016-12-13,5,66,2,68
2016-12-13,6,234,3,237
2016-12-13,7,694,15,709
2016-12-13,8,1036,25,1061
2016-12-13,9,479,17,496
2016-12-13,10,194,16,210
2016-12-13,11,220,31,251
2016-12-13,12,258,27,285
2016-12-13,13,250,34,284
2016-12-13,14,227,45,272
2016-12-13,15,290,48,338
2016-12-13,16,535,23,558
2016-12-13,17,948,44,992
2016-12-13,18,730,37,767
2016-12-13,19,429,34,463
2016-12-13,20,270,18,288
2016-12-13,21,174,11,185
2016-12-13,22,124,25,149
2016-12-13,23,72,1,73
2016-12-14,0,19,2,21
2016-12-14,1,8,3,11
2016-12-14,2,3,1,4
2016-12-14,3,2,2,4
2016-12-14,4,10,0,10
2016-12-14,5,66,2,68
2016-12-14,6,250,8,258
2016-12-14,7,647,15,662
2016-12-14,8,934,32,966
2016-12-14,9,418,14,432
2016-12-14,10,188,9,197
2016-12-14,11,197,32,229
2016-12-14,12,270,21,291
2016-12-14,13,226,39,265
2016-12-14,14,234,45,279
2016-12-14,15,296,46,342
2016-12-14,16,504,35,539
2016-12-14,17,926,60,986
2016-12-14,18,786,39,825
2016-12-14,19,475,27,502
2016-12-14,20,276,28,304
2016-12-14,21,211,6,217
2016-12-14,22,111,16,127
2016-12-14,23,67,4,71
2016-12-15,0,35,5,40
2016-12-15,1,16,1,17
2016-12-15,2,5,2,7
2016-12-15,4,6,2,8
2016-12-15,5,58,0,58
2016-12-15,6,170,0,170
2016-12-15,7,455,7,462
2016-12-15,8,744,15,759
2016-12-15,9,310,15,325
2016-12-15,10,137,11,148
2016-12-15,11,102,4,106
2016-12-15,12,145,10,155
2016-12-15,13,134,3,137
2016-12-15,14,126,9,135
2016-12-15,15,175,7,182
2016-12-15,16,279,6,285
2016-12-15,17,499,22,521
2016-12-15,18,418,16,434
2016-12-15,19,220,2,222
2016-12-15,20,154,2,156
2016-12-15,21,121,5,126
2016-12-15,22,59,3,62
2016-12-15,23,40,1,41
2016-12-16,0,19,0,19
2016-12-16,1,9,1,10
2016-12-16,2,1,0,1
2016-12-16,3,1,0,1
2016-12-16,4,5,1,6
2016-12-16,5,36,0,36
2016-12-16,6,121,0,121
2016-12-16,7,314,7,321
2016-12-16,8,612,9,621
2016-12-16,9,334,4,338
2016-12-16,10,149,12,161
2016-12-16,11,182,6,188
2016-12-16,12,189,10,199
2016-12-16,13,180,18,198
2016-12-16,14,164,13,177
2016-12-16,15,247,12,259
2016-12-16,16,340,25,365
2016-12-16,17,460,29,489
2016-12-16,18,396,18,414
2016-12-16,19,184,11,195
2016-12-16,20,131,12,143
2016-12-16,21,102,9,111
2016-12-16,22,76,9,85
2016-12-16,23,55,4,59
2016-12-17,0,41,2,43
2016-12-17,1,36,8,44
2016-12-17,2,17,5,22
2016-12-17,3,10,1,11
2016-12-17,4,6,0,6
2016-12-17,5,3,0,3
2016-12-17,6,4,0,4
2016-12-17,7,10,1,11
2016-12-17,8,18,2,20
2016-12-17,9,27,0,27
2016-12-17,10,52,2,54
2016-12-17,11,51,2,53
2016-12-17,12,127,4,131
2016-12-17,13,107,13,120
2016-12-17,14,200,23,223
2016-12-17,15,228,40,268
2016-12-17,16,263,32,295
2016-12-17,17,225,32,257
2016-12-17,18,177,18,195
2016-12-17,19,133,15,148
2016-12-17,20,112,6,118
2016-12-17,21,96,16,112
2016-12-17,22,75,4,79
2016-12-17,23,68,7,75
2016-12-18,0,53,11,64
2016-12-18,1,51,5,56
2016-12-18,2,31,13,44
2016-12-18,3,26,3,29
2016-12-18,4,5,1,6
2016-12-18,5,7,2,9
2016-12-18,6,5,1,6
2016-12-18,7,31,7,38
2016-12-18,8,83,9,92
2016-12-18,9,111,20,131
2016-12-18,10,220,26,246
2016-12-18,11,268,42,310
2016-12-18,12,306,73,379
2016-12-18,13,275,62,337
2016-12-18,14,176,23,199
2016-12-18,15,204,25,229
2016-12-18,16,266,28,294
2016-12-18,17,188,26,214
2016-12-18,18,193,10,203
2016-12-18,19,150,12,162
2016-12-18,20,70,5,75
2016-12-18,21,92,10,102
2016-12-18,22,49,9,58
2016-12-18,23,28,2,30
2016-12-19,0,12,2,14
2016-12-19,1,7,0,7
2016-12-19,2,1,1,2
2016-12-19,3,1,0,1
2016-12-19,4,5,5,10
2016-12-19,5,49,2,51
2016-12-19,6,167,4,171
2016-12-19,7,492,8,500
2016-12-19,8,763,5,768
2016-12-19,9,395,23,418
2016-12-19,10,159,32,191
2016-12-19,11,189,39,228
2016-12-19,12,262,50,312
2016-12-19,13,221,66,287
2016-12-19,14,198,56,254
2016-12-19,15,264,66,330
2016-12-19,16,399,45,444
2016-12-19,17,753,31,784
2016-12-19,18,651,25,676
2016-12-19,19,375,8,383
2016-12-19,20,219,9,228
2016-12-19,21,132,7,139
2016-12-19,22,67,9,76
2016-12-19,23,53,1,54
2016-12-20,0,23,6,29
2016-12-20,1,16,0,16
2016-12-20,2,5,0,5
2016-12-20,3,1,1,2
2016-12-20,4,5,0,5
2016-12-20,5,73,1,74
2016-12-20,6,188,3,191
2016-12-20,7,466,3,469
2016-12-20,8,773,13,786
2016-12-20,9,382,18,400
2016-12-20,10,161,23,184
2016-12-20,11,199,43,242
2016-12-20,12,225,43,268
2016-12-20,13,212,39,251
2016-12-20,14,207,40,247
2016-12-20,15,259,29,288
2016-12-20,16,408,28,436
2016-12-20,17,699,35,734
2016-12-20,18,585,24,609
2016-12-20,19,333,11,344
2016-12-20,20,220,10,230
2016-12-20,21,157,10,167
2016-12-20,22,82,1,83
2016-12-20,23,43,3,46
2016-12-21,0,19,0,19
2016-12-21,1,3,0,3
2016-12-21,2,3,0,3
2016-12-21,3,3,0,3
2016-12-21,4,8,2,10
2016-12-21,5,61,2,63
2016-12-21,6,166,1,167
2016-12-21,7,465,6,471
2016-12-21,8,756,19,775
2016-12-21,9,434,23,457
2016-12-21,10,200,27,227
2016-12-21,11,219,39,258
2016-12-21,12,289,50,339
2016-12-21,13,269,50,319
2016-12-21,14,253,66,319
2016-12-21,15,293,66,359
2016-12-21,16,460,56,516
2016-12-21,17,756,40,796
2016-12-21,18,546,40,586
2016-12-21,19,374,25,399
2016-12-21,20,171,19,190
2016-12-21,21,135,6,141
2016-12-21,22,94,13,107
2016-12-21,23,50,10,60
2016-12-22,0,26,4,30
2016-12-22,1,11,0,11
2016-12-22,2,8,0,8
2016-12-22,3,4,0,4
2016-12-22,4,2,1,3
2016-12-22,5,39,6,45
2016-12-22,6,149,8,157
2016-12-22,7,407,6,413
2016-12-22,8,671,22,693
2016-12-22,9,415,33,448
2016-12-22,10,195,38,233
2016-12-22,11,247,62,309
2016-12-22,12,320,59,379
2016-12-22,13,346,94,440
2016-12-22,14,281,91,372
2016-12-22,15,306,69,375
2016-12-22,16,465,44,509
2016-12-22,17,576,46,622
2016-12-22,18,427,29,456
2016-12-22,19,249,15,264
2016-12-22,20,162,19,181
2016-12-22,21,109,9,118
2016-12-22,22,60,10,70
2016-12-22,23,42,5,47
2016-12-23,0,25,2,27
2016-12-23,1,17,1,18
2016-12-23,2,4,1,5
2016-12-23,3,1,3,4
2016-12-23,4,3,1,4
2016-12-23,5,35,0,35
2016-12-23,6,80,1,81
2016-12-23,7,192,4,196
2016-12-23,8,376,21,397
2016-12-23,9,255,22,277
2016-12-23,10,176,44,220
2016-12-23,11,195,47,242
2016-12-23,12,274,34,308
2016-12-23,13,315,56,371
2016-12-23,14,345,65,410
2016-12-23,15,341,56,397
2016-12-23,16,310,51,361
2016-12-23,17,240,37,277
2016-12-23,18,180,16,196
2016-12-23,19,91,21,112
2016-12-23,20,86,13,99
2016-12-23,21,72,10,82
2016-12-23,22,39,11,50
2016-12-23,23,34,6,40
2016-12-24,0,23,5,28
2016-12-24,1,20,1,21
2016-12-24,2,13,0,13
2016-12-24,3,9,0,9
2016-12-24,4,4,5,9
2016-12-24,5,1,0,1
2016-12-24,6,2,0,2
2016-12-24,7,10,0,10
2016-12-24,8,14,2,16
2016-12-24,9,26,2,28
2016-12-24,10,42,2,44
2016-12-24,11,80,3,83
2016-12-24,12,111,17,128
2016-12-24,13,125,33,158
2016-12-24,14,113,45,158
2016-12-24,15,93,45,138
2016-12-24,16,93,41,134
2016-12-24,17,79,38,117
2016-12-24,18,68,11,79
2016-12-24,19,57,13,70
2016-12-24,20,25,4,29
2016-12-24,21,31,7,38
2016-12-24,22,35,4,39
2016-12-24,23,17,3,20
2016-12-25,0,11,0,11
2016-12-25,1,8,4,12
2016-12-25,2,8,3,11
2016-12-25,3,1,0,1
2016-12-25,5,7,1,8
2016-12-25,6,9,1,10
2016-12-25,7,6,1,7
2016-12-25,8,15,6,21
2016-12-25,9,34,11,45
2016-12-25,10,58,50,108
2016-12-25,11,75,114,189
2016-12-25,12,70,161,231
2016-12-25,13,109,198,307
2016-12-25,14,87,206,293
2016-12-25,15,115,179,294
2016-12-25,16,98,152,250
2016-12-25,17,58,60,118
2016-12-25,18,42,30,72
2016-12-25,19,29,26,55
2016-12-25,20,21,11,32
2016-12-25,21,25,13,38
2016-12-25,22,18,5,23
2016-12-25,23,11,8,19
2016-12-26,0,10,11,21
2016-12-26,1,4,2,6
2016-12-26,2,4,3,7
2016-12-26,4,2,0,2
2016-12-26,5,6,1,7
2016-12-26,6,16,4,20
2016-12-26,7,29,5,34
2016-12-26,8,32,21,53
2016-12-26,9,75,40,115
2016-12-26,10,72,45,117
2016-12-26,11,117,57,174
2016-12-26,12,107,82,189
2016-12-26,13,116,97,213
2016-12-26,14,112,92,204
2016-12-26,15,170,90,260
2016-12-26,16,169,111,280
2016-12-26,17,141,42,183
2016-12-26,18,115,36,151
2016-12-26,19,87,28,115
2016-12-26,20,56,25,81
2016-12-26,21,48,16,64
2016-12-26,22,36,6,42
2016-12-26,23,19,4,23
2016-12-27,0,11,4,15
2016-12-27,1,7,4,11
2016-12-27,2,2,0,2
2016-12-27,4,1,2,3
2016-12-27,5,32,0,32
2016-12-27,6,99,2,101
2016-12-27,7,203,11,214
2016-12-27,8,328,25,353
2016-12-27,9,257,58,315
2016-12-27,10,145,79,224
2016-12-27,11,164,126,290
2016-12-27,12,237,114,351
2016-12-27,13,242,184,426
2016-12-27,14,242,239,481
2016-12-27,15,303,230,533
2016-12-27,16,389,209,598
2016-12-27,17,531,160,691
2016-12-27,18,390,71,461
2016-12-27,19,232,40,272
2016-12-27,20,150,29,179
2016-12-27,21,89,26,115
2016-12-27,22,66,25,91
2016-12-27,23,38,7,45
2016-12-28,0,16,6,22
2016-12-28,1,8,4,12
2016-12-28,2,5,2,7
2016-12-28,3,2,1,3
2016-12-28,4,5,3,8
2016-12-28,5,39,3,42
2016-12-28,6,129,2,131
2016-12-28,7,287,11,298
2016-12-28,8,468,46,514
2016-12-28,9,308,87,395
2016-12-28,10,170,167,337
2016-12-28,11,184,191,375
2016-12-28,12,266,205,471
2016-12-28,13,255,221,476
2016-12-28,14,214,195,409
2016-12-28,15,263,217,480
2016-12-28,16,414,189,603
2016-12-28,17,545,139,684
2016-12-28,18,387,69,456
2016-12-28,19,205,59,264
2016-12-28,20,119,19,138
2016-12-28,21,97,29,126
2016-12-28,22,64,31,95
2016-12-28,23,36,14,50
2016-12-29,0,13,4,17
2016-12-29,1,7,8,15
2016-12-29,2,6,0,6
2016-12-29,4,1,0,1
2016-12-29,5,13,0,13
2016-12-29,6,36,1,37
2016-12-29,7,117,7,124
2016-12-29,8,169,6,175
2016-12-29,9,153,24,177
2016-12-29,10,124,37,161
2016-12-29,11,137,52,189
2016-12-29,12,196,80,276
2016-12-29,13,191,67,258
2016-12-29,14,202,104,306
2016-12-29,15,265,124,389
2016-12-29,16,372,122,494
2016-12-29,17,516,78,594
2016-12-29,18,358,34,392
2016-12-29,19,214,24,238
2016-12-29,20,108,16,124
2016-12-29,21,99,22,121
2016-12-29,22,70,19,89
2016-12-29,23,45,13,58
2016-12-30,0,15,3,18
2016-12-30,1,16,4,20
2016-12-30,2,11,4,15
2016-12-30,3,3,0,3
2016-12-30,4,1,0,1
2016-12-30,5,23,1,24
2016-12-30,6,89,7,96
2016-12-30,7,208,15,223
2016-12-30,8,368,34,402
2016-12-30,9,257,50,307
2016-12-30,10,168,47,215
2016-12-30,11,192,90,282
2016-12-30,12,211,80,291
2016-12-30,13,268,99,367
2016-12-30,14,235,98,333
2016-12-30,15,321,90,411
2016-12-30,16,327,65,392
2016-12-30,17,286,41,327
2016-12-30,18,212,36,248
2016-12-30,19,136,21,157
2016-12-30,20,100,18,118
2016-12-30,21,72,11,83
2016-12-30,22,52,5,57
2016-12-30,23,44,13,57
2016-12-31,0,32,7,39
2016-12-31,1,26,4,30
2016-12-31,2,7,1,8
2016-12-31,3,11,3,14
2016-12-31,4,2,0,2
2016-12-31,5,2,1,3
2016-12-31,6,9,1,10
2016-12-31,7,27,2,29
2016-12-31,8,77,15,92
2016-12-31,9,103,47,150
2016-12-31,10,173,88,261
2016-12-31,11,197,98,295
2016-12-31,12,218,120,338
2016-12-31,13,194,127,321
2016-12-31,14,186,142,328
2016-12-31,15,173,105,278
2016-12-31,16,206,49,255
2016-12-31,17,150,62,212
2016-12-31,18,127,17,144
2016-12-31,19,107,19,126
2016-12-31,20,73,18,91
2016-12-31,21,59,17,76
2016-12-31,22,40,17,57
2016-12-31,23,41,17,58
2017-01-01,0,54,23,77
2017-01-01,1,64,16,80
2017-01-01,2,57,5,62
2017-01-01,3,15,3,18
2017-01-01,4,5,0,5
2017-01-01,5,3,2,5
2017-01-01,6,7,1,8
2017-01-01,7,20,4,24
2017-01-01,8,46,7,53
2017-01-01,9,93,15,108
2017-01-01,10,118,50,168
2017-01-01,11,163,85,248
2017-01-01,12,206,169,375
2017-01-01,13,223,197,420
2017-01-01,14,216,306,522
2017-01-01,15,275,271,546
2017-01-01,16,254,136,390
2017-01-01,17,172,129,301
2017-01-01,18,129,55,184
2017-01-01,19,130,32,162
2017-01-01,20,81,29,110
2017-01-01,21,66,25,91
2017-01-01,22,50,10,60
2017-01-01,23,36,10,46
2017-01-02,0,23,22,45
2017-01-02,1,8,14,22
2017-01-02,2,5,1,6
2017-01-02,3,1,0,1
2017-01-02,4,2,0,2
2017-01-02,5,10,0,10
2017-01-02,6,19,1,20
2017-01-02,7,31,2,33
2017-01-02,8,33,8,41
2017-01-02,9,41,9,50
2017-01-02,10,65,11,76
2017-01-02,11,104,15,119
2017-01-02,12,96,7,103
2017-01-02,13,83,11,94
2017-01-02,14,79,6,85
2017-01-02,15,89,9,98
2017-01-02,16,128,15,143
2017-01-02,17,157,14,171
2017-01-02,18,144,6,150
2017-01-02,19,106,8,114
2017-01-02,20,87,8,95
2017-01-02,21,70,7,77
2017-01-02,22,48,2,50
2017-01-02,23,28,5,33
2017-01-03,0,12,1,13
2017-01-03,1,4,1,5
2017-01-03,2,2,0,2
2017-01-03,4,2,0,2
2017-01-03,5,47,0,47
2017-01-03,6,87,2,89
2017-01-03,7,127,3,130
2017-01-03,8,173,5,178
2017-01-03,9,54,3,57
2017-01-03,10,33,4,37
2017-01-03,11,44,8,52
2017-01-03,12,71,11,82
2017-01-03,13,113,12,125
2017-01-03,14,119,10,129
2017-01-03,15,204,17,221
2017-01-03,16,361,30,391
2017-01-03,17,727,39,766
2017-01-03,18,611,26,637
2017-01-03,19,307,31,338
2017-01-03,20,186,9,195
2017-01-03,21,120,22,142
2017-01-03,22,82,15,97
2017-01-03,23,31,5,36
2017-01-04,0,11,5,16
2017-01-04,1,5,3,8
2017-01-04,2,3,3,6
2017-01-04,3,0,1,1
2017-01-04,4,8,0,8
2017-01-04,5,65,1,66
2017-01-04,6,230,4,234
2017-01-04,7,621,12,633
2017-01-04,8,921,24,945
2017-01-04,9,396,27,423
2017-01-04,10,95,18,113
2017-01-04,11,152,42,194
2017-01-04,12,227,49,276
2017-01-04,13,226,73,299
2017-01-04,14,209,132,341
2017-01-04,15,304,99,403
2017-01-04,16,486,102,588
2017-01-04,17,903,60,963
2017-01-04,18,708,30,738
2017-01-04,19,400,22,422
2017-01-04,20,188,17,205
2017-01-04,21,155,12,167
2017-01-04,22,80,9,89
2017-01-04,23,44,3,47
2017-01-05,0,20,3,23
2017-01-05,1,4,5,9
2017-01-05,2,1,1,2
2017-01-05,3,1,1,2
2017-01-05,4,2,0,2
2017-01-05,5,61,0,61
2017-01-05,6,207,1,208
2017-01-05,7,537,10,547
2017-01-05,8,832,17,849
2017-01-05,9,402,14,416
2017-01-05,10,153,21,174
2017-01-05,11,175,36,211
2017-01-05,12,198,32,230
2017-01-05,13,218,42,260
2017-01-05,14,196,26,222
2017-01-05,15,243,40,283
2017-01-05,16,380,48,428
2017-01-05,17,742,35,777
2017-01-05,18,591,20,611
2017-01-05,19,362,14,376
2017-01-05,20,225,12,237
2017-01-05,21,122,14,136
2017-01-05,22,99,7,106
2017-01-05,23,41,3,44
2017-01-06,0,16,3,19
2017-01-06,1,4,1,5
2017-01-06,2,5,2,7
2017-01-06,3,2,0,2
2017-01-06,4,3,0,3
2017-01-06,5,48,2,50
2017-01-06,6,148,2,150
2017-01-06,7,436,3,439
2017-01-06,8,774,13,787
2017-01-06,9,392,14,406
2017-01-06,10,145,14,159
2017-01-06,11,178,32,210
2017-01-06,12,229,37,266
2017-01-06,13,213,36,249
2017-01-06,14,202,22,224
2017-01-06,15,256,23,279
2017-01-06,16,384,22,406
2017-01-06,17,689,32,721
2017-01-06,18,485,15,500
2017-01-06,19,242,16,258
2017-01-06,20,157,4,161
2017-01-06,21,110,9,119
2017-01-06,22,87,5,92
2017-01-06,23,56,2,58
2017-01-07,0,42,0,42
2017-01-07,1,36,3,39
2017-01-07,2,16,5,21
2017-01-07,3,7,0,7
2017-01-07,4,4,0,4
2017-01-07,5,4,1,5
2017-01-07,6,9,0,9
2017-01-07,7,56,1,57
2017-01-07,8,93,6,99
2017-01-07,9,128,7,135
2017-01-07,10,179,18,197
2017-01-07,11,169,14,183
2017-01-07,12,103,12,115
2017-01-07,13,81,9,90
2017-01-07,14,94,4,98
2017-01-07,15,119,11,130
2017-01-07,16,114,12,126
2017-01-07,17,101,10,111
2017-01-07,18,99,7,106
2017-01-07,19,60,4,64
2017-01-07,20,61,2,63
2017-01-07,21,34,1,35
2017-01-07,22,36,1,37
2017-01-07,23,33,3,36
2017-01-08,0,32,1,33
2017-01-08,1,19,0,19
2017-01-08,2,12,0,12
2017-01-08,3,7,0,7
2017-01-08,5,1,0,1
2017-01-08,6,8,0,8
2017-01-08,7,21,1,22
2017-01-08,8,63,5,68
2017-01-08,9,64,7,71
2017-01-08,10,137,7,144
2017-01-08,11,127,16,143
2017-01-08,12,187,7,194
2017-01-08,13,149,27,176
2017-01-08,14,134,15,149
2017-01-08,15,177,16,193
2017-01-08,16,151,14,165
2017-01-08,17,143,6,149
2017-01-08,18,94,8,102
2017-01-08,19,81,2,83
2017-01-08,20,67,1,68
2017-01-08,21,45,3,48
2017-01-08,22,44,4,48
2017-01-08,23,15,2,17
2017-01-09,0,6,0,6
2017-01-09,1,2,0,2
2017-01-09,2,3,1,4
2017-01-09,4,3,1,4
2017-01-09,5,55,0,55
2017-01-09,6,167,0,167
2017-01-09,7,390,6,396
2017-01-09,8,594,14,608
2017-01-09,9,295,11,306
2017-01-09,10,119,6,125
2017-01-09,11,108,19,127
2017-01-09,12,164,13,177
2017-01-09,13,140,17,157
2017-01-09,14,127,19,146
2017-01-09,15,154,17,171
2017-01-09,16,304,17,321
2017-01-09,17,621,14,635
2017-01-09,18,520,9,529
2017-01-09,19,302,8,310
2017-01-09,20,163,9,172
2017-01-09,21,109,4,113
2017-01-09,22,52,4,56
2017-01-09,23,25,5,30
2017-01-10,0,21,0,21
2017-01-10,1,7,1,8
2017-01-10,2,2,0,2
2017-01-10,4,1,0,1
2017-01-10,5,51,0,51
2017-01-10,6,187,0,187
2017-01-10,7,458,15,473
2017-01-10,8,748,26,774
2017-01-10,9,349,16,365
2017-01-10,10,136,10,146
2017-01-10,11,141,12,153
2017-01-10,12,176,16,192
2017-01-10,13,203,13,216
2017-01-10,14,175,17,192
2017-01-10,15,207,15,222
2017-01-10,16,375,25,400
2017-01-10,17,696,16,712
2017-01-10,18,589,11,600
2017-01-10,19,337,10,347
2017-01-10,20,226,12,238
2017-01-10,21,146,3,149
2017-01-10,22,91,10,101
2017-01-10,23,40,16,56
2017-01-11,0,14,5,19
2017-01-11,1,4,1,5
2017-01-11,2,3,1,4
2017-01-11,3,1,0,1
2017-01-11,4,4,0,4
2017-01-11,5,52,1,53
2017-01-11,6,227,4,231
2017-01-11,7,581,14,595
2017-01-11,8,979,32,1011
2017-01-11,9,456,27,483
2017-01-11,10,189,38,227
2017-01-11,11,212,46,258
2017-01-11,12,276,53,329
2017-01-11,13,250,49,299
2017-01-11,14,239,70,309
2017-01-11,15,295,57,352
2017-01-11,16,470,62,532
2017-01-11,17,935,52,987
2017-01-11,18,754,29,783
2017-01-11,19,254,5,259
2017-01-11,20,167,5,172
2017-01-11,21,141,11,152
2017-01-11,22,108,16,124
2017-01-11,23,67,11,78
2017-01-12,0,26,4,30
2017-01-12,1,13,1,14
2017-01-12,2,2,2,4
2017-01-12,3,5,0,5
2017-01-12,4,8,1,9
2017-01-12,5,54,0,54
2017-01-12,6,230,7,237
2017-01-12,7,652,11,663
2017-01-12,8,1042,36,1078
2017-01-12,9,434,39,473
2017-01-12,10,194,40,234
2017-01-12,11,223,56,279
2017-01-12,12,300,66,366
2017-01-12,13,329,62,391
2017-01-12,14,288,74,362
2017-01-12,15,395,100,495
2017-01-12,16,597,85,682
2017-01-12,17,1059,111,1170
2017-01-12,18,889,78,967
2017-01-12,19,540,56,596
2017-01-12,20,358,31,389
2017-01-12,21,268,33,301
2017-01-12,22,153,28,181
2017-01-12,23,88,23,111
2017-01-13,0,43,17,60
2017-01-13,1,23,20,43
2017-01-13,2,10,3,13
2017-01-13,3,2,2,4
2017-01-13,4,8,2,10
2017-01-13,5,65,2,67
2017-01-13,6,193,1,194
2017-01-13,7,592,11,603
2017-01-13,8,1021,33,1054
2017-01-13,9,472,33,505
2017-01-13,10,208,35,243
2017-01-13,11,246,55,301
2017-01-13,12,322,62,384
2017-01-13,13,322,85,407
2017-01-13,14,323,109,432
2017-01-13,15,383,104,487
2017-01-13,16,580,107,687
2017-01-13,17,826,72,898
2017-01-13,18,598,37,635
2017-01-13,19,387,22,409
2017-01-13,20,167,30,197
2017-01-13,21,143,26,169
2017-01-13,22,117,21,138
2017-01-13,23,81,10,91
2017-01-14,0,58,6,64
2017-01-14,1,49,6,55
2017-01-14,2,31,6,37
2017-01-14,3,11,1,12
2017-01-14,4,3,1,4
2017-01-14,5,4,1,5
2017-01-14,6,21,0,21
2017-01-14,7,43,1,44
2017-01-14,8,75,0,75
2017-01-14,9,115,10,125
2017-01-14,10,135,9,144
2017-01-14,11,166,9,175
2017-01-14,12,121,14,135
2017-01-14,13,93,10,103
2017-01-14,14,124,21,145
2017-01-14,15,181,21,202
2017-01-14,16,102,11,113
2017-01-14,17,72,4,76
2017-01-14,18,61,2,63
2017-01-14,19,45,6,51
2017-01-14,20,36,6,42
2017-01-14,21,50,4,54
2017-01-14,22,52,5,57
2017-01-14,23,51,11,62
2017-01-15,0,50,2,52
2017-01-15,1,35,0,35
2017-01-15,2,19,3,22
2017-01-15,3,12,1,13
2017-01-15,4,6,0,6
2017-01-15,5,5,2,7
2017-01-15,6,15,0,15
2017-01-15,7,33,5,38
2017-01-15,8,79,15,94
2017-01-15,9,167,35,202
2017-01-15,10,271,80,351
2017-01-15,11,328,77,405
2017-01-15,12,376,143,519
2017-01-15,13,431,212,643
2017-01-15,14,383,194,577
2017-01-15,15,401,214,615
2017-01-15,16,336,185,521
2017-01-15,17,258,93,351
2017-01-15,18,198,62,260
2017-01-15,19,134,32,166
2017-01-15,20,138,26,164
2017-01-15,21,103,27,130
2017-01-15,22,76,19,95
2017-01-15,23,58,9,67
2017-01-16,0,33,10,43
2017-01-16,1,24,2,26
2017-01-16,2,4,5,9
2017-01-16,3,10,3,13
2017-01-16,4,2,2,4
2017-01-16,5,14,0,14
2017-01-16,6,39,1,40
2017-01-16,7,109,2,111
2017-01-16,8,186,14,200
2017-01-16,9,178,42,220
2017-01-16,10,219,24,243
2017-01-16,11,275,55,330
2017-01-16,12,328,49,377
2017-01-16,13,282,63,345
2017-01-16,14,321,69,390
2017-01-16,15,315,60,375
2017-01-16,16,325,57,382
2017-01-16,17,336,39,375
2017-01-16,18,308,33,341
2017-01-16,19,208,14,222
2017-01-16,20,170,7,177
2017-01-16,21,104,15,119
2017-01-16,22,91,12,103
2017-01-16,23,26,0,26
2017-01-17,0,16,0,16
2017-01-17,1,7,1,8
2017-01-17,2,6,1,7
2017-01-17,4,9,0,9
2017-01-17,5,63,3,66
2017-01-17,6,224,4,228
2017-01-17,7,548,4,552
2017-01-17,8,846,24,870
2017-01-17,9,276,7,283
2017-01-17,10,52,4,56
2017-01-17,11,137,2,139
2017-01-17,12,174,16,190
2017-01-17,13,149,4,153
2017-01-17,14,76,5,81
2017-01-17,15,113,2,115
2017-01-17,16,331,8,339
2017-01-17,17,692,20,712
2017-01-17,18,655,30,685
2017-01-17,19,412,8,420
2017-01-17,20,288,12,300
2017-01-17,21,176,12,188
2017-01-17,22,93,7,100
2017-01-17,23,48,9,57
2017-01-18,0,14,2,16
2017-01-18,1,8,0,8
2017-01-18,2,6,0,6
2017-01-18,3,4,2,6
2017-01-18,4,4,0,4
2017-01-18,5,58,0,58
2017-01-18,6,205,6,211
2017-01-18,7,547,14,561
2017-01-18,8,885,38,923
2017-01-18,9,411,10,421
2017-01-18,10,216,34,250
2017-01-18,11,238,29,267
2017-01-18,12,316,49,365
2017-01-18,13,280,48,328
2017-01-18,14,250,37,287
2017-01-18,15,295,55,350
2017-01-18,16,428,47,475
2017-01-18,17,804,65,869
2017-01-18,18,709,28,737
2017-01-18,19,454,27,481
2017-01-18,20,299,8,307
2017-01-18,21,211,14,225
2017-01-18,22,115,14,129
2017-01-18,23,53,8,61
2017-01-19,0,28,6,34
2017-01-19,1,9,5,14
2017-01-19,2,6,4,10
2017-01-19,4,4,1,5
2017-01-19,5,46,3,49
2017-01-19,6,162,4,166
2017-01-19,7,448,14,462
2017-01-19,8,693,38,731
2017-01-19,9,406,26,432
2017-01-19,10,209,39,248
2017-01-19,11,236,54,290
2017-01-19,12,306,93,399
2017-01-19,13,299,70,369
2017-01-19,14,274,89,363
2017-01-19,15,345,116,461
2017-01-19,16,441,83,524
2017-01-19,17,678,115,793
2017-01-19,18,625,82,707
2017-01-19,19,409,60,469
2017-01-19,20,264,31,295
2017-01-19,21,220,51,271
2017-01-19,22,157,34,191
2017-01-19,23,80,13,93
2017-01-20,0,71,8,79
2017-01-20,1,37,15,52
2017-01-20,2,26,5,31
2017-01-20,3,14,5,19
2017-01-20,4,18,0,18
2017-01-20,5,44,15,59
2017-01-20,6,78,17,95
2017-01-20,7,143,35,178
2017-01-20,8,233,49,282
2017-01-20,9,194,75,269
2017-01-20,10,270,91,361
2017-01-20,11,297,112,409
2017-01-20,12,283,109,392
2017-01-20,13,292,151,443
2017-01-20,14,280,138,418
2017-01-20,15,255,102,357
2017-01-20,16,290,119,409
2017-01-20,17,314,85,399
2017-01-20,18,281,55,336
2017-01-20,19,245,46,291
2017-01-20,20,192,40,232
2017-01-20,21,134,43,177
2017-01-20,22,105,34,139
2017-01-20,23,86,35,121
2017-01-21,0,70,27,97
2017-01-21,1,37,25,62
2017-01-21,2,24,12,36
2017-01-21,3,9,0,9
2017-01-21,4,7,1,8
2017-01-21,5,11,9,20
2017-01-21,6,30,19,49
2017-01-21,7,109,50,159
2017-01-21,8,336,197,533
2017-01-21,9,444,390,834
2017-01-21,10,348,312,660
2017-01-21,11,295,232,527
2017-01-21,12,334,254,588
2017-01-21,13,290,259,549
2017-01-21,14,406,307,713
2017-01-21,15,449,368,817
2017-01-21,16,424,350,774
2017-01-21,17,301,224,525
2017-01-21,18,228,125,353
2017-01-21,19,172,69,241
2017-01-21,20,140,48,188
2017-01-21,21,104,54,158
2017-01-21,22,92,48,140
2017-01-21,23,85,32,117
2017-01-22,0,73,24,97
2017-01-22,1,54,24,78
2017-01-22,2,23,17,40
2017-01-22,3,12,5,17
2017-01-22,4,3,1,4
2017-01-22,5,3,1,4
2017-01-22,6,12,0,12
2017-01-22,7,29,11,40
2017-01-22,8,71,25,96
2017-01-22,9,166,55,221
2017-01-22,10,252,92,344
2017-01-22,11,286,164,450
2017-01-22,12,365,172,537
2017-01-22,13,359,196,555
2017-01-22,14,296,151,447
2017-01-22,15,124,29,153
2017-01-22,16,147,82,229
2017-01-22,17,152,47,199
2017-01-22,18,133,22,155
2017-01-22,19,117,23,140
2017-01-22,20,65,12,77
2017-01-22,21,68,10,78
2017-01-22,22,55,14,69
2017-01-22,23,21,3,24
2017-01-23,0,7,12,19
2017-01-23,1,6,1,7
2017-01-23,2,4,0,4
2017-01-23,3,0,4,4
2017-01-23,4,3,0,3
2017-01-23,5,38,0,38
2017-01-23,6,124,0,124
2017-01-23,7,217,3,220
2017-01-23,8,277,10,287
2017-01-23,9,133,8,141
2017-01-23,10,49,7,56
2017-01-23,11,50,4,54
2017-01-23,12,54,3,57
2017-01-23,13,38,2,40
2017-01-23,14,43,0,43
2017-01-23,15,86,2,88
2017-01-23,16,171,2,173
2017-01-23,17,434,16,450
2017-01-23,18,409,18,427
2017-01-23,19,265,7,272
2017-01-23,20,167,7,174
2017-01-23,21,121,4,125
2017-01-23,22,63,7,70
2017-01-23,23,28,1,29
2017-01-24,0,12,1,13
2017-01-24,1,10,0,10
2017-01-24,2,2,0,2
2017-01-24,4,5,0,5
2017-01-24,5,56,0,56
2017-01-24,6,222,1,223
2017-01-24,7,600,6,606
2017-01-24,8,926,25,951
2017-01-24,9,414,13,427
2017-01-24,10,191,27,218
2017-01-24,11,209,32,241
2017-01-24,12,214,39,253
2017-01-24,13,232,36,268
2017-01-24,14,199,25,224
2017-01-24,15,307,21,328
2017-01-24,16,528,32,560
2017-01-24,17,894,39,933
2017-01-24,18,807,28,835
2017-01-24,19,466,28,494
2017-01-24,20,315,18,333
2017-01-24,21,198,21,219
2017-01-24,22,116,16,132
2017-01-24,23,50,8,58
2017-01-25,0,15,2,17
2017-01-25,1,6,1,7
2017-01-25,2,5,0,5
2017-01-25,4,9,0,9
2017-01-25,5,83,2,85
2017-01-25,6,257,4,261
2017-01-25,7,726,11,737
2017-01-25,8,1037,46,1083
2017-01-25,9,425,19,444
2017-01-25,10,168,26,194
2017-01-25,11,229,44,273
2017-01-25,12,287,55,342
2017-01-25,13,285,72,357
2017-01-25,14,278,85,363
2017-01-25,15,382,104,486
2017-01-25,16,615,84,699
2017-01-25,17,1144,87,1231
2017-01-25,18,888,61,949
2017-01-25,19,567,31,598
2017-01-25,20,340,13,353
2017-01-25,21,257,13,270
2017-01-25,22,157,19,176
2017-01-25,23,70,14,84
2017-01-26,0,18,1,19
2017-01-26,1,9,1,10
2017-01-26,2,8,1,9
2017-01-26,3,5,1,6
2017-01-26,4,10,0,10
2017-01-26,5,57,1,58
2017-01-26,6,242,2,244
2017-01-26,7,681,16,697
2017-01-26,8,1095,36,1131
2017-01-26,9,470,29,499
2017-01-26,10,191,26,217
2017-01-26,11,248,31,279
2017-01-26,12,311,49,360
2017-01-26,13,284,30,314
2017-01-26,14,280,27,307
2017-01-26,15,331,42,373
2017-01-26,16,485,35,520
2017-01-26,17,942,32,974
2017-01-26,18,752,32,784
2017-01-26,19,459,24,483
2017-01-26,20,325,21,346
2017-01-26,21,190,7,197
2017-01-26,22,125,13,138
2017-01-26,23,67,6,73
2017-01-27,0,25,0,25
2017-01-27,1,18,1,19
2017-01-27,2,2,0,2
2017-01-27,3,1,0,1
2017-01-27,4,7,0,7
2017-01-27,5,62,1,63
2017-01-27,6,180,2,182
2017-01-27,7,581,16,597
2017-01-27,8,932,22,954
2017-01-27,9,454,20,474
2017-01-27,10,196,34,230
2017-01-27,11,211,38,249
2017-01-27,12,280,53,333
2017-01-27,13,272,51,323
2017-01-27,14,212,39,251
2017-01-27,15,334,41,375
2017-01-27,16,493,63,556
2017-01-27,17,804,56,860
2017-01-27,18,544,38,582
2017-01-27,19,293,14,307
2017-01-27,20,169,16,185
2017-01-27,21,113,11,124
2017-01-27,22,117,3,120
2017-01-27,23,63,5,68
2017-01-28,0,54,5,59
2017-01-28,1,33,12,45
2017-01-28,2,23,7,30
2017-01-28,3,12,4,16
2017-01-28,4,9,3,12
2017-01-28,5,5,0,5
2017-01-28,6,14,0,14
2017-01-28,7,63,1,64
2017-01-28,8,123,16,139
2017-01-28,9,216,41,257
2017-01-28,10,280,57,337
2017-01-28,11,303,88,391
2017-01-28,12,380,104,484
2017-01-28,13,349,144,493
2017-01-28,14,361,185,546
2017-01-28,15,375,180,555
2017-01-28,16,355,200,555
2017-01-28,17,297,142,439
2017-01-28,18,276,66,342
2017-01-28,19,244,26,270
2017-01-28,20,138,11,149
2017-01-28,21,118,21,139
2017-01-28,22,118,16,134
2017-01-28,23,73,7,80
2017-01-29,0,62,8,70
2017-01-29,1,52,9,61
2017-01-29,2,39,9,48
2017-01-29,3,23,3,26
2017-01-29,4,5,4,9
2017-01-29,5,5,1,6
2017-01-29,6,7,2,9
2017-01-29,7,29,4,33
2017-01-29,8,86,11,97
2017-01-29,9,153,12,165
2017-01-29,10,262,80,342
2017-01-29,11,296,86,382
2017-01-29,12,490,148,638
2017-01-29,13,403,127,530
2017-01-29,14,350,130,480
2017-01-29,15,481,103,584
2017-01-29,16,473,114,587
2017-01-29,17,320,67,387
2017-01-29,18,202,49,251
2017-01-29,19,168,31,199
2017-01-29,20,137,10,147
2017-01-29,21,80,22,102
2017-01-29,22,55,10,65
2017-01-29,23,30,2,32
2017-01-30,0,12,3,15
2017-01-30,1,10,2,12
2017-01-30,2,5,0,5
2017-01-30,4,5,0,5
2017-01-30,5,49,0,49
2017-01-30,6,153,0,153
2017-01-30,7,376,9,385
2017-01-30,8,686,12,698
2017-01-30,9,304,12,316
2017-01-30,10,141,10,151
2017-01-30,11,140,7,147
2017-01-30,12,167,16,183
2017-01-30,13,178,13,191
2017-01-30,14,133,15,148
2017-01-30,15,200,10,210
2017-01-30,16,366,8,374
2017-01-30,17,766,27,793
2017-01-30,18,646,14,660
2017-01-30,19,408,17,425
2017-01-30,20,243,8,251
2017-01-30,21,141,4,145
2017-01-30,22,64,7,71
2017-01-30,23,33,0,33
2017-01-31,0,19,1,20
2017-01-31,1,7,0,7
2017-01-31,2,5,0,5
2017-01-31,3,4,0,4
2017-01-31,4,7,0,7
2017-01-31,5,57,1,58
2017-01-31,6,226,0,226
2017-01-31,7,569,3,572
2017-01-31,8,916,20,936
2017-01-31,9,427,20,447
2017-01-31,10,226,13,239
2017-01-31,11,206,18,224
2017-01-31,12,275,35,310
2017-01-31,13,225,22,247
2017-01-31,14,204,30,234
2017-01-31,15,337,43,380
2017-01-31,16,542,55,597
2017-01-31,17,981,79,1060
2017-01-31,18,836,39,875
2017-01-31,19,472,26,498
2017-01-31,20,343,22,365
2017-01-31,21,230,19,249
2017-01-31,22,141,10,151
2017-01-31,23,46,7,53
2017-02-01,0,23,4,27
2017-02-01,1,8,2,10
2017-02-01,2,8,1,9
2017-02-01,3,2,1,3
2017-02-01,4,6,0,6
2017-02-01,5,91,1,92
2017-02-01,6,247,3,250
2017-02-01,7,666,17,683
2017-02-01,8,1095,24,1119
2017-02-01,9,465,20,485
2017-02-01,10,201,29,230
2017-02-01,11,240,31,271
2017-02-01,12,269,28,297
2017-02-01,13,262,19,281
2017-02-01,14,199,26,225
2017-02-01,15,299,24,323
2017-02-01,16,544,45,589
2017-02-01,17,1075,64,1139
2017-02-01,18,773,51,824
2017-02-01,19,492,25,517
2017-02-01,20,323,20,343
2017-02-01,21,219,18,237
2017-02-01,22,176,11,187
2017-02-01,23,79,5,84
2017-02-02,0,24,1,25
2017-02-02,1,9,4,13
2017-02-02,2,0,2,2
2017-02-02,3,4,1,5
2017-02-02,4,7,1,8
2017-02-02,5,55,0,55
2017-02-02,6,241,10,251
2017-02-02,7,690,14,704
2017-02-02,8,1077,32,1109
2017-02-02,9,444,34,478
2017-02-02,10,184,15,199
2017-02-02,11,210,16,226
2017-02-02,12,281,20,301
2017-02-02,13,287,22,309
2017-02-02,14,220,31,251
2017-02-02,15,329,40,369
2017-02-02,16,501,52,553
2017-02-02,17,886,68,954
2017-02-02,18,733,25,758
2017-02-02,19,396,19,415
2017-02-02,20,270,10,280
2017-02-02,21,191,9,200
2017-02-02,22,113,12,125
2017-02-02,23,58,1,59
2017-02-03,0,49,1,50
2017-02-03,1,15,1,16
2017-02-03,2,5,0,5
2017-02-03,3,1,0,1
2017-02-03,4,5,1,6
2017-02-03,5,54,0,54
2017-02-03,6,183,4,187
2017-02-03,7,518,12,530
2017-02-03,8,884,32,916
2017-02-03,9,452,20,472
2017-02-03,10,200,21,221
2017-02-03,11,240,25,265
2017-02-03,12,276,25,301
2017-02-03,13,276,29,305
2017-02-03,14,242,26,268
2017-02-03,15,323,37,360
2017-02-03,16,450,37,487
2017-02-03,17,742,34,776
2017-02-03,18,518,30,548
2017-02-03,19,283,23,306
2017-02-03,20,179,3,182
2017-02-03,21,124,10,134
2017-02-03,22,83,4,87
2017-02-03,23,59,7,66
2017-02-04,0,47,2,49
2017-02-04,1,27,6,33
2017-02-04,2,6,0,6
2017-02-04,3,8,1,9
2017-02-04,4,4,2,6
2017-02-04,5,8,1,9
2017-02-04,6,16,3,19
2017-02-04,7,64,4,68
2017-02-04,8,131,10,141
2017-02-04,9,213,38,251
2017-02-04,10,224,36,260
2017-02-04,11,298,75,373
2017-02-04,12,333,80,413
2017-02-04,13,341,106,447
2017-02-04,14,366,125,491
2017-02-04,15,360,118,478
2017-02-04,16,357,109,466
2017-02-04,17,290,81,371
2017-02-04,18,224,35,259
2017-02-04,19,184,17,201
2017-02-04,20,137,29,166
2017-02-04,21,86,19,105
2017-02-04,22,103,10,113
2017-02-04,23,62,11,73
2017-02-05,0,54,3,57
2017-02-05,1,45,5,50
2017-02-05,2,28,9,37
2017-02-05,3,14,3,17
2017-02-05,4,3,3,6
2017-02-05,5,7,1,8
2017-02-05,6,10,6,16
2017-02-05,7,42,8,50
2017-02-05,8,95,17,112
2017-02-05,9,152,28,180
2017-02-05,10,290,65,355
2017-02-05,11,326,100,426
2017-02-05,12,384,121,505
2017-02-05,13,398,118,516
2017-02-05,14,380,138,518
2017-02-05,15,420,142,562
2017-02-05,16,402,119,521
2017-02-05,17,410,114,524
2017-02-05,18,290,45,335
2017-02-05,19,115,28,143
2017-02-05,20,89,16,105
2017-02-05,21,76,14,90
2017-02-05,22,226,30,256
2017-02-05,23,90,10,100
2017-02-06,0,15,7,22
2017-02-06,1,10,0,10
2017-02-06,2,11,5,16
2017-02-06,3,8,0,8
2017-02-06,4,6,0,6
2017-02-06,5,55,1,56
2017-02-06,6,191,2,193
2017-02-06,7,554,19,573
2017-02-06,8,1100,61,1161
2017-02-06,9,413,36,449
2017-02-06,10,173,30,203
2017-02-06,11,211,53,264
2017-02-06,12,266,45,311
2017-02-06,13,263,68,331
2017-02-06,14,234,70,304
2017-02-06,15,310,98,408
2017-02-06,16,551,93,644
2017-02-06,17,1101,103,1204
2017-02-06,18,870,63,933
2017-02-06,19,510,29,539
2017-02-06,20,295,39,334
2017-02-06,21,208,25,233
2017-02-06,22,126,19,145
2017-02-06,23,39,13,52
2017-02-07,0,14,0,14
2017-02-07,1,8,1,9
2017-02-07,3,3,0,3
2017-02-07,4,5,0,5
2017-02-07,5,68,1,69
2017-02-07,6,287,5,292
2017-02-07,7,693,17,710
2017-02-07,8,1148,46,1194
2017-02-07,9,436,31,467
2017-02-07,10,226,39,265
2017-02-07,11,264,45,309
2017-02-07,12,352,44,396
2017-02-07,13,342,71,413
2017-02-07,14,257,64,321
2017-02-07,15,372,90,462
2017-02-07,16,611,122,733
2017-02-07,17,1296,145,1441
2017-02-07,18,968,80,1048
2017-02-07,19,608,44,652
2017-02-07,20,366,39,405
2017-02-07,21,273,35,308
2017-02-07,22,175,28,203
2017-02-07,23,61,16,77
2017-02-08,0,24,6,30
2017-02-08,1,16,1,17
2017-02-08,2,4,1,5
2017-02-08,3,5,1,6
2017-02-08,4,8,0,8
2017-02-08,5,96,2,98
2017-02-08,6,310,11,321
2017-02-08,7,838,25,863
2017-02-08,8,1205,47,1252
2017-02-08,9,457,33,490
2017-02-08,10,218,49,267
2017-02-08,11,295,44,339
2017-02-08,12,402,100,502
2017-02-08,13,400,97,497
2017-02-08,14,337,118,455
2017-02-08,15,373,104,477
2017-02-08,16,688,129,817
2017-02-08,17,1356,153,1509
2017-02-08,18,1004,90,1094
2017-02-08,19,575,50,625
2017-02-08,20,378,40,418
2017-02-08,21,249,36,285
2017-02-08,22,130,27,157
2017-02-08,23,75,12,87
2017-02-09,0,19,4,23
2017-02-09,1,6,1,7
2017-02-09,2,5,0,5
2017-02-09,4,4,0,4
2017-02-09,5,33,2,35
2017-02-09,6,161,3,164
2017-02-09,7,442,7,449
2017-02-09,8,811,24,835
2017-02-09,9,386,27,413
2017-02-09,10,163,16,179
2017-02-09,11,141,21,162
2017-02-09,12,215,6,221
2017-02-09,13,177,14,191
2017-02-09,14,166,15,181
2017-02-09,15,197,9,206
2017-02-09,16,354,16,370
2017-02-09,17,647,22,669
2017-02-09,18,525,13,538
2017-02-09,19,289,6,295
2017-02-09,20,161,4,165
2017-02-09,21,130,5,135
2017-02-09,22,77,4,81
2017-02-09,23,41,0,41
2017-02-10,0,16,3,19
2017-02-10,1,9,1,10
2017-02-10,2,5,3,8
2017-02-10,3,1,0,1
2017-02-10,4,5,0,5
2017-02-10,5,34,0,34
2017-02-10,6,153,6,159
2017-02-10,7,406,5,411
2017-02-10,8,745,27,772
2017-02-10,9,378,16,394
2017-02-10,10,171,22,193
2017-02-10,11,179,23,202
2017-02-10,12,264,60,324
2017-02-10,13,247,40,287
2017-02-10,14,214,36,250
2017-02-10,15,306,37,343
2017-02-10,16,476,32,508
2017-02-10,17,714,32,746
2017-02-10,18,492,13,505
2017-02-10,19,293,10,303
2017-02-10,20,155,15,170
2017-02-10,21,118,13,131
2017-02-10,22,87,17,104
2017-02-10,23,81,14,95
2017-02-11,0,44,8,52
2017-02-11,1,38,9,47
2017-02-11,2,25,5,30
2017-02-11,3,13,8,21
2017-02-11,4,7,2,9
2017-02-11,5,7,0,7
2017-02-11,6,19,0,19
2017-02-11,7,64,10,74
2017-02-11,8,143,12,155
2017-02-11,9,244,45,289
2017-02-11,10,313,94,407
2017-02-11,11,371,136,507
2017-02-11,12,467,183,650
2017-02-11,13,364,258,622
2017-02-11,14,403,247,650
2017-02-11,15,412,244,656
2017-02-11,16,366,247,613
2017-02-11,17,384,182,566
2017-02-11,18,343,116,459
2017-02-11,19,213,79,292
2017-02-11,20,153,54,207
2017-02-11,21,158,57,215
2017-02-11,22,118,20,138
2017-02-11,23,107,29,136
2017-02-12,0,71,31,102
2017-02-12,1,61,30,91
2017-02-12,2,39,22,61
2017-02-12,3,26,4,30
2017-02-12,4,8,7,15
2017-02-12,5,8,2,10
2017-02-12,6,14,3,17
2017-02-12,7,40,8,48
2017-02-12,8,98,17,115
2017-02-12,9,163,33,196
2017-02-12,10,187,44,231
2017-02-12,11,142,35,177
2017-02-12,12,264,70,334
2017-02-12,13,282,104,386
2017-02-12,14,400,149,549
2017-02-12,15,432,157,589
2017-02-12,16,316,143,459
2017-02-12,17,305,70,375
2017-02-12,18,264,49,313
2017-02-12,19,203,29,232
2017-02-12,20,131,39,170
2017-02-12,21,93,23,116
2017-02-12,22,58,12,70
2017-02-12,23,32,5,37
2017-02-13,0,22,3,25
2017-02-13,1,8,1,9
2017-02-13,2,2,0,2
2017-02-13,3,1,0,1
2017-02-13,4,5,1,6
2017-02-13,5,49,1,50
2017-02-13,6,184,6,190
2017-02-13,7,470,12,482
2017-02-13,8,728,26,754
2017-02-13,9,334,20,354
2017-02-13,10,131,24,155
2017-02-13,11,137,18,155
2017-02-13,12,178,28,206
2017-02-13,13,179,29,208
2017-02-13,14,183,49,232
2017-02-13,15,256,35,291
2017-02-13,16,436,32,468
2017-02-13,17,851,42,893
2017-02-13,18,742,35,777
2017-02-13,19,442,19,461
2017-02-13,20,279,11,290
2017-02-13,21,179,14,193
2017-02-13,22,110,1,111
2017-02-13,23,49,2,51
2017-02-14,0,19,3,22
2017-02-14,1,9,1,10
2017-02-14,2,2,0,2
2017-02-14,3,3,0,3
2017-02-14,4,5,0,5
2017-02-14,5,63,2,65
2017-02-14,6,251,0,251
2017-02-14,7,629,7,636
2017-02-14,8,927,30,957
2017-02-14,9,401,34,435
2017-02-14,10,182,21,203
2017-02-14,11,185,18,203
2017-02-14,12,230,29,259
2017-02-14,13,221,16,237
2017-02-14,14,206,21,227
2017-02-14,15,324,29,353
2017-02-14,16,528,43,571
2017-02-14,17,1033,62,1095
2017-02-14,18,794,34,828
2017-02-14,19,412,19,431
2017-02-14,20,237,14,251
2017-02-14,21,201,7,208
2017-02-14,22,100,14,114
2017-02-14,23,41,2,43
2017-02-15,0,20,6,26
2017-02-15,1,5,3,8
2017-02-15,2,7,1,8
2017-02-15,3,3,0,3
2017-02-15,4,5,1,6
2017-02-15,5,66,1,67
2017-02-15,6,259,0,259
2017-02-15,7,632,19,651
2017-02-15,8,1047,24,1071
2017-02-15,9,458,32,490
2017-02-15,10,196,23,219
2017-02-15,11,218,40,258
2017-02-15,12,270,37,307
2017-02-15,13,282,36,318
2017-02-15,14,220,60,280
2017-02-15,15,270,50,320
2017-02-15,16,438,26,464
2017-02-15,17,909,57,966
2017-02-15,18,697,34,731
2017-02-15,19,414,18,432
2017-02-15,20,239,18,257
2017-02-15,21,181,17,198
2017-02-15,22,90,8,98
2017-02-15,23,48,0,48
2017-02-16,0,14,0,14
2017-02-16,1,5,1,6
2017-02-16,2,3,1,4
2017-02-16,3,2,1,3
2017-02-16,4,4,0,4
2017-02-16,5,57,2,59
2017-02-16,6,204,1,205
2017-02-16,7,570,14,584
2017-02-16,8,856,24,880
2017-02-16,9,446,21,467
2017-02-16,10,168,17,185
2017-02-16,11,201,25,226
2017-02-16,12,206,17,223
2017-02-16,13,206,17,223
2017-02-16,14,187,29,216
2017-02-16,15,247,23,270
2017-02-16,16,412,27,439
2017-02-16,17,785,35,820
2017-02-16,18,660,24,684
2017-02-16,19,305,22,327
2017-02-16,20,237,14,251
2017-02-16,21,169,14,183
2017-02-16,22,87,7,94
2017-02-16,23,57,3,60
2017-02-17,0,23,2,25
2017-02-17,1,15,9,24
2017-02-17,2,3,2,5
2017-02-17,3,1,0,1
2017-02-17,4,7,0,7
2017-02-17,5,49,2,51
2017-02-17,6,154,1,155
2017-02-17,7,440,11,451
2017-02-17,8,847,29,876
2017-02-17,9,413,23,436
2017-02-17,10,187,33,220
2017-02-17,11,233,27,260
2017-02-17,12,335,63,398
2017-02-17,13,309,52,361
2017-02-17,14,299,84,383
2017-02-17,15,369,102,471
2017-02-17,16,566,114,680
2017-02-17,17,797,84,881
2017-02-17,18,530,67,597
2017-02-17,19,345,50,395
2017-02-17,20,211,14,225
2017-02-17,21,137,19,156
2017-02-17,22,111,14,125
2017-02-17,23,86,13,99
2017-02-18,0,49,12,61
2017-02-18,1,35,7,42
2017-02-18,2,26,4,30
2017-02-18,3,14,1,15
2017-02-18,4,11,2,13
2017-02-18,5,7,2,9
2017-02-18,6,28,3,31
2017-02-18,7,57,13,70
2017-02-18,8,118,28,146
2017-02-18,9,263,99,362
2017-02-18,10,315,209,524
2017-02-18,11,391,394,785
2017-02-18,12,490,526,1016
2017-02-18,13,463,632,1095
2017-02-18,14,510,793,1303
2017-02-18,15,496,760,1256
2017-02-18,16,489,728,1217
2017-02-18,17,416,577,993
2017-02-18,18,297,268,565
2017-02-18,19,241,163,404
2017-02-18,20,151,92,243
2017-02-18,21,118,82,200
2017-02-18,22,122,65,187
2017-02-18,23,88,71,159
2017-02-19,0,87,39,126
2017-02-19,1,47,20,67
2017-02-19,2,43,12,55
2017-02-19,3,19,7,26
2017-02-19,4,5,3,8
2017-02-19,5,11,2,13
2017-02-19,6,16,6,22
2017-02-19,7,42,13,55
2017-02-19,8,102,68,170
2017-02-19,9,171,178,349
2017-02-19,10,356,371,727
2017-02-19,11,378,570,948
2017-02-19,12,522,740,1262
2017-02-19,13,517,844,1361
2017-02-19,14,538,901,1439
2017-02-19,15,572,949,1521
2017-02-19,16,504,868,1372
2017-02-19,17,432,695,1127
2017-02-19,18,336,274,610
2017-02-19,19,206,132,338
2017-02-19,20,126,134,260
2017-02-19,21,133,96,229
2017-02-19,22,82,76,158
2017-02-19,23,56,51,107
2017-02-20,0,46,45,91
2017-02-20,1,19,13,32
2017-02-20,2,8,3,11
2017-02-20,3,8,3,11
2017-02-20,4,8,0,8
2017-02-20,5,31,2,33
2017-02-20,6,43,7,50
2017-02-20,7,138,32,170
2017-02-20,8,292,80,372
2017-02-20,9,291,171,462
2017-02-20,10,326,280,606
2017-02-20,11,404,415,819
2017-02-20,12,452,431,883
2017-02-20,13,505,504,1009
2017-02-20,14,478,488,966
2017-02-20,15,509,462,971
2017-02-20,16,526,494,1020
2017-02-20,17,598,345,943
2017-02-20,18,451,129,580
2017-02-20,19,330,104,434
2017-02-20,20,217,57,274
2017-02-20,21,113,51,164
2017-02-20,22,93,16,109
2017-02-20,23,34,6,40
2017-02-21,0,6,6,12
2017-02-21,1,11,3,14
2017-02-21,2,4,0,4
2017-02-21,3,7,0,7
2017-02-21,4,5,0,5
2017-02-21,5,73,3,76
2017-02-21,6,271,3,274
2017-02-21,7,715,33,748
2017-02-21,8,952,44,996
2017-02-21,9,305,76,381
2017-02-21,10,161,89,250
2017-02-21,11,205,113,318
2017-02-21,12,277,115,392
2017-02-21,13,234,85,319
2017-02-21,14,219,68,287
2017-02-21,15,352,104,456
2017-02-21,16,575,112,687
2017-02-21,17,1119,147,1266
2017-02-21,18,866,68,934
2017-02-21,19,500,54,554
2017-02-21,20,304,34,338
2017-02-21,21,241,40,281
2017-02-21,22,119,24,143
2017-02-21,23,55,18,73
2017-02-22,0,23,5,28
2017-02-22,1,10,1,11
2017-02-22,2,3,1,4
2017-02-22,3,2,0,2
2017-02-22,4,6,2,8
2017-02-22,5,83,2,85
2017-02-22,6,296,4,300
2017-02-22,7,760,30,790
2017-02-22,8,1056,37,1093
2017-02-22,9,396,32,428
2017-02-22,10,186,69,255
2017-02-22,11,218,72,290
2017-02-22,12,291,91,382
2017-02-22,13,290,100,390
2017-02-22,14,290,85,375
2017-02-22,15,337,137,474
2017-02-22,16,640,135,775
2017-02-22,17,1154,135,1289
2017-02-22,18,935,80,1015
2017-02-22,19,543,61,604
2017-02-22,20,379,64,443
2017-02-22,21,289,54,343
2017-02-22,22,167,18,185
2017-02-22,23,78,12,90
2017-02-23,0,25,4,29
2017-02-23,1,15,4,19
2017-02-23,2,2,0,2
2017-02-23,3,2,1,3
2017-02-23,4,9,1,10
2017-02-23,5,67,4,71
2017-02-23,6,322,6,328
2017-02-23,7,838,42,880
2017-02-23,8,1205,82,1287
2017-02-23,9,473,72,545
2017-02-23,10,203,93,296
2017-02-23,11,311,101,412
2017-02-23,12,446,167,613
2017-02-23,13,367,184,551
2017-02-23,14,351,196,547
2017-02-23,15,406,199,605
2017-02-23,16,677,251,928
2017-02-23,17,1316,223,1539
2017-02-23,18,998,164,1162
2017-02-23,19,615,99,714
2017-02-23,20,410,67,477
2017-02-23,21,322,58,380
2017-02-23,22,175,36,211
2017-02-23,23,100,35,135
2017-02-24,0,42,27,69
2017-02-24,1,28,16,44
2017-02-24,2,11,1,12
2017-02-24,3,6,1,7
2017-02-24,4,9,0,9
2017-02-24,5,73,5,78
2017-02-24,6,264,4,268
2017-02-24,7,766,33,799
2017-02-24,8,1164,75,1239
2017-02-24,9,464,106,570
2017-02-24,10,251,145,396
2017-02-24,11,351,186,537
2017-02-24,12,445,272,717
2017-02-24,13,470,274,744
2017-02-24,14,428,336,764
2017-02-24,15,554,402,956
2017-02-24,16,854,356,1210
2017-02-24,17,1261,375,1636
2017-02-24,18,836,237,1073
2017-02-24,19,482,143,625
2017-02-24,20,309,93,402
2017-02-24,21,216,123,339
2017-02-24,22,172,68,240
2017-02-24,23,138,87,225
2017-02-25,0,105,26,131
2017-02-25,1,64,34,98
2017-02-25,2,33,25,58
2017-02-25,3,16,20,36
2017-02-25,4,6,5,11
2017-02-25,5,23,2,25
2017-02-25,6,30,8,38
2017-02-25,7,90,33,123
2017-02-25,8,245,70,315
2017-02-25,9,422,165,587
2017-02-25,10,494,288,782
2017-02-25,11,566,435,1001
2017-02-25,12,582,432,1014
2017-02-25,13,528,397,925
2017-02-25,14,327,235,562
2017-02-25,15,172,131,303
2017-02-25,16,274,170,444
2017-02-25,17,284,170,454
2017-02-25,18,287,86,373
2017-02-25,19,201,77,278
2017-02-25,20,158,65,223
2017-02-25,21,131,34,165
2017-02-25,22,97,26,123
2017-02-25,23,83,22,105
2017-02-26,0,84,20,104
2017-02-26,1,47,6,53
2017-02-26,2,36,12,48
2017-02-26,3,13,12,25
2017-02-26,4,3,0,3
2017-02-26,5,7,1,8
2017-02-26,6,14,1,15
2017-02-26,7,43,7,50
2017-02-26,8,137,34,171
2017-02-26,9,212,72,284
2017-02-26,10,333,132,465
2017-02-26,11,316,159,475
2017-02-26,12,404,182,586
2017-02-26,13,417,256,673
2017-02-26,14,392,239,631
2017-02-26,15,433,223,656
2017-02-26,16,397,205,602
2017-02-26,17,331,176,507
2017-02-26,18,289,78,367
2017-02-26,19,201,39,240
2017-02-26,20,115,25,140
2017-02-26,21,89,16,105
2017-02-26,22,74,15,89
2017-02-26,23,34,8,42
2017-02-27,0,36,4,40
2017-02-27,1,5,0,5
2017-02-27,2,3,1,4
2017-02-27,3,1,0,1
2017-02-27,4,7,0,7
2017-02-27,5,60,4,64
2017-02-27,6,258,7,265
2017-02-27,7,576,21,597
2017-02-27,8,933,45,978
2017-02-27,9,400,42,442
2017-02-27,10,159,54,213
2017-02-27,11,183,77,260
2017-02-27,12,290,68,358
2017-02-27,13,265,71,336
2017-02-27,14,211,84,295
2017-02-27,15,342,94,436
2017-02-27,16,541,71,612
2017-02-27,17,1037,95,1132
2017-02-27,18,838,53,891
2017-02-27,19,503,48,551
2017-02-27,20,281,29,310
2017-02-27,21,221,29,250
2017-02-27,22,117,32,149
2017-02-27,23,60,8,68
2017-02-28,0,22,3,25
2017-02-28,1,8,1,9
2017-02-28,2,5,0,5
2017-02-28,3,2,0,2
2017-02-28,4,7,0,7
2017-02-28,5,71,13,84
2017-02-28,6,309,12,321
2017-02-28,7,860,28,888
2017-02-28,8,1210,65,1275
2017-02-28,9,454,49,503
2017-02-28,10,217,63,280
2017-02-28,11,283,82,365
2017-02-28,12,365,84,449
2017-02-28,13,331,106,437
2017-02-28,14,289,122,411
2017-02-28,15,357,128,485
2017-02-28,16,636,98,734
2017-02-28,17,777,60,837
2017-02-28,18,215,5,220
2017-02-28,19,118,10,128
2017-02-28,20,101,4,105
2017-02-28,21,83,3,86
2017-02-28,22,97,13,110
2017-02-28,23,62,0,62
2017-03-01,0,22,5,27
2017-03-01,1,16,3,19
2017-03-01,2,8,3,11
2017-03-01,3,2,2,4
2017-03-01,4,8,0,8
2017-03-01,5,82,8,90
2017-03-01,6,310,8,318
2017-03-01,7,763,32,795
2017-03-01,8,1016,63,1079
2017-03-01,9,377,29,406
2017-03-01,10,192,54,246
2017-03-01,11,284,55,339
2017-03-01,12,346,87,433
2017-03-01,13,269,54,323
2017-03-01,14,215,46,261
2017-03-01,15,282,67,349
2017-03-01,16,573,53,626
2017-03-01,17,1007,78,1085
2017-03-01,18,911,60,971
2017-03-01,19,551,49,600
2017-03-01,20,377,48,425
2017-03-01,21,269,25,294
2017-03-01,22,162,26,188
2017-03-01,23,70,10,80
2017-03-02,0,33,10,43
2017-03-02,1,6,8,14
2017-03-02,2,6,3,9
2017-03-02,3,1,1,2
2017-03-02,4,10,2,12
2017-03-02,5,62,1,63
2017-03-02,6,247,4,251
2017-03-02,7,702,25,727
2017-03-02,8,1028,42,1070
2017-03-02,9,438,26,464
2017-03-02,10,184,25,209
2017-03-02,11,234,46,280
2017-03-02,12,296,31,327
2017-03-02,13,281,52,333
2017-03-02,14,233,59,292
2017-03-02,15,325,61,386
2017-03-02,16,494,58,552
2017-03-02,17,996,97,1093
2017-03-02,18,761,65,826
2017-03-02,19,407,21,428
2017-03-02,20,284,23,307
2017-03-02,21,214,15,229
2017-03-02,22,125,12,137
2017-03-02,23,71,9,80
2017-03-03,0,34,9,43
2017-03-03,1,11,2,13
2017-03-03,2,10,4,14
2017-03-03,3,1,0,1
2017-03-03,4,13,1,14
2017-03-03,5,60,4,64
2017-03-03,6,176,4,180
2017-03-03,7,457,11,468
2017-03-03,8,886,37,923
2017-03-03,9,453,36,489
2017-03-03,10,198,56,254
2017-03-03,11,232,54,286
2017-03-03,12,300,35,335
2017-03-03,13,243,64,307
2017-03-03,14,232,44,276
2017-03-03,15,294,45,339
2017-03-03,16,480,53,533
2017-03-03,17,730,67,797
2017-03-03,18,542,45,587
2017-03-03,19,269,22,291
2017-03-03,20,173,16,189
2017-03-03,21,130,15,145
2017-03-03,22,111,13,124
2017-03-03,23,65,4,69
2017-03-04,0,46,6,52
2017-03-04,1,32,4,36
2017-03-04,2,17,4,21
2017-03-04,3,9,0,9
2017-03-04,4,3,0,3
2017-03-04,5,6,2,8
2017-03-04,6,15,1,16
2017-03-04,7,55,8,63
2017-03-04,8,151,22,173
2017-03-04,9,223,53,276
2017-03-04,10,300,65,365
2017-03-04,11,367,75,442
2017-03-04,12,339,120,459
2017-03-04,13,348,139,487
2017-03-04,14,283,178,461
2017-03-04,15,316,156,472
2017-03-04,16,330,168,498
2017-03-04,17,319,107,426
2017-03-04,18,244,60,304
2017-03-04,19,173,29,202
2017-03-04,20,127,24,151
2017-03-04,21,92,22,114
2017-03-04,22,101,19,120
2017-03-04,23,84,41,125
2017-03-05,0,42,16,58
2017-03-05,1,36,7,43
2017-03-05,2,28,1,29
2017-03-05,3,14,1,15
2017-03-05,4,4,0,4
2017-03-05,5,5,2,7
2017-03-05,6,7,3,10
2017-03-05,7,49,16,65
2017-03-05,8,102,16,118
2017-03-05,9,152,46,198
2017-03-05,10,252,62,314
2017-03-05,11,297,114,411
2017-03-05,12,317,144,461
2017-03-05,13,340,156,496
2017-03-05,14,362,189,551
2017-03-05,15,346,174,520
2017-03-05,16,333,142,475
2017-03-05,17,302,75,377
2017-03-05,18,257,50,307
2017-03-05,19,173,22,195
2017-03-05,20,117,17,134
2017-03-05,21,79,19,98
2017-03-05,22,64,13,77
2017-03-05,23,28,8,36
2017-03-06,0,13,4,17
2017-03-06,1,4,0,4
2017-03-06,2,2,0,2
2017-03-06,3,2,1,3
2017-03-06,4,10,1,11
2017-03-06,5,54,1,55
2017-03-06,6,224,5,229
2017-03-06,7,591,13,604
2017-03-06,8,951,35,986
2017-03-06,9,368,50,418
2017-03-06,10,172,67,239
2017-03-06,11,205,72,277
2017-03-06,12,256,98,354
2017-03-06,13,258,130,388
2017-03-06,14,208,140,348
2017-03-06,15,332,124,456
2017-03-06,16,515,92,607
2017-03-06,17,1083,133,1216
2017-03-06,18,863,87,950
2017-03-06,19,516,58,574
2017-03-06,20,298,76,374
2017-03-06,21,194,31,225
2017-03-06,22,136,29,165
2017-03-06,23,66,15,81
2017-03-07,0,18,3,21
2017-03-07,1,8,0,8
2017-03-07,2,8,1,9
2017-03-07,3,2,1,3
2017-03-07,4,10,2,12
2017-03-07,5,71,1,72
2017-03-07,6,270,7,277
2017-03-07,7,740,37,777
2017-03-07,8,1103,61,1164
2017-03-07,9,424,46,470
2017-03-07,10,226,74,300
2017-03-07,11,284,118,402
2017-03-07,12,335,112,447
2017-03-07,13,307,97,404
2017-03-07,14,269,85,354
2017-03-07,15,366,129,495
2017-03-07,16,549,146,695
2017-03-07,17,880,99,979
2017-03-07,18,549,64,613
2017-03-07,19,284,36,320
2017-03-07,20,153,14,167
2017-03-07,21,142,18,160
2017-03-07,22,130,22,152
2017-03-07,23,66,16,82
2017-03-08,0,26,4,30
2017-03-08,1,6,4,10
2017-03-08,2,7,3,10
2017-03-08,3,1,0,1
2017-03-08,4,5,1,6
2017-03-08,5,67,3,70
2017-03-08,6,247,13,260
2017-03-08,7,767,33,800
2017-03-08,8,1100,50,1150
2017-03-08,9,438,66,504
2017-03-08,10,221,97,318
2017-03-08,11,320,130,450
2017-03-08,12,393,177,570
2017-03-08,13,373,205,578
2017-03-08,14,294,193,487
2017-03-08,15,421,219,640
2017-03-08,16,648,237,885
2017-03-08,17,1158,207,1365
2017-03-08,18,949,160,1109
2017-03-08,19,546,92,638
2017-03-08,20,366,64,430
2017-03-08,21,282,82,364
2017-03-08,22,162,36,198
2017-03-08,23,81,17,98
2017-03-09,0,39,17,56
2017-03-09,1,17,4,21
2017-03-09,2,3,4,7
2017-03-09,3,4,1,5
2017-03-09,4,12,0,12
2017-03-09,5,73,4,77
2017-03-09,6,291,6,297
2017-03-09,7,836,32,868
2017-03-09,8,1217,72,1289
2017-03-09,9,482,122,604
2017-03-09,10,250,141,391
2017-03-09,11,329,155,484
2017-03-09,12,441,153,594
2017-03-09,13,414,243,657
2017-03-09,14,358,282,640
2017-03-09,15,457,290,747
2017-03-09,16,689,289,978
2017-03-09,17,1324,322,1646
2017-03-09,18,1044,162,1206
2017-03-09,19,581,93,674
2017-03-09,20,372,82,454
2017-03-09,21,294,58,352
2017-03-09,22,168,60,228
2017-03-09,23,86,33,119
2017-03-10,0,41,11,52
2017-03-10,1,16,10,26
2017-03-10,2,11,5,16
2017-03-10,3,3,3,6
2017-03-10,4,7,3,10
2017-03-10,5,64,4,68
2017-03-10,6,205,8,213
2017-03-10,7,605,20,625
2017-03-10,8,821,49,870
2017-03-10,9,140,11,151
2017-03-10,10,59,7,66
2017-03-10,11,123,14,137
2017-03-10,12,226,32,258
2017-03-10,13,239,42,281
2017-03-10,14,242,59,301
2017-03-10,15,298,65,363
2017-03-10,16,427,65,492
2017-03-10,17,804,52,856
2017-03-10,18,487,39,526
2017-03-10,19,229,17,246
2017-03-10,20,136,22,158
2017-03-10,21,106,13,119
2017-03-10,22,80,7,87
2017-03-10,23,65,6,71
2017-03-11,0,40,8,48
2017-03-11,1,23,3,26
2017-03-11,2,23,4,27
2017-03-11,3,9,2,11
2017-03-11,4,4,0,4
2017-03-11,5,22,1,23
2017-03-11,6,37,10,47
2017-03-11,7,140,28,168
2017-03-11,8,194,44,238
2017-03-11,9,245,67,312
2017-03-11,10,322,81,403
2017-03-11,11,348,107,455
2017-03-11,12,340,113,453
2017-03-11,13,322,103,425
2017-03-11,14,272,104,376
2017-03-11,15,302,132,434
2017-03-11,16,279,113,392
2017-03-11,17,272,154,426
2017-03-11,18,209,43,252
2017-03-11,19,172,28,200
2017-03-11,20,108,15,123
2017-03-11,21,106,20,126
2017-03-11,22,73,9,82
2017-03-11,23,63,2,65
2017-03-12,0,36,6,42
2017-03-12,1,29,5,34
2017-03-12,3,45,3,48
2017-03-12,4,10,1,11
2017-03-12,5,7,0,7
2017-03-12,6,5,1,6
2017-03-12,7,32,3,35
2017-03-12,8,52,7,59
2017-03-12,9,106,14,120
2017-03-12,10,197,42,239
2017-03-12,11,275,76,351
2017-03-12,12,330,108,438
2017-03-12,13,274,127,401
2017-03-12,14,339,168,507
2017-03-12,15,300,184,484
2017-03-12,16,290,169,459
2017-03-12,17,326,143,469
2017-03-12,18,261,100,361
2017-03-12,19,165,50,215
2017-03-12,20,104,28,132
2017-03-12,21,74,23,97
2017-03-12,22,55,11,66
2017-03-12,23,34,6,40
2017-03-13,0,26,1,27
2017-03-13,1,13,0,13
2017-03-13,2,2,0,2
2017-03-13,3,1,0,1
2017-03-13,4,5,1,6
2017-03-13,5,61,1,62
2017-03-13,6,172,3,175
2017-03-13,7,455,5,460
2017-03-13,8,821,18,839
2017-03-13,9,397,35,432
2017-03-13,10,151,47,198
2017-03-13,11,157,41,198
2017-03-13,12,215,70,285
2017-03-13,13,206,82,288
2017-03-13,14,210,104,314
2017-03-13,15,273,130,403
2017-03-13,16,457,123,580
2017-03-13,17,836,73,909
2017-03-13,18,670,65,735
2017-03-13,19,259,23,282
2017-03-13,20,129,15,144
2017-03-13,21,55,6,61
2017-03-13,22,34,6,40
2017-03-13,23,16,0,16
2017-03-14,0,2,1,3
2017-03-14,1,4,0,4
2017-03-14,2,0,1,1
2017-03-14,4,1,0,1
2017-03-14,5,2,0,2
2017-03-14,6,6,0,6
2017-03-14,7,16,0,16
2017-03-14,8,26,2,28
2017-03-14,9,46,4,50
2017-03-14,10,68,7,75
2017-03-14,11,85,8,93
2017-03-14,12,62,9,71
2017-03-14,13,71,9,80
2017-03-14,14,63,4,67
2017-03-14,15,81,18,99
2017-03-14,16,129,12,141
2017-03-14,17,229,10,239
2017-03-14,18,237,15,252
2017-03-14,19,151,5,156
2017-03-14,20,80,2,82
2017-03-14,21,57,2,59
2017-03-14,22,39,1,40
2017-03-14,23,17,1,18
2017-03-15,0,8,0,8
2017-03-15,1,3,0,3
2017-03-15,2,3,0,3
2017-03-15,4,3,0,3
2017-03-15,5,29,0,29
2017-03-15,6,118,0,118
2017-03-15,7,244,2,246
2017-03-15,8,432,2,434
2017-03-15,9,241,9,250
2017-03-15,10,120,1,121
2017-03-15,11,86,3,89
2017-03-15,12,97,8,105
2017-03-15,13,97,8,105
2017-03-15,14,69,8,77
2017-03-15,15,110,7,117
2017-03-15,16,228,9,237
2017-03-15,17,460,14,474
2017-03-15,18,401,8,409
2017-03-15,19,216,3,219
2017-03-15,20,135,4,139
2017-03-15,21,95,4,99
2017-03-15,22,51,0,51
2017-03-15,23,23,0,23
2017-03-16,0,4,2,6
2017-03-16,1,7,2,9
2017-03-16,2,5,3,8
2017-03-16,3,2,0,2
2017-03-16,4,3,1,4
2017-03-16,5,36,2,38
2017-03-16,6,147,1,148
2017-03-16,7,331,5,336
2017-03-16,8,630,14,644
2017-03-16,9,300,14,314
2017-03-16,10,119,14,133
2017-03-16,11,105,11,116
2017-03-16,12,137,25,162
2017-03-16,13,151,25,176
2017-03-16,14,154,28,182
2017-03-16,15,202,33,235
2017-03-16,16,353,43,396
2017-03-16,17,730,58,788
2017-03-16,18,590,34,624
2017-03-16,19,304,28,332
2017-03-16,20,190,10,200
2017-03-16,21,149,20,169
2017-03-16,22,108,3,111
2017-03-16,23,41,5,46
2017-03-17,0,24,3,27
2017-03-17,1,7,0,7
2017-03-17,2,5,1,6
2017-03-17,3,3,1,4
2017-03-17,4,9,0,9
2017-03-17,5,50,0,50
2017-03-17,6,145,2,147
2017-03-17,7,372,5,377
2017-03-17,8,740,27,767
2017-03-17,9,376,27,403
2017-03-17,10,181,47,228
2017-03-17,11,180,68,248
2017-03-17,12,284,95,379
2017-03-17,13,278,120,398
2017-03-17,14,236,136,372
2017-03-17,15,342,144,486
2017-03-17,16,490,146,636
2017-03-17,17,818,161,979
2017-03-17,18,583,82,665
2017-03-17,19,339,27,366
2017-03-17,20,195,21,216
2017-03-17,21,142,27,169
2017-03-17,22,135,11,146
2017-03-17,23,111,11,122
2017-03-18,0,57,9,66
2017-03-18,1,34,4,38
2017-03-18,2,33,9,42
2017-03-18,3,15,2,17
2017-03-18,4,7,1,8
2017-03-18,5,6,1,7
2017-03-18,6,27,3,30
2017-03-18,7,64,6,70
2017-03-18,8,131,15,146
2017-03-18,9,202,58,260
2017-03-18,10,282,141,423
2017-03-18,11,349,218,567
2017-03-18,12,412,319,731
2017-03-18,13,437,426,863
2017-03-18,14,399,557,956
2017-03-18,15,469,579,1048
2017-03-18,16,462,556,1018
2017-03-18,17,432,416,848
2017-03-18,18,342,275,617
2017-03-18,19,146,72,218
2017-03-18,20,116,29,145
2017-03-18,21,73,16,89
2017-03-18,22,19,4,23
2017-03-18,23,13,2,15
2017-03-19,0,21,3,24
2017-03-19,1,12,4,16
2017-03-19,2,18,1,19
2017-03-19,3,4,0,4
2017-03-19,4,3,2,5
2017-03-19,5,2,2,4
2017-03-19,6,4,1,5
2017-03-19,7,19,7,26
2017-03-19,8,56,15,71
2017-03-19,9,132,49,181
2017-03-19,10,231,90,321
2017-03-19,11,289,116,405
2017-03-19,12,329,181,510
2017-03-19,13,345,209,554
2017-03-19,14,402,254,656
2017-03-19,15,384,221,605
2017-03-19,16,343,244,587
2017-03-19,17,338,204,542
2017-03-19,18,291,134,425
2017-03-19,19,197,64,261
2017-03-19,20,127,40,167
2017-03-19,21,97,44,141
2017-03-19,22,74,32,106
2017-03-19,23,41,13,54
2017-03-20,0,17,6,23
2017-03-20,1,7,2,9
2017-03-20,2,4,0,4
2017-03-20,3,3,1,4
2017-03-20,4,4,1,5
2017-03-20,5,58,5,63
2017-03-20,6,218,7,225
2017-03-20,7,558,25,583
2017-03-20,8,870,51,921
2017-03-20,9,395,70,465
2017-03-20,10,151,120,271
2017-03-20,11,186,136,322
2017-03-20,12,293,170,463
2017-03-20,13,289,174,463
2017-03-20,14,247,186,433
2017-03-20,15,338,190,528
2017-03-20,16,519,174,693
2017-03-20,17,1113,194,1307
2017-03-20,18,936,122,1058
2017-03-20,19,528,65,593
2017-03-20,20,329,56,385
2017-03-20,21,217,33,250
2017-03-20,22,134,28,162
2017-03-20,23,50,23,73
2017-03-21,0,23,4,27
2017-03-21,1,7,3,10
2017-03-21,2,6,1,7
2017-03-21,3,0,1,1
2017-03-21,4,6,0,6
2017-03-21,5,71,1,72
2017-03-21,6,288,8,296
2017-03-21,7,677,21,698
2017-03-21,8,1134,38,1172
2017-03-21,9,490,53,543
2017-03-21,10,198,99,297
2017-03-21,11,205,94,299
2017-03-21,12,277,101,378
2017-03-21,13,278,157,435
2017-03-21,14,252,184,436
2017-03-21,15,372,202,574
2017-03-21,16,609,227,836
2017-03-21,17,1215,213,1428
2017-03-21,18,1078,171,1249
2017-03-21,19,587,112,699
2017-03-21,20,406,83,489
2017-03-21,21,292,58,350
2017-03-21,22,172,45,217
2017-03-21,23,74,19,93
2017-03-22,0,30,9,39
2017-03-22,1,6,7,13
2017-03-22,2,4,2,6
2017-03-22,3,3,0,3
2017-03-22,4,9,2,11
2017-03-22,5,65,2,67
2017-03-22,6,273,7,280
2017-03-22,7,627,19,646
2017-03-22,8,984,33,1017
2017-03-22,9,443,45,488
2017-03-22,10,195,44,239
2017-03-22,11,218,64,282
2017-03-22,12,285,51,336
2017-03-22,13,266,55,321
2017-03-22,14,207,83,290
2017-03-22,15,304,114,418
2017-03-22,16,477,75,552
2017-03-22,17,954,110,1064
2017-03-22,18,843,70,913
2017-03-22,19,524,52,576
2017-03-22,20,266,38,304
2017-03-22,21,202,30,232
2017-03-22,22,138,17,155
2017-03-22,23,61,0,61
2017-03-23,0,19,3,22
2017-03-23,1,5,0,5
2017-03-23,2,8,1,9
2017-03-23,4,3,1,4
2017-03-23,5,59,2,61
2017-03-23,6,228,3,231
2017-03-23,7,567,19,586
2017-03-23,8,968,39,1007
2017-03-23,9,472,23,495
2017-03-23,10,173,46,219
2017-03-23,11,229,67,296
2017-03-23,12,274,63,337
2017-03-23,13,273,71,344
2017-03-23,14,248,96,344
2017-03-23,15,348,117,465
2017-03-23,16,529,134,663
2017-03-23,17,1021,152,1173
2017-03-23,18,856,116,972
2017-03-23,19,493,68,561
2017-03-23,20,311,32,343
2017-03-23,21,234,23,257
2017-03-23,22,136,17,153
2017-03-23,23,63,6,69
2017-03-24,0,25,12,37
2017-03-24,1,9,0,9
2017-03-24,2,7,0,7
2017-03-24,3,4,2,6
2017-03-24,4,5,1,6
2017-03-24,5,52,0,52
2017-03-24,6,202,6,208
2017-03-24,7,533,26,559
2017-03-24,8,903,53,956
2017-03-24,9,432,46,478
2017-03-24,10,80,10,90
2017-03-24,11,71,10,81
2017-03-24,12,242,71,313
2017-03-24,13,332,129,461
2017-03-24,14,274,190,464
2017-03-24,15,412,200,612
2017-03-24,16,629,209,838
2017-03-24,17,1015,253,1268
2017-03-24,18,772,211,983
2017-03-24,19,484,146,630
2017-03-24,20,270,86,356
2017-03-24,21,199,71,270
2017-03-24,22,162,59,221
2017-03-24,23,129,52,181
2017-03-25,0,97,38,135
2017-03-25,1,76,21,97
2017-03-25,2,45,15,60
2017-03-25,3,22,11,33
2017-03-25,4,7,8,15
2017-03-25,5,9,7,16
2017-03-25,6,30,19,49
2017-03-25,7,94,32,126
2017-03-25,8,221,90,311
2017-03-25,9,355,267,622
2017-03-25,10,458,447,905
2017-03-25,11,585,721,1306
2017-03-25,12,616,883,1499
2017-03-25,13,582,1034,1616
2017-03-25,14,578,979,1557
2017-03-25,15,595,1030,1625
2017-03-25,16,584,883,1467
2017-03-25,17,528,808,1336
2017-03-25,18,501,588,1089
2017-03-25,19,371,390,761
2017-03-25,20,272,259,531
2017-03-25,21,216,180,396
2017-03-25,22,177,188,365
2017-03-25,23,148,126,274
2017-03-26,0,86,68,154
2017-03-26,1,61,24,85
2017-03-26,2,55,6,61
2017-03-26,3,17,14,31
2017-03-26,4,6,5,11
2017-03-26,5,4,3,7
2017-03-26,6,14,9,23
2017-03-26,7,43,27,70
2017-03-26,8,130,86,216
2017-03-26,9,185,148,333
2017-03-26,10,281,176,457
2017-03-26,11,327,244,571
2017-03-26,12,373,261,634
2017-03-26,13,391,271,662
2017-03-26,14,331,232,563
2017-03-26,15,359,254,613
2017-03-26,16,337,196,533
2017-03-26,17,364,155,519
2017-03-26,18,275,91,366
2017-03-26,19,197,63,260
2017-03-26,20,119,38,157
2017-03-26,21,106,29,135
2017-03-26,22,70,34,104
2017-03-26,23,37,19,56
2017-03-27,0,25,12,37
2017-03-27,1,7,1,8
2017-03-27,2,1,2,3
2017-03-27,4,6,2,8
2017-03-27,5,46,5,51
2017-03-27,6,230,4,234
2017-03-27,7,520,19,539
2017-03-27,8,838,47,885
2017-03-27,9,392,47,439
2017-03-27,10,181,83,264
2017-03-27,11,219,123,342
2017-03-27,12,308,135,443
2017-03-27,13,311,196,507
2017-03-27,14,283,293,576
2017-03-27,15,400,339,739
2017-03-27,16,632,296,928
2017-03-27,17,1334,322,1656
2017-03-27,18,1142,286,1428
2017-03-27,19,735,262,997
2017-03-27,20,461,149,610
2017-03-27,21,273,83,356
2017-03-27,22,143,65,208
2017-03-27,23,75,34,109
2017-03-28,0,32,23,55
2017-03-28,1,11,11,22
2017-03-28,2,6,8,14
2017-03-28,3,3,6,9
2017-03-28,4,7,1,8
2017-03-28,5,69,3,72
2017-03-28,6,296,17,313
2017-03-28,7,790,43,833
2017-03-28,8,967,52,1019
2017-03-28,9,264,24,288
2017-03-28,10,122,43,165
2017-03-28,11,172,42,214
2017-03-28,12,194,60,254
2017-03-28,13,264,104,368
2017-03-28,14,279,128,407
2017-03-28,15,430,206,636
2017-03-28,16,663,203,866
2017-03-28,17,1334,257,1591
2017-03-28,18,1111,201,1312
2017-03-28,19,645,153,798
2017-03-28,20,402,85,487
2017-03-28,21,303,83,386
2017-03-28,22,175,43,218
2017-03-28,23,83,26,109
2017-03-29,0,36,7,43
2017-03-29,1,9,10,19
2017-03-29,2,7,3,10
2017-03-29,3,1,0,1
2017-03-29,4,8,1,9
2017-03-29,5,80,7,87
2017-03-29,6,302,16,318
2017-03-29,7,804,39,843
2017-03-29,8,1169,62,1231
2017-03-29,9,521,54,575
2017-03-29,10,236,137,373
2017-03-29,11,274,189,463
2017-03-29,12,418,222,640
2017-03-29,13,390,249,639
2017-03-29,14,323,255,578
2017-03-29,15,427,304,731
2017-03-29,16,668,328,996
2017-03-29,17,1354,335,1689
2017-03-29,18,1094,326,1420
2017-03-29,19,707,192,899
2017-03-29,20,413,117,530
2017-03-29,21,298,68,366
2017-03-29,22,166,59,225
2017-03-29,23,87,17,104
2017-03-30,0,23,12,35
2017-03-30,1,8,3,11
2017-03-30,2,1,2,3
2017-03-30,3,1,1,2
2017-03-30,4,6,0,6
2017-03-30,5,68,4,72
2017-03-30,6,261,8,269
2017-03-30,7,702,36,738
2017-03-30,8,1090,80,1170
2017-03-30,9,455,60,515
2017-03-30,10,253,99,352
2017-03-30,11,241,112,353
2017-03-30,12,341,121,462
2017-03-30,13,344,130,474
2017-03-30,14,303,209,512
2017-03-30,15,373,191,564
2017-03-30,16,593,170,763
2017-03-30,17,1137,192,1329
2017-03-30,18,959,138,1097
2017-03-30,19,507,85,592
2017-03-30,20,363,70,433
2017-03-30,21,243,46,289
2017-03-30,22,149,31,180
2017-03-30,23,84,19,103
2017-03-31,0,29,6,35
2017-03-31,1,7,4,11
2017-03-31,2,5,1,6
2017-03-31,4,8,0,8
2017-03-31,5,38,0,38
2017-03-31,6,118,2,120
2017-03-31,7,118,4,122
2017-03-31,8,261,18,279
2017-03-31,9,122,8,130
2017-03-31,10,31,6,37
2017-03-31,11,39,1,40
2017-03-31,12,44,9,53
2017-03-31,13,92,12,104
2017-03-31,14,148,34,182
2017-03-31,15,163,32,195
2017-03-31,16,347,64,411
2017-03-31,17,694,69,763
2017-03-31,18,542,73,615
2017-03-31,19,135,9,144
2017-03-31,20,139,15,154
2017-03-31,21,112,13,125
2017-03-31,22,102,26,128
2017-03-31,23,78,15,93
2017-04-01,0,49,14,63
2017-04-01,1,35,10,45
2017-04-01,2,17,10,27
2017-04-01,3,14,5,19
2017-04-01,4,3,2,5
2017-04-01,5,7,2,9
2017-04-01,6,41,9,50
2017-04-01,7,95,27,122
2017-04-01,8,166,64,230
2017-04-01,9,307,181,488
2017-04-01,10,442,273,715
2017-04-01,11,496,366,862
2017-04-01,12,509,427,936
2017-04-01,13,485,478,963
2017-04-01,14,512,516,1028
2017-04-01,15,460,548,1008
2017-04-01,16,516,517,1033
2017-04-01,17,470,436,906
2017-04-01,18,338,281,619
2017-04-01,19,284,145,429
2017-04-01,20,198,63,261
2017-04-01,21,141,56,197
2017-04-01,22,122,45,167
2017-04-01,23,105,34,139
2017-04-02,0,106,57,163
2017-04-02,1,62,15,77
2017-04-02,2,53,25,78
2017-04-02,3,20,7,27
2017-04-02,4,6,3,9
2017-04-02,5,11,2,13
2017-04-02,6,178,66,244
2017-04-02,7,124,49,173
2017-04-02,8,158,93,251
2017-04-02,9,368,224,592
2017-04-02,10,440,371,811
2017-04-02,11,495,500,995
2017-04-02,12,549,669,1218
2017-04-02,13,542,715,1257
2017-04-02,14,581,846,1427
2017-04-02,15,567,775,1342
2017-04-02,16,607,726,1333
2017-04-02,17,579,630,1209
2017-04-02,18,439,501,940
2017-04-02,19,348,308,656
2017-04-02,20,250,147,397
2017-04-02,21,141,90,231
2017-04-02,22,86,88,174
2017-04-02,23,50,47,97
2017-04-03,0,25,14,39
2017-04-03,1,8,11,19
2017-04-03,2,6,4,10
2017-04-03,3,5,0,5
2017-04-03,4,6,0,6
2017-04-03,5,76,2,78
2017-04-03,6,258,17,275
2017-04-03,7,677,42,719
2017-04-03,8,984,55,1039
2017-04-03,9,464,95,559
2017-04-03,10,326,147,473
2017-04-03,11,316,221,537
2017-04-03,12,417,204,621
2017-04-03,13,329,199,528
2017-04-03,14,282,237,519
2017-04-03,15,402,267,669
2017-04-03,16,643,331,974
2017-04-03,17,1262,280,1542
2017-04-03,18,950,215,1165
2017-04-03,19,547,101,648
2017-04-03,20,151,42,193
2017-04-03,21,89,13,102
2017-04-03,22,78,10,88
2017-04-03,23,55,5,60
2017-04-04,0,42,11,53
2017-04-04,1,5,1,6
2017-04-04,2,5,2,7
2017-04-04,3,4,0,4
2017-04-04,4,8,2,10
2017-04-04,5,83,1,84
2017-04-04,6,294,18,312
2017-04-04,7,769,36,805
2017-04-04,8,1143,87,1230
2017-04-04,9,333,61,394
2017-04-04,10,223,115,338
2017-04-04,11,279,183,462
2017-04-04,12,358,199,557
2017-04-04,13,369,228,597
2017-04-04,14,317,268,585
2017-04-04,15,420,273,693
2017-04-04,16,763,291,1054
2017-04-04,17,1397,347,1744
2017-04-04,18,1142,272,1414
2017-04-04,19,698,228,926
2017-04-04,20,464,155,619
2017-04-04,21,351,80,431
2017-04-04,22,204,38,242
2017-04-04,23,74,25,99
2017-04-05,0,34,15,49
2017-04-05,1,16,8,24
2017-04-05,2,6,4,10
2017-04-05,3,3,2,5
2017-04-05,4,6,2,8
2017-04-05,5,97,3,100
2017-04-05,6,319,19,338
2017-04-05,7,944,51,995
2017-04-05,8,1203,97,1300
2017-04-05,9,512,131,643
2017-04-05,10,263,146,409
2017-04-05,11,290,210,500
2017-04-05,12,420,238,658
2017-04-05,13,410,283,693
2017-04-05,14,357,323,680
2017-04-05,15,458,274,732
2017-04-05,16,719,321,1040
2017-04-05,17,1385,328,1713
2017-04-05,18,1188,270,1458
2017-04-05,19,675,155,830
2017-04-05,20,399,123,522
2017-04-05,21,310,75,385
2017-04-05,22,248,73,321
2017-04-05,23,92,40,132
2017-04-06,0,33,15,48
2017-04-06,1,9,6,15
2017-04-06,2,5,1,6
2017-04-06,3,2,0,2
2017-04-06,4,6,2,8
2017-04-06,5,77,2,79
2017-04-06,6,256,6,262
2017-04-06,7,782,32,814
2017-04-06,8,887,50,937
2017-04-06,9,83,6,89
2017-04-06,10,39,2,41
2017-04-06,11,25,4,29
2017-04-06,12,44,3,47
2017-04-06,13,80,17,97
2017-04-06,14,95,25,120
2017-04-06,15,280,25,305
2017-04-06,16,172,16,188
2017-04-06,17,948,101,1049
2017-04-06,18,866,118,984
2017-04-06,19,332,44,376
2017-04-06,20,284,27,311
2017-04-06,21,228,25,253
2017-04-06,22,150,21,171
2017-04-06,23,87,35,122
2017-04-07,0,38,9,47
2017-04-07,1,17,7,24
2017-04-07,2,6,1,7
2017-04-07,3,6,1,7
2017-04-07,4,5,1,6
2017-04-07,5,71,2,73
2017-04-07,6,211,10,221
2017-04-07,7,490,20,510
2017-04-07,8,915,41,956
2017-04-07,9,475,79,554
2017-04-07,10,203,64,267
2017-04-07,11,221,87,308
2017-04-07,12,280,73,353
2017-04-07,13,292,93,385
2017-04-07,14,249,80,329
2017-04-07,15,320,75,395
2017-04-07,16,529,92,621
2017-04-07,17,813,84,897
2017-04-07,18,592,62,654
2017-04-07,19,376,44,420
2017-04-07,20,189,23,212
2017-04-07,21,123,19,142
2017-04-07,22,105,12,117
2017-04-07,23,74,17,91
2017-04-08,0,68,15,83
2017-04-08,1,42,5,47
2017-04-08,2,27,7,34
2017-04-08,3,16,8,24
2017-04-08,4,5,2,7
2017-04-08,5,11,4,15
2017-04-08,6,23,13,36
2017-04-08,7,81,32,113
2017-04-08,8,176,59,235
2017-04-08,9,319,129,448
2017-04-08,10,423,276,699
2017-04-08,11,471,377,848
2017-04-08,12,567,586,1153
2017-04-08,13,539,705,1244
2017-04-08,14,543,728,1271
2017-04-08,15,533,738,1271
2017-04-08,16,492,702,1194
2017-04-08,17,463,587,1050
2017-04-08,18,464,485,949
2017-04-08,19,360,268,628
2017-04-08,20,232,149,381
2017-04-08,21,169,115,284
2017-04-08,22,138,133,271
2017-04-08,23,129,94,223
2017-04-09,0,113,28,141
2017-04-09,1,70,25,95
2017-04-09,2,58,16,74
2017-04-09,3,24,7,31
2017-04-09,4,7,4,11
2017-04-09,5,8,8,16
2017-04-09,6,20,10,30
2017-04-09,7,71,25,96
2017-04-09,8,148,71,219
2017-04-09,9,261,242,503
2017-04-09,10,441,481,922
2017-04-09,11,497,612,1109
2017-04-09,12,601,835,1436
2017-04-09,13,695,858,1553
2017-04-09,14,665,913,1578
2017-04-09,15,673,864,1537
2017-04-09,16,674,820,1494
2017-04-09,17,650,689,1339
2017-04-09,18,510,493,1003
2017-04-09,19,402,376,778
2017-04-09,20,266,272,538
2017-04-09,21,212,142,354
2017-04-09,22,99,97,196
2017-04-09,23,51,29,80
2017-04-10,0,19,18,37
2017-04-10,1,8,7,15
2017-04-10,2,0,4,4
2017-04-10,3,3,1,4
2017-04-10,4,6,0,6
2017-04-10,5,80,2,82
2017-04-10,6,295,9,304
2017-04-10,7,761,36,797
2017-04-10,8,970,85,1055
2017-04-10,9,424,149,573
2017-04-10,10,220,276,496
2017-04-10,11,261,353,614
2017-04-10,12,362,333,695
2017-04-10,13,331,389,720
2017-04-10,14,316,402,718
2017-04-10,15,415,439,854
2017-04-10,16,711,360,1071
2017-04-10,17,1420,400,1820
2017-04-10,18,1202,362,1564
2017-04-10,19,659,256,915
2017-04-10,20,382,144,526
2017-04-10,21,284,120,404
2017-04-10,22,225,96,321
2017-04-10,23,106,41,147
2017-04-11,0,44,44,88
2017-04-11,1,11,6,17
2017-04-11,2,7,5,12
2017-04-11,3,2,1,3
2017-04-11,4,8,1,9
2017-04-11,5,98,5,103
2017-04-11,6,341,19,360
2017-04-11,7,909,55,964
2017-04-11,8,1247,128,1375
2017-04-11,9,492,172,664
2017-04-11,10,264,287,551
2017-04-11,11,324,325,649
2017-04-11,12,394,392,786
2017-04-11,13,397,409,806
2017-04-11,14,314,439,753
2017-04-11,15,449,370,819
2017-04-11,16,687,389,1076
2017-04-11,17,1388,502,1890
2017-04-11,18,1211,430,1641
2017-04-11,19,715,345,1060
2017-04-11,20,475,191,666
2017-04-11,21,362,179,541
2017-04-11,22,286,157,443
2017-04-11,23,88,7,95
2017-04-12,0,32,0,32
2017-04-12,1,13,10,23
2017-04-12,2,8,19,27
2017-04-12,3,11,9,20
2017-04-12,4,10,2,12
2017-04-12,5,91,7,98
2017-04-12,6,351,18,369
2017-04-12,7,885,54,939
2017-04-12,8,1200,109,1309
2017-04-12,9,456,176,632
2017-04-12,10,206,129,335
2017-04-12,11,284,218,502
2017-04-12,12,366,266,632
2017-04-12,13,382,233,615
2017-04-12,14,315,297,612
2017-04-12,15,432,300,732
2017-04-12,16,761,335,1096
2017-04-12,17,1435,401,1836
2017-04-12,18,1142,357,1499
2017-04-12,19,823,308,1131
2017-04-12,20,488,177,665
2017-04-12,21,311,131,442
2017-04-12,22,252,101,353
2017-04-12,23,99,78,177
2017-04-13,0,38,35,73
2017-04-13,1,19,10,29
2017-04-13,2,17,0,17
2017-04-13,3,5,6,11
2017-04-13,4,8,6,14
2017-04-13,5,90,1,91
2017-04-13,6,293,14,307
2017-04-13,7,890,51,941
2017-04-13,8,1266,132,1398
2017-04-13,9,501,175,676
2017-04-13,10,287,255,542
2017-04-13,11,310,347,657
2017-04-13,12,417,374,791
2017-04-13,13,389,384,773
2017-04-13,14,355,423,778
2017-04-13,15,469,390,859
2017-04-13,16,760,466,1226
2017-04-13,17,1426,432,1858
2017-04-13,18,1150,481,1631
2017-04-13,19,734,315,1049
2017-04-13,20,472,225,697
2017-04-13,21,331,170,501
2017-04-13,22,237,114,351
2017-04-13,23,111,53,164
2017-04-14,0,49,31,80
2017-04-14,1,22,8,30
2017-04-14,2,9,12,21
2017-04-14,3,2,1,3
2017-04-14,4,6,9,15
2017-04-14,5,63,4,67
2017-04-14,6,225,20,245
2017-04-14,7,700,57,757
2017-04-14,8,1058,98,1156
2017-04-14,9,527,242,769
2017-04-14,10,293,345,638
2017-04-14,11,393,478,871
2017-04-14,12,418,573,991
2017-04-14,13,503,551,1054
2017-04-14,14,553,687,1240
2017-04-14,15,614,642,1256
2017-04-14,16,835,607,1442
2017-04-14,17,1054,601,1655
2017-04-14,18,771,435,1206
2017-04-14,19,563,439,1002
2017-04-14,20,325,275,600
2017-04-14,21,213,178,391
2017-04-14,22,203,134,337
2017-04-14,23,109,103,212
2017-04-15,0,95,80,175
2017-04-15,1,61,46,107
2017-04-15,2,37,11,48
2017-04-15,3,20,13,33
2017-04-15,4,9,8,17
2017-04-15,5,22,3,25
2017-04-15,6,48,12,60
2017-04-15,7,94,47,141
2017-04-15,8,192,154,346
2017-04-15,9,329,266,595
2017-04-15,10,398,553,951
2017-04-15,11,513,702,1215
2017-04-15,12,598,884,1482
2017-04-15,13,530,956,1486
2017-04-15,14,471,992,1463
2017-04-15,15,558,1037,1595
2017-04-15,16,553,984,1537
2017-04-15,17,511,920,1431
2017-04-15,18,453,766,1219
2017-04-15,19,399,613,1012
2017-04-15,20,275,458,733
2017-04-15,21,244,349,593
2017-04-15,22,143,199,342
2017-04-15,23,170,120,290
2017-04-16,0,116,107,223
2017-04-16,1,55,69,124
2017-04-16,2,62,34,96
2017-04-16,3,18,24,42
2017-04-16,4,11,7,18
2017-04-16,5,16,20,36
2017-04-16,6,33,49,82
2017-04-16,7,69,54,123
2017-04-16,8,169,141,310
2017-04-16,9,254,345,599
2017-04-16,10,408,486,894
2017-04-16,11,457,643,1100
2017-04-16,12,514,791,1305
2017-04-16,13,475,659,1134
2017-04-16,14,411,638,1049
2017-04-16,15,391,687,1078
2017-04-16,16,485,601,1086
2017-04-16,17,450,578,1028
2017-04-16,18,355,454,809
2017-04-16,19,313,428,741
2017-04-16,20,236,257,493
2017-04-16,21,190,204,394
2017-04-16,22,111,128,239
2017-04-16,23,56,70,126
2017-04-17,0,24,49,73
2017-04-17,1,11,15,26
2017-04-17,2,7,9,16
2017-04-17,3,7,5,12
2017-04-17,4,11,3,14
2017-04-17,5,72,5,77
2017-04-17,6,241,16,257
2017-04-17,7,585,35,620
2017-04-17,8,755,67,822
2017-04-17,9,385,143,528
2017-04-17,10,185,179,364
2017-04-17,11,89,94,183
2017-04-17,12,77,30,107
2017-04-17,13,188,113,301
2017-04-17,14,246,214,460
2017-04-17,15,351,257,608
2017-04-17,16,589,263,852
2017-04-17,17,1281,271,1552
2017-04-17,18,988,267,1255
2017-04-17,19,661,219,880
2017-04-17,20,405,160,565
2017-04-17,21,270,103,373
2017-04-17,22,155,81,236
2017-04-17,23,62,35,97
2017-04-18,0,36,19,55
2017-04-18,1,13,6,19
2017-04-18,2,8,1,9
2017-04-18,3,4,6,10
2017-04-18,4,14,0,14
2017-04-18,5,67,3,70
2017-04-18,6,352,31,383
2017-04-18,7,896,35,931
2017-04-18,8,1171,66,1237
2017-04-18,9,478,117,595
2017-04-18,10,253,201,454
2017-04-18,11,287,209,496
2017-04-18,12,368,286,654
2017-04-18,13,370,308,678
2017-04-18,14,302,330,632
2017-04-18,15,422,317,739
2017-04-18,16,744,328,1072
2017-04-18,17,1607,381,1988
2017-04-18,18,1233,324,1557
2017-04-18,19,781,238,1019
2017-04-18,20,438,88,526
2017-04-18,21,261,59,320
2017-04-18,22,170,36,206
2017-04-18,23,71,17,88
2017-04-19,0,33,10,43
2017-04-19,1,6,2,8
2017-04-19,2,5,2,7
2017-04-19,3,4,3,7
2017-04-19,4,9,0,9
2017-04-19,5,85,4,89
2017-04-19,6,259,15,274
2017-04-19,7,738,32,770
2017-04-19,8,1135,88,1223
2017-04-19,9,538,112,650
2017-04-19,10,237,103,340
2017-04-19,11,294,175,469
2017-04-19,12,370,171,541
2017-04-19,13,327,189,516
2017-04-19,14,295,180,475
2017-04-19,15,407,188,595
2017-04-19,16,645,206,851
2017-04-19,17,1316,258,1574
2017-04-19,18,1038,186,1224
2017-04-19,19,597,157,754
2017-04-19,20,428,105,533
2017-04-19,21,292,51,343
2017-04-19,22,247,56,303
2017-04-19,23,85,10,95
2017-04-20,0,43,6,49
2017-04-20,1,12,2,14
2017-04-20,2,4,3,7
2017-04-20,3,4,1,5
2017-04-20,4,7,2,9
2017-04-20,5,77,8,85
2017-04-20,6,317,24,341
2017-04-20,7,793,49,842
2017-04-20,8,529,44,573
2017-04-20,9,386,84,470
2017-04-20,10,246,136,382
2017-04-20,11,280,198,478
2017-04-20,12,398,279,677
2017-04-20,13,395,300,695
2017-04-20,14,316,297,613
2017-04-20,15,459,343,802
2017-04-20,16,754,299,1053
2017-04-20,17,1345,370,1715
2017-04-20,18,1098,312,1410
2017-04-20,19,712,272,984
2017-04-20,20,235,82,317
2017-04-20,21,229,92,321
2017-04-20,22,214,54,268
2017-04-20,23,114,49,163
2017-04-21,0,46,22,68
2017-04-21,1,23,19,42
2017-04-21,2,12,3,15
2017-04-21,3,5,4,9
2017-04-21,4,9,0,9
2017-04-21,5,67,4,71
2017-04-21,6,247,17,264
2017-04-21,7,620,55,675
2017-04-21,8,1009,105,1114
2017-04-21,9,518,149,667
2017-04-21,10,267,220,487
2017-04-21,11,287,308,595
2017-04-21,12,401,340,741
2017-04-21,13,412,342,754
2017-04-21,14,411,303,714
2017-04-21,15,492,355,847
2017-04-21,16,833,386,1219
2017-04-21,17,1026,414,1440
2017-04-21,18,914,341,1255
2017-04-21,19,599,263,862
2017-04-21,20,339,230,569
2017-04-21,21,247,188,435
2017-04-21,22,229,163,392
2017-04-21,23,179,118,297
2017-04-22,0,120,76,196
2017-04-22,1,62,56,118
2017-04-22,2,52,42,94
2017-04-22,3,18,22,40
2017-04-22,4,4,7,11
2017-04-22,5,10,4,14
2017-04-22,6,27,8,35
2017-04-22,7,84,31,115
2017-04-22,8,198,86,284
2017-04-22,9,315,100,415
2017-04-22,10,209,99,308
2017-04-22,11,199,130,329
2017-04-22,12,181,60,241
2017-04-22,13,208,54,262
2017-04-22,14,166,55,221
2017-04-22,15,191,82,273
2017-04-22,16,156,70,226
2017-04-22,17,136,47,183
2017-04-22,18,160,46,206
2017-04-22,19,147,68,215
2017-04-22,20,164,42,206
2017-04-22,21,150,53,203
2017-04-22,22,98,51,149
2017-04-22,23,100,41,141
2017-04-23,0,77,46,123
2017-04-23,1,72,37,109
2017-04-23,2,48,24,72
2017-04-23,3,28,10,38
2017-04-23,4,11,3,14
2017-04-23,5,15,4,19
2017-04-23,6,17,12,29
2017-04-23,7,58,20,78
2017-04-23,8,160,90,250
2017-04-23,9,256,155,411
2017-04-23,10,379,340,719
2017-04-23,11,495,431,926
2017-04-23,12,471,529,1000
2017-04-23,13,485,513,998
2017-04-23,14,506,574,1080
2017-04-23,15,503,515,1018
2017-04-23,16,529,500,1029
2017-04-23,17,469,385,854
2017-04-23,18,393,257,650
2017-04-23,19,335,180,515
2017-04-23,20,192,111,303
2017-04-23,21,169,81,250
2017-04-23,22,110,61,171
2017-04-23,23,64,24,88
2017-04-24,0,24,7,31
2017-04-24,1,12,4,16
2017-04-24,2,1,2,3
2017-04-24,3,4,2,6
2017-04-24,4,4,0,4
2017-04-24,5,70,3,73
2017-04-24,6,213,10,223
2017-04-24,7,573,18,591
2017-04-24,8,724,44,768
2017-04-24,9,212,31,243
2017-04-24,10,167,46,213
2017-04-24,11,202,72,274
2017-04-24,12,216,46,262
2017-04-24,13,144,46,190
2017-04-24,14,77,25,102
2017-04-24,15,129,24,153
2017-04-24,16,228,24,252
2017-04-24,17,584,59,643
2017-04-24,18,630,42,672
2017-04-24,19,368,27,395
2017-04-24,20,223,14,237
2017-04-24,21,135,15,150
2017-04-24,22,115,15,130
2017-04-24,23,48,5,53
2017-04-25,0,13,5,18
2017-04-25,1,9,4,13
2017-04-25,2,5,1,6
2017-04-25,3,1,1,2
2017-04-25,4,8,1,9
2017-04-25,5,68,4,72
2017-04-25,6,292,5,297
2017-04-25,7,607,16,623
2017-04-25,8,911,34,945
2017-04-25,9,449,47,496
2017-04-25,10,169,45,214
2017-04-25,11,106,28,134
2017-04-25,12,158,20,178
2017-04-25,13,114,14,128
2017-04-25,14,127,24,151
2017-04-25,15,245,31,276
2017-04-25,16,493,62,555
2017-04-25,17,1054,97,1151
2017-04-25,18,945,99,1044
2017-04-25,19,603,60,663
2017-04-25,20,359,46,405
2017-04-25,21,267,45,312
2017-04-25,22,162,26,188
2017-04-25,23,68,18,86
2017-04-26,0,21,3,24
2017-04-26,1,9,9,18
2017-04-26,2,3,1,4
2017-04-26,3,1,1,2
2017-04-26,4,11,0,11
2017-04-26,5,83,1,84
2017-04-26,6,338,19,357
2017-04-26,7,818,27,845
2017-04-26,8,1093,58,1151
2017-04-26,9,477,65,542
2017-04-26,10,228,84,312
2017-04-26,11,287,108,395
2017-04-26,12,381,144,525
2017-04-26,13,385,133,518
2017-04-26,14,320,108,428
2017-04-26,15,435,153,588
2017-04-26,16,755,155,910
2017-04-26,17,1368,236,1604
2017-04-26,18,1126,204,1330
2017-04-26,19,744,131,875
2017-04-26,20,533,109,642
2017-04-26,21,337,72,409
2017-04-26,22,225,36,261
2017-04-26,23,110,24,134
2017-04-27,0,30,10,40
2017-04-27,1,14,9,23
2017-04-27,2,9,13,22
2017-04-27,3,5,4,9
2017-04-27,4,10,0,10
2017-04-27,5,73,8,81
2017-04-27,6,321,21,342
2017-04-27,7,946,77,1023
2017-04-27,8,1344,121,1465
2017-04-27,9,611,115,726
2017-04-27,10,312,138,450
2017-04-27,11,263,176,439
2017-04-27,12,367,199,566
2017-04-27,13,381,189,570
2017-04-27,14,352,239,591
2017-04-27,15,480,249,729
2017-04-27,16,743,248,991
2017-04-27,17,1409,305,1714
2017-04-27,18,1193,290,1483
2017-04-27,19,712,207,919
2017-04-27,20,482,147,629
2017-04-27,21,366,112,478
2017-04-27,22,237,67,304
2017-04-27,23,137,46,183
2017-04-28,0,67,20,87
2017-04-28,1,38,8,46
2017-04-28,2,25,10,35
2017-04-28,3,6,1,7
2017-04-28,4,12,1,13
2017-04-28,5,80,5,85
2017-04-28,6,290,20,310
2017-04-28,7,769,50,819
2017-04-28,8,1117,114,1231
2017-04-28,9,540,130,670
2017-04-28,10,298,204,502
2017-04-28,11,357,305,662
2017-04-28,12,474,348,822
2017-04-28,13,417,341,758
2017-04-28,14,394,331,725
2017-04-28,15,554,368,922
2017-04-28,16,828,350,1178
2017-04-28,17,1250,378,1628
2017-04-28,18,866,336,1202
2017-04-28,19,584,308,892
2017-04-28,20,415,198,613
2017-04-28,21,295,183,478
2017-04-28,22,273,146,419
2017-04-28,23,205,82,287
2017-04-29,0,150,94,244
2017-04-29,1,78,77,155
2017-04-29,2,40,29,69
2017-04-29,3,30,16,46
2017-04-29,4,11,3,14
2017-04-29,5,25,13,38
2017-04-29,6,54,23,77
2017-04-29,7,159,77,236
2017-04-29,8,262,150,412
2017-04-29,9,420,283,703
2017-04-29,10,551,390,941
2017-04-29,11,530,552,1082
2017-04-29,12,555,638,1193
2017-04-29,13,456,639,1095
2017-04-29,14,515,644,1159
2017-04-29,15,555,640,1195
2017-04-29,16,538,655,1193
2017-04-29,17,476,515,991
2017-04-29,18,465,419,884
2017-04-29,19,389,385,774
2017-04-29,20,303,327,630
2017-04-29,21,260,186,446
2017-04-29,22,222,201,423
2017-04-29,23,214,198,412
2017-04-30,0,136,87,223
2017-04-30,1,84,57,141
2017-04-30,2,86,50,136
2017-04-30,3,31,24,55
2017-04-30,4,10,22,32
2017-04-30,5,20,14,34
2017-04-30,6,37,30,67
2017-04-30,7,90,47,137
2017-04-30,8,196,148,344
2017-04-30,9,302,258,560
2017-04-30,10,411,432,843
2017-04-30,11,518,600,1118
2017-04-30,12,587,687,1274
2017-04-30,13,602,685,1287
2017-04-30,14,520,590,1110
2017-04-30,15,514,518,1032
2017-04-30,16,532,518,1050
2017-04-30,17,535,508,1043
2017-04-30,18,475,446,921
2017-04-30,19,466,353,819
2017-04-30,20,308,266,574
2017-04-30,21,229,184,413
2017-04-30,22,129,127,256
2017-04-30,23,71,73,144
2017-05-01,0,26,33,59
2017-05-01,1,7,17,24
2017-05-01,2,10,10,20
2017-05-01,3,6,0,6
2017-05-01,4,13,3,16
2017-05-01,5,92,5,97
2017-05-01,6,306,24,330
2017-05-01,7,762,38,800
2017-05-01,8,906,73,979
2017-05-01,9,432,109,541
2017-05-01,10,233,124,357
2017-05-01,11,222,168,390
2017-05-01,12,321,171,492
2017-05-01,13,347,179,526
2017-05-01,14,300,187,487
2017-05-01,15,398,172,570
2017-05-01,16,696,230,926
2017-05-01,17,1373,247,1620
2017-05-01,18,1043,193,1236
2017-05-01,19,481,107,588
2017-05-01,20,283,53,336
2017-05-01,21,206,63,269
2017-05-01,22,130,53,183
2017-05-01,23,85,45,130
2017-05-02,0,31,32,63
2017-05-02,1,9,10,19
2017-05-02,2,8,11,19
2017-05-02,3,8,13,21
2017-05-02,4,10,1,11
2017-05-02,5,87,10,97
2017-05-02,6,417,24,441
2017-05-02,7,1053,57,1110
2017-05-02,8,1200,79,1279
2017-05-02,9,478,91,569
2017-05-02,10,249,85,334
2017-05-02,11,292,145,437
2017-05-02,12,394,155,549
2017-05-02,13,363,182,545
2017-05-02,14,346,187,533
2017-05-02,15,473,215,688
2017-05-02,16,801,208,1009
2017-05-02,17,1540,270,1810
2017-05-02,18,1196,224,1420
2017-05-02,19,720,166,886
2017-05-02,20,487,124,611
2017-05-02,21,317,111,428
2017-05-02,22,202,89,291
2017-05-02,23,113,29,142
2017-05-03,0,46,19,65
2017-05-03,1,14,18,32
2017-05-03,2,18,10,28
2017-05-03,3,7,1,8
2017-05-03,4,10,2,12
2017-05-03,5,98,4,102
2017-05-03,6,372,27,399
2017-05-03,7,1036,59,1095
2017-05-03,8,1172,98,1270
2017-05-03,9,526,108,634
2017-05-03,10,273,115,388
2017-05-03,11,310,122,432
2017-05-03,12,395,169,564
2017-05-03,13,363,175,538
2017-05-03,14,282,164,446
2017-05-03,15,400,156,556
2017-05-03,16,791,241,1032
2017-05-03,17,1442,271,1713
2017-05-03,18,1145,255,1400
2017-05-03,19,667,192,859
2017-05-03,20,448,104,552
2017-05-03,21,294,85,379
2017-05-03,22,261,54,315
2017-05-03,23,79,33,112
2017-05-04,0,27,13,40
2017-05-04,1,9,9,18
2017-05-04,2,6,2,8
2017-05-04,3,5,2,7
2017-05-04,4,18,0,18
2017-05-04,5,83,2,85
2017-05-04,6,345,16,361
2017-05-04,7,880,49,929
2017-05-04,8,1216,83,1299
2017-05-04,9,562,97,659
2017-05-04,10,274,99,373
2017-05-04,11,336,151,487
2017-05-04,12,476,178,654
2017-05-04,13,393,178,571
2017-05-04,14,316,182,498
2017-05-04,15,404,193,597
2017-05-04,16,764,204,968
2017-05-04,17,1309,263,1572
2017-05-04,18,1040,202,1242
2017-05-04,19,632,136,768
2017-05-04,20,286,58,344
2017-05-04,21,150,33,183
2017-05-04,22,76,39,115
2017-05-04,23,49,6,55
2017-05-05,0,16,3,19
2017-05-05,1,14,4,18
2017-05-05,2,12,6,18
2017-05-05,3,6,2,8
2017-05-05,4,6,0,6
2017-05-05,5,9,2,11
2017-05-05,6,49,2,51
2017-05-05,7,119,4,123
2017-05-05,8,106,5,111
2017-05-05,9,98,7,105
2017-05-05,10,171,26,197
2017-05-05,11,225,69,294
2017-05-05,12,294,91,385
2017-05-05,13,286,89,375
2017-05-05,14,307,149,456
2017-05-05,15,425,159,584
2017-05-05,16,677,201,878
2017-05-05,17,994,195,1189
2017-05-05,18,751,136,887
2017-05-05,19,527,125,652
2017-05-05,20,304,103,407
2017-05-05,21,189,90,279
2017-05-05,22,72,21,93
2017-05-05,23,95,22,117
2017-05-06,0,87,40,127
2017-05-06,1,58,15,73
2017-05-06,2,51,20,71
2017-05-06,3,30,17,47
2017-05-06,4,9,5,14
2017-05-06,5,7,0,7
2017-05-06,6,38,9,47
2017-05-06,7,108,21,129
2017-05-06,8,200,63,263
2017-05-06,9,318,93,411
2017-05-06,10,303,115,418
2017-05-06,11,238,83,321
2017-05-06,12,241,87,328
2017-05-06,13,272,127,399
2017-05-06,14,293,181,474
2017-05-06,15,338,219,557
2017-05-06,16,361,191,552
2017-05-06,17,204,107,311
2017-05-06,18,181,72,253
2017-05-06,19,198,83,281
2017-05-06,20,169,62,231
2017-05-06,21,141,48,189
2017-05-06,22,121,45,166
2017-05-06,23,107,66,173
2017-05-07,0,85,29,114
2017-05-07,1,51,16,67
2017-05-07,2,32,9,41
2017-05-07,3,15,5,20
2017-05-07,4,8,0,8
2017-05-07,5,6,2,8
2017-05-07,6,28,6,34
2017-05-07,7,61,18,79
2017-05-07,8,165,68,233
2017-05-07,9,272,139,411
2017-05-07,10,382,220,602
2017-05-07,11,477,303,780
2017-05-07,12,528,351,879
2017-05-07,13,506,369,875
2017-05-07,14,498,451,949
2017-05-07,15,500,421,921
2017-05-07,16,474,357,831
2017-05-07,17,502,338,840
2017-05-07,18,425,170,595
2017-05-07,19,274,147,421
2017-05-07,20,226,122,348
2017-05-07,21,174,119,293
2017-05-07,22,73,73,146
2017-05-07,23,50,68,118
2017-05-08,0,20,39,59
2017-05-08,1,10,5,15
2017-05-08,2,3,6,9
2017-05-08,3,1,0,1
2017-05-08,4,15,3,18
2017-05-08,5,74,6,80
2017-05-08,6,297,11,308
2017-05-08,7,730,31,761
2017-05-08,8,964,70,1034
2017-05-08,9,401,80,481
2017-05-08,10,212,134,346
2017-05-08,11,237,165,402
2017-05-08,12,339,183,522
2017-05-08,13,363,179,542
2017-05-08,14,319,194,513
2017-05-08,15,419,189,608
2017-05-08,16,701,213,914
2017-05-08,17,1455,257,1712
2017-05-08,18,1044,205,1249
2017-05-08,19,629,126,755
2017-05-08,20,405,96,501
2017-05-08,21,232,80,312
2017-05-08,22,147,43,190
2017-05-08,23,65,15,80
2017-05-09,0,23,31,54
2017-05-09,1,12,6,18
2017-05-09,2,7,2,9
2017-05-09,3,2,0,2
2017-05-09,4,14,0,14
2017-05-09,5,76,7,83
2017-05-09,6,346,10,356
2017-05-09,7,843,30,873
2017-05-09,8,1225,66,1291
2017-05-09,9,540,84,624
2017-05-09,10,264,105,369
2017-05-09,11,256,127,383
2017-05-09,12,373,149,522
2017-05-09,13,389,137,526
2017-05-09,14,373,181,554
2017-05-09,15,424,202,626
2017-05-09,16,727,188,915
2017-05-09,17,1435,253,1688
2017-05-09,18,1088,219,1307
2017-05-09,19,661,147,808
2017-05-09,20,456,138,594
2017-05-09,21,307,96,403
2017-05-09,22,180,50,230
2017-05-09,23,82,38,120
2017-05-10,0,35,8,43
2017-05-10,1,21,6,27
2017-05-10,2,4,2,6
2017-05-10,3,4,2,6
2017-05-10,4,11,0,11
2017-05-10,5,76,8,84
2017-05-10,6,362,19,381
2017-05-10,7,872,46,918
2017-05-10,8,1182,70,1252
2017-05-10,9,495,92,587
2017-05-10,10,260,124,384
2017-05-10,11,305,134,439
2017-05-10,12,435,206,641
2017-05-10,13,451,184,635
2017-05-10,14,368,204,572
2017-05-10,15,495,188,683
2017-05-10,16,820,256,1076
2017-05-10,17,1435,352,1787
2017-05-10,18,1165,280,1445
2017-05-10,19,729,225,954
2017-05-10,20,418,137,555
2017-05-10,21,341,84,425
2017-05-10,22,357,100,457
2017-05-10,23,128,33,161
2017-05-11,0,41,13,54
2017-05-11,1,14,11,25
2017-05-11,2,12,6,18
2017-05-11,3,6,4,10
2017-05-11,4,7,1,8
2017-05-11,5,76,4,80
2017-05-11,6,324,14,338
2017-05-11,7,626,37,663
2017-05-11,8,202,12,214
2017-05-11,9,73,5,78
2017-05-11,10,44,6,50
2017-05-11,11,42,4,46
2017-05-11,12,50,7,57
2017-05-11,13,45,6,51
2017-05-11,14,48,8,56
2017-05-11,15,117,8,125
2017-05-11,16,150,8,158
2017-05-11,17,319,15,334
2017-05-11,18,253,20,273
2017-05-11,19,277,23,300
2017-05-11,20,224,33,257
2017-05-11,21,179,43,222
2017-05-11,22,115,17,132
2017-05-11,23,83,15,98
2017-05-12,0,33,8,41
2017-05-12,1,25,20,45
2017-05-12,2,21,5,26
2017-05-12,3,0,2,2
2017-05-12,4,18,2,20
2017-05-12,5,69,2,71
2017-05-12,6,293,6,299
2017-05-12,7,673,27,700
2017-05-12,8,956,58,1014
2017-05-12,9,490,81,571
2017-05-12,10,223,92,315
2017-05-12,11,322,163,485
2017-05-12,12,401,180,581
2017-05-12,13,368,198,566
2017-05-12,14,377,216,593
2017-05-12,15,386,159,545
2017-05-12,16,257,55,312
2017-05-12,17,328,53,381
2017-05-12,18,194,17,211
2017-05-12,19,116,15,131
2017-05-12,20,101,11,112
2017-05-12,21,80,2,82
2017-05-12,22,53,14,67
2017-05-12,23,34,9,43
2017-05-13,0,20,3,23
2017-05-13,1,19,0,19
2017-05-13,2,10,0,10
2017-05-13,3,3,0,3
2017-05-13,5,1,1,2
2017-05-13,6,18,2,20
2017-05-13,7,83,15,98
2017-05-13,8,165,50,215
2017-05-13,9,284,92,376
2017-05-13,10,328,150,478
2017-05-13,11,443,148,591
2017-05-13,12,443,250,693
2017-05-13,13,471,284,755
2017-05-13,14,435,300,735
2017-05-13,15,451,275,726
2017-05-13,16,430,285,715
2017-05-13,17,371,270,641
2017-05-13,18,372,205,577
2017-05-13,19,298,148,446
2017-05-13,20,207,105,312
2017-05-13,21,164,88,252
2017-05-13,22,194,94,288
2017-05-13,23,124,78,202
2017-05-14,0,85,69,154
2017-05-14,1,76,46,122
2017-05-14,2,59,24,83
2017-05-14,3,25,12,37
2017-05-14,4,10,2,12
2017-05-14,5,13,11,24
2017-05-14,6,35,10,45
2017-05-14,7,71,35,106
2017-05-14,8,164,58,222
2017-05-14,9,277,173,450
2017-05-14,10,441,332,773
2017-05-14,11,515,486,1001
2017-05-14,12,590,626,1216
2017-05-14,13,554,625,1179
2017-05-14,14,569,666,1235
2017-05-14,15,580,652,1232
2017-05-14,16,613,541,1154
2017-05-14,17,527,521,1048
2017-05-14,18,491,413,904
2017-05-14,19,378,314,692
2017-05-14,20,256,235,491
2017-05-14,21,179,166,345
2017-05-14,22,132,96,228
2017-05-14,23,65,48,113
2017-05-15,0,37,23,60
2017-05-15,1,12,13,25
2017-05-15,2,3,12,15
2017-05-15,3,4,2,6
2017-05-15,4,14,1,15
2017-05-15,5,80,6,86
2017-05-15,6,339,22,361
2017-05-15,7,771,36,807
2017-05-15,8,912,63,975
2017-05-15,9,452,96,548
2017-05-15,10,187,146,333
2017-05-15,11,255,211,466
2017-05-15,12,347,254,601
2017-05-15,13,378,244,622
2017-05-15,14,321,269,590
2017-05-15,15,449,305,754
2017-05-15,16,786,285,1071
2017-05-15,17,1389,284,1673
2017-05-15,18,1128,261,1389
2017-05-15,19,684,174,858
2017-05-15,20,417,112,529
2017-05-15,21,273,111,384
2017-05-15,22,186,85,271
2017-05-15,23,98,43,141
2017-05-16,0,26,14,40
2017-05-16,1,7,2,9
2017-05-16,2,4,1,5
2017-05-16,3,4,0,4
2017-05-16,4,10,0,10
2017-05-16,5,97,5,102
2017-05-16,6,362,27,389
2017-05-16,7,1003,53,1056
2017-05-16,8,1252,115,1367
2017-05-16,9,468,84,552
2017-05-16,10,243,158,401
2017-05-16,11,316,159,475
2017-05-16,12,401,166,567
2017-05-16,13,384,204,588
2017-05-16,14,350,172,522
2017-05-16,15,500,219,719
2017-05-16,16,808,253,1061
2017-05-16,17,1524,312,1836
2017-05-16,18,1109,266,1375
2017-05-16,19,727,196,923
2017-05-16,20,524,167,691
2017-05-16,21,345,140,485
2017-05-16,22,211,71,282
2017-05-16,23,136,45,181
2017-05-17,0,33,19,52
2017-05-17,1,7,12,19
2017-05-17,2,12,7,19
2017-05-17,3,1,0,1
2017-05-17,4,10,5,15
2017-05-17,5,96,7,103
2017-05-17,6,402,22,424
2017-05-17,7,948,55,1003
2017-05-17,8,1173,80,1253
2017-05-17,9,507,96,603
2017-05-17,10,258,124,382
2017-05-17,11,303,135,438
2017-05-17,12,418,127,545
2017-05-17,13,332,154,486
2017-05-17,14,318,144,462
2017-05-17,15,423,133,556
2017-05-17,16,741,171,912
2017-05-17,17,1291,279,1570
2017-05-17,18,1111,293,1404
2017-05-17,19,692,242,934
2017-05-17,20,549,133,682
2017-05-17,21,314,113,427
2017-05-17,22,235,79,314
2017-05-17,23,125,50,175
2017-05-18,0,48,14,62
2017-05-18,1,25,18,43
2017-05-18,2,4,7,11
2017-05-18,3,8,1,9
2017-05-18,4,9,2,11
2017-05-18,5,97,6,103
2017-05-18,6,379,21,400
2017-05-18,7,925,64,989
2017-05-18,8,1158,88,1246
2017-05-18,9,461,111,572
2017-05-18,10,245,151,396
2017-05-18,11,291,170,461
2017-05-18,12,385,208,593
2017-05-18,13,354,184,538
2017-05-18,14,288,182,470
2017-05-18,15,450,194,644
2017-05-18,16,689,179,868
2017-05-18,17,1303,258,1561
2017-05-18,18,1060,251,1311
2017-05-18,19,701,200,901
2017-05-18,20,351,86,437
2017-05-18,21,266,79,345
2017-05-18,22,201,68,269
2017-05-18,23,100,64,164
2017-05-19,0,51,28,79
2017-05-19,1,39,20,59
2017-05-19,2,22,8,30
2017-05-19,3,7,5,12
2017-05-19,4,16,1,17
2017-05-19,5,81,3,84
2017-05-19,6,377,41,418
2017-05-19,7,1010,95,1105
2017-05-19,8,1232,156,1388
2017-05-19,9,572,138,710
2017-05-19,10,311,193,504
2017-05-19,11,357,267,624
2017-05-19,12,402,280,682
2017-05-19,13,404,292,696
2017-05-19,14,357,243,600
2017-05-19,15,491,255,746
2017-05-19,16,788,244,1032
2017-05-19,17,1122,306,1428
2017-05-19,18,795,232,1027
2017-05-19,19,466,193,659
2017-05-19,20,335,105,440
2017-05-19,21,274,134,408
2017-05-19,22,221,168,389
2017-05-19,23,164,126,290
2017-05-20,0,118,96,214
2017-05-20,1,85,49,134
2017-05-20,2,34,27,61
2017-05-20,3,27,19,46
2017-05-20,4,12,16,28
2017-05-20,5,23,20,43
2017-05-20,6,65,29,94
2017-05-20,7,145,42,187
2017-05-20,8,217,113,330
2017-05-20,9,395,280,675
2017-05-20,10,531,389,920
2017-05-20,11,494,524,1018
2017-05-20,12,528,540,1068
2017-05-20,13,496,643,1139
2017-05-20,14,508,707,1215
2017-05-20,15,528,710,1238
2017-05-20,16,486,693,1179
2017-05-20,17,489,631,1120
2017-05-20,18,472,471,943
2017-05-20,19,350,330,680
2017-05-20,20,282,269,551
2017-05-20,21,196,165,361
2017-05-20,22,197,153,350
2017-05-20,23,123,78,201
2017-05-21,0,85,61,146
2017-05-21,1,66,47,113
2017-05-21,2,58,32,90
2017-05-21,3,26,28,54
2017-05-21,4,17,8,25
2017-05-21,5,13,5,18
2017-05-21,6,32,12,44
2017-05-21,7,103,43,146
2017-05-21,8,209,110,319
2017-05-21,9,304,179,483
2017-05-21,10,384,301,685
2017-05-21,11,456,402,858
2017-05-21,12,542,438,980
2017-05-21,13,522,542,1064
2017-05-21,14,496,459,955
2017-05-21,15,489,505,994
2017-05-21,16,436,479,915
2017-05-21,17,468,485,953
2017-05-21,18,434,344,778
2017-05-21,19,320,252,572
2017-05-21,20,224,134,358
2017-05-21,21,173,94,267
2017-05-21,22,93,80,173
2017-05-21,23,55,56,111
2017-05-22,0,33,12,45
2017-05-22,1,12,15,27
2017-05-22,2,7,5,12
2017-05-22,3,3,1,4
2017-05-22,4,7,0,7
2017-05-22,5,32,2,34
2017-05-22,6,105,9,114
2017-05-22,7,162,2,164
2017-05-22,8,257,14,271
2017-05-22,9,173,31,204
2017-05-22,10,124,44,168
2017-05-22,11,181,73,254
2017-05-22,12,298,120,418
2017-05-22,13,291,159,450
2017-05-22,14,299,176,475
2017-05-22,15,449,233,682
2017-05-22,16,672,240,912
2017-05-22,17,1235,318,1553
2017-05-22,18,971,191,1162
2017-05-22,19,648,165,813
2017-05-22,20,429,140,569
2017-05-22,21,298,99,397
2017-05-22,22,154,91,245
2017-05-22,23,86,40,126
2017-05-23,0,31,18,49
2017-05-23,1,8,3,11
2017-05-23,2,4,1,5
2017-05-23,3,3,1,4
2017-05-23,4,12,3,15
2017-05-23,5,92,10,102
2017-05-23,6,376,27,403
2017-05-23,7,929,36,965
2017-05-23,8,1196,89,1285
2017-05-23,9,474,90,564
2017-05-23,10,221,119,340
2017-05-23,11,239,165,404
2017-05-23,12,359,162,521
2017-05-23,13,319,179,498
2017-05-23,14,294,184,478
2017-05-23,15,415,223,638
2017-05-23,16,719,224,943
2017-05-23,17,1307,257,1564
2017-05-23,18,656,111,767
2017-05-23,19,271,57,328
2017-05-23,20,124,34,158
2017-05-23,21,163,30,193
2017-05-23,22,159,27,186
2017-05-23,23,71,30,101
2017-05-24,0,25,28,53
2017-05-24,1,11,12,23
2017-05-24,2,4,1,5
2017-05-24,3,1,1,2
2017-05-24,4,13,1,14
2017-05-24,5,74,7,81
2017-05-24,6,336,17,353
2017-05-24,7,791,47,838
2017-05-24,8,1213,59,1272
2017-05-24,9,496,86,582
2017-05-24,10,267,114,381
2017-05-24,11,299,165,464
2017-05-24,12,403,164,567
2017-05-24,13,363,212,575
2017-05-24,14,304,188,492
2017-05-24,15,397,184,581
2017-05-24,16,710,167,877
2017-05-24,17,1378,223,1601
2017-05-24,18,1027,192,1219
2017-05-24,19,588,150,738
2017-05-24,20,398,114,512
2017-05-24,21,331,86,417
2017-05-24,22,205,45,250
2017-05-24,23,27,18,45
2017-05-25,0,13,5,18
2017-05-25,1,2,3,5
2017-05-25,2,4,0,4
2017-05-25,4,3,1,4
2017-05-25,5,41,6,47
2017-05-25,6,119,1,120
2017-05-25,7,197,6,203
2017-05-25,8,462,16,478
2017-05-25,9,279,23,302
2017-05-25,10,205,50,255
2017-05-25,11,261,74,335
2017-05-25,12,364,82,446
2017-05-25,13,367,131,498
2017-05-25,14,288,148,436
2017-05-25,15,430,154,584
2017-05-25,16,706,188,894
2017-05-25,17,784,115,899
2017-05-25,18,140,17,157
2017-05-25,19,208,25,233
2017-05-25,20,239,27,266
2017-05-25,21,196,40,236
2017-05-25,22,150,36,186
2017-05-25,23,89,19,108
2017-05-26,0,39,22,61
2017-05-26,1,19,8,27
2017-05-26,2,16,5,21
2017-05-26,3,8,6,14
2017-05-26,4,20,3,23
2017-05-26,5,58,4,62
2017-05-26,6,249,19,268
2017-05-26,7,660,62,722
2017-05-26,8,1046,124,1170
2017-05-26,9,484,142,626
2017-05-26,10,275,218,493
2017-05-26,11,349,273,622
2017-05-26,12,451,313,764
2017-05-26,13,479,357,836
2017-05-26,14,591,416,1007
2017-05-26,15,750,383,1133
2017-05-26,16,832,384,1216
2017-05-26,17,915,345,1260
2017-05-26,18,644,320,964
2017-05-26,19,474,273,747
2017-05-26,20,332,197,529
2017-05-26,21,307,169,476
2017-05-26,22,220,119,339
2017-05-26,23,149,62,211
2017-05-27,0,106,48,154
2017-05-27,1,57,29,86
2017-05-27,2,51,18,69
2017-05-27,3,19,11,30
2017-05-27,4,13,5,18
2017-05-27,5,16,10,26
2017-05-27,6,44,8,52
2017-05-27,7,73,41,114
2017-05-27,8,194,107,301
2017-05-27,9,313,239,552
2017-05-27,10,362,425,787
2017-05-27,11,363,440,803
2017-05-27,12,393,594,987
2017-05-27,13,392,665,1057
2017-05-27,14,371,595,966
2017-05-27,15,375,677,1052
2017-05-27,16,279,448,727
2017-05-27,17,269,468,737
2017-05-27,18,299,425,724
2017-05-27,19,315,436,751
2017-05-27,20,225,297,522
2017-05-27,21,166,264,430
2017-05-27,22,140,171,311
2017-05-27,23,109,110,219
2017-05-28,0,84,80,164
2017-05-28,1,60,44,104
2017-05-28,2,27,30,57
2017-05-28,3,22,17,39
2017-05-28,4,9,4,13
2017-05-28,5,8,7,15
2017-05-28,6,33,16,49
2017-05-28,7,82,33,115
2017-05-28,8,146,151,297
2017-05-28,9,257,338,595
2017-05-28,10,382,473,855
2017-05-28,11,423,660,1083
2017-05-28,12,326,521,847
2017-05-28,13,234,395,629
2017-05-28,14,110,219,329
2017-05-28,15,235,403,638
2017-05-28,16,257,590,847
2017-05-28,17,287,534,821
2017-05-28,18,269,493,762
2017-05-28,19,231,417,648
2017-05-28,20,185,233,418
2017-05-28,21,139,252,391
2017-05-28,22,110,157,267
2017-05-28,23,92,113,205
2017-05-29,0,61,63,124
2017-05-29,1,43,42,85
2017-05-29,2,26,33,59
2017-05-29,3,12,13,25
2017-05-29,4,7,14,21
2017-05-29,5,21,12,33
2017-05-29,6,42,18,60
2017-05-29,7,72,52,124
2017-05-29,8,142,123,265
2017-05-29,9,247,252,499
2017-05-29,10,302,420,722
2017-05-29,11,402,608,1010
2017-05-29,12,471,663,1134
2017-05-29,13,516,665,1181
2017-05-29,14,519,670,1189
2017-05-29,15,512,664,1176
2017-05-29,16,491,604,1095
2017-05-29,17,507,514,1021
2017-05-29,18,473,470,943
2017-05-29,19,428,389,817
2017-05-29,20,288,324,612
2017-05-29,21,189,202,391
2017-05-29,22,134,103,237
2017-05-29,23,55,53,108
2017-05-30,0,30,26,56
2017-05-30,1,18,8,26
2017-05-30,2,9,7,16
2017-05-30,3,5,3,8
2017-05-30,4,10,1,11
2017-05-30,5,81,4,85
2017-05-30,6,314,17,331
2017-05-30,7,687,29,716
2017-05-30,8,874,67,941
2017-05-30,9,401,71,472
2017-05-30,10,148,103,251
2017-05-30,11,180,139,319
2017-05-30,12,301,164,465
2017-05-30,13,290,184,474
2017-05-30,14,287,242,529
2017-05-30,15,413,178,591
2017-05-30,16,648,184,832
2017-05-30,17,1319,313,1632
2017-05-30,18,969,200,1169
2017-05-30,19,626,170,796
2017-05-30,20,221,57,278
2017-05-30,21,129,49,178
2017-05-30,22,61,17,78
2017-05-30,23,37,12,49
2017-05-31,0,23,14,37
2017-05-31,1,15,2,17
2017-05-31,2,3,0,3
2017-05-31,3,6,2,8
2017-05-31,4,7,2,9
2017-05-31,5,106,9,115
2017-05-31,6,339,12,351
2017-05-31,7,896,40,936
2017-05-31,8,1227,99,1326
2017-05-31,9,529,85,614
2017-05-31,10,246,152,398
2017-05-31,11,303,167,470
2017-05-31,12,382,213,595
2017-05-31,13,339,170,509
2017-05-31,14,340,224,564
2017-05-31,15,432,221,653
2017-05-31,16,783,223,1006
2017-05-31,17,984,214,1198
2017-05-31,18,732,134,866
2017-05-31,19,696,237,933
2017-05-31,20,469,189,658
2017-05-31,21,327,124,451
2017-05-31,22,221,96,317
2017-05-31,23,114,24,138
2017-06-01,0,37,15,52
2017-06-01,1,17,18,35
2017-06-01,2,14,1,15
2017-06-01,3,5,7,12
2017-06-01,4,8,5,13
2017-06-01,5,110,8,118
2017-06-01,6,343,23,366
2017-06-01,7,884,49,933
2017-06-01,8,1131,93,1224
2017-06-01,9,466,79,545
2017-06-01,10,238,193,431
2017-06-01,11,279,174,453
2017-06-01,12,410,194,604
2017-06-01,13,396,205,601
2017-06-01,14,293,252,545
2017-06-01,15,431,271,702
2017-06-01,16,791,233,1024
2017-06-01,17,1475,320,1795
2017-06-01,18,1120,268,1388
2017-06-01,19,787,227,1014
2017-06-01,20,588,180,768
2017-06-01,21,376,100,476
2017-06-01,22,220,79,299
2017-06-01,23,170,72,242
2017-06-02,0,63,27,90
2017-06-02,1,19,12,31
2017-06-02,2,23,3,26
2017-06-02,3,3,0,3
2017-06-02,4,11,3,14
2017-06-02,5,81,4,85
2017-06-02,6,306,17,323
2017-06-02,7,786,63,849
2017-06-02,8,1137,107,1244
2017-06-02,9,497,140,637
2017-06-02,10,298,223,521
2017-06-02,11,294,216,510
2017-06-02,12,452,299,751
2017-06-02,13,428,264,692
2017-06-02,14,400,261,661
2017-06-02,15,561,286,847
2017-06-02,16,859,290,1149
2017-06-02,17,1314,367,1681
2017-06-02,18,952,325,1277
2017-06-02,19,612,264,876
2017-06-02,20,424,230,654
2017-06-02,21,327,175,502
2017-06-02,22,281,143,424
2017-06-02,23,184,79,263
2017-06-03,0,119,69,188
2017-06-03,1,82,30,112
2017-06-03,2,53,26,79
2017-06-03,3,21,8,29
2017-06-03,4,11,4,15
2017-06-03,5,32,11,43
2017-06-03,6,66,12,78
2017-06-03,7,136,39,175
2017-06-03,8,274,119,393
2017-06-03,9,428,242,670
2017-06-03,10,538,350,888
2017-06-03,11,594,489,1083
2017-06-03,12,563,520,1083
2017-06-03,13,608,597,1205
2017-06-03,14,559,608,1167
2017-06-03,15,476,600,1076
2017-06-03,16,480,527,1007
2017-06-03,17,484,531,1015
2017-06-03,18,466,533,999
2017-06-03,19,421,472,893
2017-06-03,20,333,322,655
2017-06-03,21,236,166,402
2017-06-03,22,210,150,360
2017-06-03,23,194,89,283
2017-06-04,0,130,72,202
2017-06-04,1,75,64,139
2017-06-04,2,71,30,101
2017-06-04,3,31,15,46
2017-06-04,4,10,6,16
2017-06-04,5,21,14,35
2017-06-04,6,47,30,77
2017-06-04,7,101,48,149
2017-06-04,8,247,123,370
2017-06-04,9,307,215,522
2017-06-04,10,450,379,829
2017-06-04,11,519,518,1037
2017-06-04,12,530,554,1084
2017-06-04,13,556,494,1050
2017-06-04,14,547,555,1102
2017-06-04,15,503,476,979
2017-06-04,16,470,483,953
2017-06-04,17,516,418,934
2017-06-04,18,474,397,871
2017-06-04,19,436,299,735
2017-06-04,20,333,227,560
2017-06-04,21,227,191,418
2017-06-04,22,146,143,289
2017-06-04,23,79,57,136
2017-06-05,0,34,15,49
2017-06-05,1,14,14,28
2017-06-05,2,3,1,4
2017-06-05,3,3,2,5
2017-06-05,4,8,3,11
2017-06-05,5,93,5,98
2017-06-05,6,322,17,339
2017-06-05,7,797,37,834
2017-06-05,8,994,60,1054
2017-06-05,9,423,78,501
2017-06-05,10,139,99,238
2017-06-05,11,176,136,312
2017-06-05,12,214,111,325
2017-06-05,13,224,128,352
2017-06-05,14,203,114,317
2017-06-05,15,267,139,406
2017-06-05,16,670,192,862
2017-06-05,17,1343,235,1578
2017-06-05,18,1081,191,1272
2017-06-05,19,694,152,846
2017-06-05,20,399,102,501
2017-06-05,21,285,89,374
2017-06-05,22,166,70,236
2017-06-05,23,62,36,98
2017-06-06,0,33,15,48
2017-06-06,1,12,4,16
2017-06-06,2,9,4,13
2017-06-06,4,12,2,14
2017-06-06,5,106,8,114
2017-06-06,6,427,16,443
2017-06-06,7,1019,70,1089
2017-06-06,8,1213,98,1311
2017-06-06,9,508,124,632
2017-06-06,10,257,151,408
2017-06-06,11,296,221,517
2017-06-06,12,372,212,584
2017-06-06,13,363,216,579
2017-06-06,14,366,237,603
2017-06-06,15,447,268,715
2017-06-06,16,740,264,1004
2017-06-06,17,1550,293,1843
2017-06-06,18,1210,272,1482
2017-06-06,19,787,234,1021
2017-06-06,20,593,182,775
2017-06-06,21,379,117,496
2017-06-06,22,200,73,273
2017-06-06,23,115,44,159
2017-06-07,0,54,22,76
2017-06-07,1,16,4,20
2017-06-07,2,9,5,14
2017-06-07,3,6,5,11
2017-06-07,4,15,2,17
2017-06-07,5,104,17,121
2017-06-07,6,348,17,365
2017-06-07,7,982,41,1023
2017-06-07,8,1230,78,1308
2017-06-07,9,493,67,560
2017-06-07,10,238,119,357
2017-06-07,11,280,126,406
2017-06-07,12,379,140,519
2017-06-07,13,353,168,521
2017-06-07,14,346,180,526
2017-06-07,15,413,149,562
2017-06-07,16,765,198,963
2017-06-07,17,1474,260,1734
2017-06-07,18,1110,219,1329
2017-06-07,19,671,131,802
2017-06-07,20,466,138,604
2017-06-07,21,284,69,353
2017-06-07,22,199,52,251
2017-06-07,23,104,16,120
2017-06-08,0,59,16,75
2017-06-08,1,15,14,29
2017-06-08,2,6,9,15
2017-06-08,3,8,1,9
2017-06-08,4,15,1,16
2017-06-08,5,91,5,96
2017-06-08,6,367,21,388
2017-06-08,7,964,42,1006
2017-06-08,8,1242,96,1338
2017-06-08,9,496,94,590
2017-06-08,10,220,154,374
2017-06-08,11,264,174,438
2017-06-08,12,367,209,576
2017-06-08,13,375,171,546
2017-06-08,14,326,173,499
2017-06-08,15,474,256,730
2017-06-08,16,745,260,1005
2017-06-08,17,1392,328,1720
2017-06-08,18,1192,366,1558
2017-06-08,19,682,282,964
2017-06-08,20,552,229,781
2017-06-08,21,403,159,562
2017-06-08,22,313,114,427
2017-06-08,23,150,60,210
2017-06-09,0,53,31,84
2017-06-09,1,27,8,35
2017-06-09,2,23,9,32
2017-06-09,3,8,0,8
2017-06-09,4,13,2,15
2017-06-09,5,91,11,102
2017-06-09,6,298,19,317
2017-06-09,7,788,58,846
2017-06-09,8,1147,95,1242
2017-06-09,9,506,134,640
2017-06-09,10,280,201,481
2017-06-09,11,358,292,650
2017-06-09,12,463,328,791
2017-06-09,13,466,357,823
2017-06-09,14,462,368,830
2017-06-09,15,552,391,943
2017-06-09,16,842,357,1199
2017-06-09,17,1259,379,1638
2017-06-09,18,876,298,1174
2017-06-09,19,552,285,837
2017-06-09,20,426,224,650
2017-06-09,21,323,188,511
2017-06-09,22,279,158,437
2017-06-09,23,193,97,290
2017-06-10,0,146,127,273
2017-06-10,1,81,64,145
2017-06-10,2,56,49,105
2017-06-10,3,21,9,30
2017-06-10,4,15,6,21
2017-06-10,5,24,12,36
2017-06-10,6,91,31,122
2017-06-10,7,159,53,212
2017-06-10,8,286,132,418
2017-06-10,9,412,276,688
2017-06-10,10,499,492,991
2017-06-10,11,604,556,1160
2017-06-10,12,589,601,1190
2017-06-10,13,516,656,1172
2017-06-10,14,486,668,1154
2017-06-10,15,568,661,1229
2017-06-10,16,436,502,938
2017-06-10,17,372,519,891
2017-06-10,18,401,417,818
2017-06-10,19,444,422,866
2017-06-10,20,332,430,762
2017-06-10,21,319,289,608
2017-06-10,22,238,219,457
2017-06-10,23,222,169,391
2017-06-11,0,148,108,256
2017-06-11,1,87,68,155
2017-06-11,2,67,39,106
2017-06-11,3,28,18,46
2017-06-11,4,6,2,8
2017-06-11,5,13,8,21
2017-06-11,6,34,17,51
2017-06-11,7,91,47,138
2017-06-11,8,199,94,293
2017-06-11,9,349,243,592
2017-06-11,10,419,318,737
2017-06-11,11,472,391,863
2017-06-11,12,545,419,964
2017-06-11,13,523,498,1021
2017-06-11,14,506,460,966
2017-06-11,15,480,398,878
2017-06-11,16,444,397,841
2017-06-11,17,495,368,863
2017-06-11,18,426,355,781
2017-06-11,19,409,320,729
2017-06-11,20,382,291,673
2017-06-11,21,224,193,417
2017-06-11,22,151,118,269
2017-06-11,23,89,78,167
2017-06-12,0,30,31,61
2017-06-12,1,13,24,37
2017-06-12,2,6,4,10
2017-06-12,3,8,6,14
2017-06-12,4,12,3,15
2017-06-12,5,97,6,103
2017-06-12,6,335,24,359
2017-06-12,7,837,66,903
2017-06-12,8,1002,94,1096
2017-06-12,9,418,103,521
2017-06-12,10,240,129,369
2017-06-12,11,239,166,405
2017-06-12,12,288,190,478
2017-06-12,13,289,188,477
2017-06-12,14,264,210,474
2017-06-12,15,378,199,577
2017-06-12,16,705,213,918
2017-06-12,17,1345,254,1599
2017-06-12,18,1044,246,1290
2017-06-12,19,669,199,868
2017-06-12,20,504,208,712
2017-06-12,21,352,155,507
2017-06-12,22,206,111,317
2017-06-12,23,123,72,195
2017-06-13,0,50,35,85
2017-06-13,1,11,25,36
2017-06-13,2,11,3,14
2017-06-13,3,3,4,7
2017-06-13,4,13,1,14
2017-06-13,5,107,10,117
2017-06-13,6,423,23,446
2017-06-13,7,1015,53,1068
2017-06-13,8,1128,88,1216
2017-06-13,9,459,89,548
2017-06-13,10,210,128,338
2017-06-13,11,267,163,430
2017-06-13,12,292,175,467
2017-06-13,13,290,162,452
2017-06-13,14,280,143,423
2017-06-13,15,350,152,502
2017-06-13,16,626,149,775
2017-06-13,17,1322,245,1567
2017-06-13,18,1108,273,1381
2017-06-13,19,677,232,909
2017-06-13,20,482,189,671
2017-06-13,21,362,145,507
2017-06-13,22,288,113,401
2017-06-13,23,124,36,160
2017-06-14,0,32,32,64
2017-06-14,1,20,14,34
2017-06-14,2,13,4,17
2017-06-14,3,7,2,9
2017-06-14,4,15,3,18
2017-06-14,5,102,14,116
2017-06-14,6,385,18,403
2017-06-14,7,994,46,1040
2017-06-14,8,1163,87,1250
2017-06-14,9,471,123,594
2017-06-14,10,197,86,283
2017-06-14,11,283,155,438
2017-06-14,12,401,191,592
2017-06-14,13,302,167,469
2017-06-14,14,314,185,499
2017-06-14,15,427,152,579
2017-06-14,16,706,197,903
2017-06-14,17,1312,286,1598
2017-06-14,18,1168,269,1437
2017-06-14,19,756,283,1039
2017-06-14,20,550,200,750
2017-06-14,21,402,134,536
2017-06-14,22,246,121,367
2017-06-14,23,121,51,172
2017-06-15,0,43,31,74
2017-06-15,1,23,12,35
2017-06-15,2,12,7,19
2017-06-15,3,7,2,9
2017-06-15,4,14,3,17
2017-06-15,5,101,14,115
2017-06-15,6,378,20,398
2017-06-15,7,926,48,974
2017-06-15,8,1131,94,1225
2017-06-15,9,499,109,608
2017-06-15,10,252,174,426
2017-06-15,11,275,177,452
2017-06-15,12,378,213,591
2017-06-15,13,351,238,589
2017-06-15,14,326,244,570
2017-06-15,15,425,260,685
2017-06-15,16,691,308,999
2017-06-15,17,1358,354,1712
2017-06-15,18,1156,316,1472
2017-06-15,19,697,273,970
2017-06-15,20,494,209,703
2017-06-15,21,414,151,565
2017-06-15,22,303,133,436
2017-06-15,23,142,57,199
2017-06-16,0,73,26,99
2017-06-16,1,30,11,41
2017-06-16,2,13,8,21
2017-06-16,3,3,8,11
2017-06-16,4,11,6,17
2017-06-16,5,99,9,108
2017-06-16,6,323,21,344
2017-06-16,7,754,56,810
2017-06-16,8,1100,107,1207
2017-06-16,9,571,163,734
2017-06-16,10,263,201,464
2017-06-16,11,307,265,572
2017-06-16,12,408,224,632
2017-06-16,13,437,221,658
2017-06-16,14,361,227,588
2017-06-16,15,468,279,747
2017-06-16,16,749,320,1069
2017-06-16,17,1217,318,1535
2017-06-16,18,854,265,1119
2017-06-16,19,513,216,729
2017-06-16,20,278,176,454
2017-06-16,21,158,91,249
2017-06-16,22,80,37,117
2017-06-16,23,110,30,140
2017-06-17,0,94,21,115
2017-06-17,1,72,30,102
2017-06-17,2,46,25,71
2017-06-17,3,22,21,43
2017-06-17,4,9,5,14
2017-06-17,5,19,18,37
2017-06-17,6,33,8,41
2017-06-17,7,128,37,165
2017-06-17,8,270,108,378
2017-06-17,9,401,212,613
2017-06-17,10,470,336,806
2017-06-17,11,501,418,919
2017-06-17,12,589,481,1070
2017-06-17,13,502,516,1018
2017-06-17,14,496,599,1095
2017-06-17,15,473,587,1060
2017-06-17,16,471,512,983
2017-06-17,17,479,533,1012
2017-06-17,18,461,423,884
2017-06-17,19,432,384,816
2017-06-17,20,330,360,690
2017-06-17,21,266,264,530
2017-06-17,22,257,185,442
2017-06-17,23,166,123,289
2017-06-18,0,122,96,218
2017-06-18,1,92,58,150
2017-06-18,2,75,69,144
2017-06-18,3,43,20,63
2017-06-18,4,11,9,20
2017-06-18,5,13,9,22
2017-06-18,6,30,9,39
2017-06-18,7,95,47,142
2017-06-18,8,189,76,265
2017-06-18,9,305,234,539
2017-06-18,10,435,317,752
2017-06-18,11,464,523,987
2017-06-18,12,465,505,970
2017-06-18,13,436,417,853
2017-06-18,14,424,403,827
2017-06-18,15,422,429,851
2017-06-18,16,440,314,754
2017-06-18,17,421,368,789
2017-06-18,18,421,293,714
2017-06-18,19,376,279,655
2017-06-18,20,302,286,588
2017-06-18,21,219,194,413
2017-06-18,22,152,108,260
2017-06-18,23,78,68,146
2017-06-19,0,38,26,64
2017-06-19,1,11,11,22
2017-06-19,2,11,7,18
2017-06-19,3,4,5,9
2017-06-19,4,9,2,11
2017-06-19,5,114,10,124
2017-06-19,6,362,19,381
2017-06-19,7,766,51,817
2017-06-19,8,915,86,1001
2017-06-19,9,388,103,491
2017-06-19,10,224,195,419
2017-06-19,11,258,196,454
2017-06-19,12,333,253,586
2017-06-19,13,335,234,569
2017-06-19,14,300,236,536
2017-06-19,15,314,116,430
2017-06-19,16,206,59,265
2017-06-19,17,488,76,564
2017-06-19,18,611,130,741
2017-06-19,19,558,108,666
2017-06-19,20,379,170,549
2017-06-19,21,259,112,371
2017-06-19,22,169,59,228
2017-06-19,23,73,34,107
2017-06-20,0,24,19,43
2017-06-20,1,15,5,20
2017-06-20,2,10,6,16
2017-06-20,3,0,3,3
2017-06-20,4,12,0,12
2017-06-20,5,127,7,134
2017-06-20,6,421,23,444
2017-06-20,7,1039,51,1090
2017-06-20,8,1163,80,1243
2017-06-20,9,425,124,549
2017-06-20,10,252,172,424
2017-06-20,11,306,240,546
2017-06-20,12,407,189,596
2017-06-20,13,350,219,569
2017-06-20,14,278,212,490
2017-06-20,15,421,178,599
2017-06-20,16,774,210,984
2017-06-20,17,1422,314,1736
2017-06-20,18,1220,286,1506
2017-06-20,19,753,277,1030
2017-06-20,20,574,204,778
2017-06-20,21,437,187,624
2017-06-20,22,245,120,365
2017-06-20,23,129,47,176
2017-06-21,0,56,26,82
2017-06-21,1,18,10,28
2017-06-21,2,10,1,11
2017-06-21,3,4,1,5
2017-06-21,4,16,2,18
2017-06-21,5,125,12,137
2017-06-21,6,404,29,433
2017-06-21,7,943,57,1000
2017-06-21,8,1250,99,1349
2017-06-21,9,483,102,585
2017-06-21,10,252,188,440
2017-06-21,11,306,180,486
2017-06-21,12,413,173,586
2017-06-21,13,415,176,591
2017-06-21,14,347,204,551
2017-06-21,15,412,154,566
2017-06-21,16,742,225,967
2017-06-21,17,1414,287,1701
2017-06-21,18,1221,261,1482
2017-06-21,19,774,233,1007
2017-06-21,20,616,216,832
2017-06-21,21,427,151,578
2017-06-21,22,270,93,363
2017-06-21,23,124,88,212
2017-06-22,0,60,41,101
2017-06-22,1,19,10,29
2017-06-22,2,9,16,25
2017-06-22,3,3,11,14
2017-06-22,4,8,7,15
2017-06-22,5,100,14,114
2017-06-22,6,407,33,440
2017-06-22,7,893,63,956
2017-06-22,8,1159,115,1274
2017-06-22,9,513,113,626
2017-06-22,10,231,161,392
2017-06-22,11,298,176,474
2017-06-22,12,424,191,615
2017-06-22,13,382,197,579
2017-06-22,14,325,248,573
2017-06-22,15,412,198,610
2017-06-22,16,670,254,924
2017-06-22,17,1314,268,1582
2017-06-22,18,1133,236,1369
2017-06-22,19,693,243,936
2017-06-22,20,518,194,712
2017-06-22,21,391,137,528
2017-06-22,22,272,112,384
2017-06-22,23,138,89,227
2017-06-23,0,64,40,104
2017-06-23,1,36,48,84
2017-06-23,2,20,9,29
2017-06-23,3,6,1,7
2017-06-23,4,12,2,14
2017-06-23,5,88,6,94
2017-06-23,6,114,3,117
2017-06-23,7,452,17,469
2017-06-23,8,1073,97,1170
2017-06-23,9,633,128,761
2017-06-23,10,269,130,399
2017-06-23,11,305,181,486
2017-06-23,12,425,225,650
2017-06-23,13,392,209,601
2017-06-23,14,360,274,634
2017-06-23,15,484,258,742
2017-06-23,16,598,217,815
2017-06-23,17,1250,285,1535
2017-06-23,18,835,251,1086
2017-06-23,19,597,261,858
2017-06-23,20,432,260,692
2017-06-23,21,303,165,468
2017-06-23,22,267,119,386
2017-06-23,23,217,100,317
2017-06-24,0,128,94,222
2017-06-24,1,91,35,126
2017-06-24,2,22,20,42
2017-06-24,3,16,10,26
2017-06-24,4,6,3,9
2017-06-24,5,20,6,26
2017-06-24,6,51,19,70
2017-06-24,7,149,47,196
2017-06-24,8,301,151,452
2017-06-24,9,458,260,718
2017-06-24,10,496,382,878
2017-06-24,11,558,447,1005
2017-06-24,12,541,532,1073
2017-06-24,13,519,583,1102
2017-06-24,14,553,617,1170
2017-06-24,15,551,630,1181
2017-06-24,16,478,519,997
2017-06-24,17,487,580,1067
2017-06-24,18,490,421,911
2017-06-24,19,432,424,856
2017-06-24,20,358,442,800
2017-06-24,21,278,322,600
2017-06-24,22,227,203,430
2017-06-24,23,196,168,364
2017-06-25,0,122,141,263
2017-06-25,1,117,82,199
2017-06-25,2,68,34,102
2017-06-25,3,30,24,54
2017-06-25,4,10,13,23
2017-06-25,5,18,14,32
2017-06-25,6,45,24,69
2017-06-25,7,104,54,158
2017-06-25,8,215,110,325
2017-06-25,9,334,197,531
2017-06-25,10,480,362,842
2017-06-25,11,512,403,915
2017-06-25,12,580,557,1137
2017-06-25,13,592,590,1182
2017-06-25,14,525,615,1140
2017-06-25,15,553,558,1111
2017-06-25,16,578,511,1089
2017-06-25,17,488,508,996
2017-06-25,18,482,458,940
2017-06-25,19,451,355,806
2017-06-25,20,373,362,735
2017-06-25,21,267,217,484
2017-06-25,22,161,126,287
2017-06-25,23,114,87,201
2017-06-26,0,50,33,83
2017-06-26,1,13,22,35
2017-06-26,2,4,3,7
2017-06-26,3,7,5,12
2017-06-26,4,11,0,11
2017-06-26,5,108,6,114
2017-06-26,6,348,21,369
2017-06-26,7,906,37,943
2017-06-26,8,1059,83,1142
2017-06-26,9,397,129,526
2017-06-26,10,226,184,410
2017-06-26,11,319,220,539
2017-06-26,12,388,254,642
2017-06-26,13,385,275,660
2017-06-26,14,360,290,650
2017-06-26,15,462,293,755
2017-06-26,16,774,356,1130
2017-06-26,17,1464,370,1834
2017-06-26,18,1176,360,1536
2017-06-26,19,805,299,1104
2017-06-26,20,508,254,762
2017-06-26,21,365,156,521
2017-06-26,22,267,99,366
2017-06-26,23,148,93,241
2017-06-27,0,51,64,115
2017-06-27,1,12,8,20
2017-06-27,2,11,5,16
2017-06-27,3,2,0,2
2017-06-27,4,14,0,14
2017-06-27,5,123,13,136
2017-06-27,6,413,25,438
2017-06-27,7,995,43,1038
2017-06-27,8,1452,136,1588
2017-06-27,9,591,172,763
2017-06-27,10,286,181,467
2017-06-27,11,334,233,567
2017-06-27,12,390,239,629
2017-06-27,13,385,224,609
2017-06-27,14,325,276,601
2017-06-27,15,403,223,626
2017-06-27,16,754,314,1068
2017-06-27,17,1532,347,1879
2017-06-27,18,1214,278,1492
2017-06-27,19,790,216,1006
2017-06-27,20,587,204,791
2017-06-27,21,362,160,522
2017-06-27,22,315,115,430
2017-06-27,23,142,56,198
2017-06-28,0,72,13,85
2017-06-28,1,16,9,25
2017-06-28,2,12,1,13
2017-06-28,3,2,2,4
2017-06-28,4,11,2,13
2017-06-28,5,123,5,128
2017-06-28,6,381,23,404
2017-06-28,7,1015,53,1068
2017-06-28,8,1297,114,1411
2017-06-28,9,508,123,631
2017-06-28,10,229,158,387
2017-06-28,11,314,204,518
2017-06-28,12,421,192,613
2017-06-28,13,386,219,605
2017-06-28,14,358,256,614
2017-06-28,15,419,271,690
2017-06-28,16,786,295,1081
2017-06-28,17,1495,361,1856
2017-06-28,18,1248,320,1568
2017-06-28,19,781,237,1018
2017-06-28,20,612,270,882
2017-06-28,21,485,150,635
2017-06-28,22,351,95,446
2017-06-28,23,155,43,198
2017-06-29,0,54,21,75
2017-06-29,1,21,9,30
2017-06-29,2,12,1,13
2017-06-29,3,4,2,6
2017-06-29,4,8,1,9
2017-06-29,5,116,11,127
2017-06-29,6,395,20,415
2017-06-29,7,938,61,999
2017-06-29,8,1262,97,1359
2017-06-29,9,489,117,606
2017-06-29,10,244,157,401
2017-06-29,11,267,223,490
2017-06-29,12,374,213,587
2017-06-29,13,385,210,595
2017-06-29,14,356,211,567
2017-06-29,15,469,220,689
2017-06-29,16,749,220,969
2017-06-29,17,1317,264,1581
2017-06-29,18,1156,273,1429
2017-06-29,19,787,268,1055
2017-06-29,20,608,227,835
2017-06-29,21,351,176,527
2017-06-29,22,259,116,375
2017-06-29,23,156,50,206
2017-06-30,0,58,48,106
2017-06-30,1,35,19,54
2017-06-30,2,31,10,41
2017-06-30,3,6,9,15
2017-06-30,4,13,4,17
2017-06-30,5,95,9,104
2017-06-30,6,340,19,359
2017-06-30,7,760,72,832
2017-06-30,8,1189,128,1317
2017-06-30,9,531,148,679
2017-06-30,10,329,193,522
2017-06-30,11,354,266,620
2017-06-30,12,452,239,691
2017-06-30,13,409,275,684
2017-06-30,14,422,248,670
2017-06-30,15,567,268,835
2017-06-30,16,807,308,1115
2017-06-30,17,1085,309,1394
2017-06-30,18,772,271,1043
2017-06-30,19,603,265,868
2017-06-30,20,412,246,658
2017-06-30,21,289,187,476
2017-06-30,22,236,155,391
2017-06-30,23,174,87,261
2017-07-01,0,119,70,189
2017-07-01,1,62,59,121
2017-07-01,2,36,48,84
2017-07-01,3,24,12,36
2017-07-01,4,5,13,18
2017-07-01,5,32,6,38
2017-07-01,6,52,24,76
2017-07-01,7,125,42,167
2017-07-01,8,254,90,344
2017-07-01,9,359,202,561
2017-07-01,10,438,342,780
2017-07-01,11,466,464,930
2017-07-01,12,461,479,940
2017-07-01,13,478,464,942
2017-07-01,14,368,461,829
2017-07-01,15,371,354,725
2017-07-01,16,216,282,498
2017-07-01,17,313,439,752
2017-07-01,18,355,379,734
2017-07-01,19,333,457,790
2017-07-01,20,282,360,642
2017-07-01,21,247,308,555
2017-07-01,22,166,200,366
2017-07-01,23,149,143,292
2017-07-02,0,109,67,176
2017-07-02,1,83,84,167
2017-07-02,2,50,48,98
2017-07-02,3,27,20,47
2017-07-02,4,6,6,12
2017-07-02,5,18,11,29
2017-07-02,6,48,31,79
2017-07-02,7,107,66,173
2017-07-02,8,191,151,342
2017-07-02,9,293,275,568
2017-07-02,10,374,422,796
2017-07-02,11,410,527,937
2017-07-02,12,454,574,1028
2017-07-02,13,450,620,1070
2017-07-02,14,443,693,1136
2017-07-02,15,394,721,1115
2017-07-02,16,409,622,1031
2017-07-02,17,400,590,990
2017-07-02,18,387,500,887
2017-07-02,19,375,550,925
2017-07-02,20,331,456,787
2017-07-02,21,210,365,575
2017-07-02,22,161,217,378
2017-07-02,23,103,134,237
2017-07-03,0,43,71,114
2017-07-03,1,35,37,72
2017-07-03,2,22,22,44
2017-07-03,3,2,4,6
2017-07-03,4,13,2,15
2017-07-03,5,66,7,73
2017-07-03,6,208,24,232
2017-07-03,7,456,64,520
2017-07-03,8,601,133,734
2017-07-03,9,412,282,694
2017-07-03,10,361,423,784
2017-07-03,11,364,533,897
2017-07-03,12,445,540,985
2017-07-03,13,459,493,952
2017-07-03,14,502,621,1123
2017-07-03,15,622,562,1184
2017-07-03,16,664,544,1208
2017-07-03,17,738,535,1273
2017-07-03,18,613,481,1094
2017-07-03,19,487,518,1005
2017-07-03,20,440,416,856
2017-07-03,21,326,349,675
2017-07-03,22,232,206,438
2017-07-03,23,157,158,315
2017-07-04,0,119,111,230
2017-07-04,1,87,46,133
2017-07-04,2,53,37,90
2017-07-04,3,19,23,42
2017-07-04,4,6,5,11
2017-07-04,5,27,15,42
2017-07-04,6,64,27,91
2017-07-04,7,119,65,184
2017-07-04,8,212,139,351
2017-07-04,9,339,324,663
2017-07-04,10,475,446,921
2017-07-04,11,454,567,1021
2017-07-04,12,461,614,1075
2017-07-04,13,464,696,1160
2017-07-04,14,498,780,1278
2017-07-04,15,449,710,1159
2017-07-04,16,399,556,955
2017-07-04,17,328,524,852
2017-07-04,18,379,588,967
2017-07-04,19,401,707,1108
2017-07-04,20,408,557,965
2017-07-04,21,496,565,1061
2017-07-04,22,417,418,835
2017-07-04,23,117,92,209
2017-07-05,0,49,57,106
2017-07-05,1,20,16,36
2017-07-05,2,17,13,30
2017-07-05,3,4,6,10
2017-07-05,4,11,5,16
2017-07-05,5,82,11,93
2017-07-05,6,288,18,306
2017-07-05,7,628,49,677
2017-07-05,8,890,86,976
2017-07-05,9,306,116,422
2017-07-05,10,135,127,262
2017-07-05,11,222,240,462
2017-07-05,12,355,251,606
2017-07-05,13,315,314,629
2017-07-05,14,290,296,586
2017-07-05,15,402,315,717
2017-07-05,16,695,307,1002
2017-07-05,17,1242,298,1540
2017-07-05,18,1004,246,1250
2017-07-05,19,224,57,281
2017-07-05,20,134,32,166
2017-07-05,21,140,29,169
2017-07-05,22,113,40,153
2017-07-05,23,62,30,92
2017-07-06,0,30,18,48
2017-07-06,1,8,8,16
2017-07-06,2,11,5,16
2017-07-06,3,3,2,5
2017-07-06,4,4,1,5
2017-07-06,5,26,4,30
2017-07-06,6,86,6,92
2017-07-06,7,122,9,131
2017-07-06,8,263,9,272
2017-07-06,9,135,26,161
2017-07-06,10,55,39,94
2017-07-06,11,83,31,114
2017-07-06,12,190,66,256
2017-07-06,13,228,76,304
2017-07-06,14,293,118,411
2017-07-06,15,290,100,390
2017-07-06,16,574,132,706
2017-07-06,17,1062,193,1255
2017-07-06,18,969,161,1130
2017-07-06,19,655,170,825
2017-07-06,20,360,99,459
2017-07-06,21,191,53,244
2017-07-06,22,177,78,255
2017-07-06,23,109,29,138
2017-07-07,0,50,20,70
2017-07-07,1,20,11,31
2017-07-07,2,18,7,25
2017-07-07,3,2,1,3
2017-07-07,4,12,0,12
2017-07-07,5,81,7,88
2017-07-07,6,269,22,291
2017-07-07,7,646,51,697
2017-07-07,8,1112,98,1210
2017-07-07,9,511,149,660
2017-07-07,10,243,200,443
2017-07-07,11,313,244,557
2017-07-07,12,487,298,785
2017-07-07,13,431,361,792
2017-07-07,14,429,366,795
2017-07-07,15,504,295,799
2017-07-07,16,760,313,1073
2017-07-07,17,1271,331,1602
2017-07-07,18,915,288,1203
2017-07-07,19,698,267,965
2017-07-07,20,459,205,664
2017-07-07,21,306,174,480
2017-07-07,22,265,167,432
2017-07-07,23,200,104,304
2017-07-08,0,152,75,227
2017-07-08,1,70,39,109
2017-07-08,2,48,27,75
2017-07-08,3,18,10,28
2017-07-08,4,7,7,14
2017-07-08,5,18,11,29
2017-07-08,6,65,19,84
2017-07-08,7,162,38,200
2017-07-08,8,316,98,414
2017-07-08,9,487,300,787
2017-07-08,10,531,419,950
2017-07-08,11,620,488,1108
2017-07-08,12,590,639,1229
2017-07-08,13,593,682,1275
2017-07-08,14,599,600,1199
2017-07-08,15,572,611,1183
2017-07-08,16,528,577,1105
2017-07-08,17,475,602,1077
2017-07-08,18,503,522,1025
2017-07-08,19,505,524,1029
2017-07-08,20,425,401,826
2017-07-08,21,340,348,688
2017-07-08,22,246,241,487
2017-07-08,23,175,194,369
2017-07-09,0,143,100,243
2017-07-09,1,85,70,155
2017-07-09,2,54,43,97
2017-07-09,3,37,17,54
2017-07-09,4,12,17,29
2017-07-09,5,19,9,28
2017-07-09,6,46,29,75
2017-07-09,7,98,78,176
2017-07-09,8,240,161,401
2017-07-09,9,374,358,732
2017-07-09,10,518,500,1018
2017-07-09,11,569,559,1128
2017-07-09,12,594,622,1216
2017-07-09,13,608,632,1240
2017-07-09,14,593,712,1305
2017-07-09,15,568,654,1222
2017-07-09,16,599,625,1224
2017-07-09,17,633,557,1190
2017-07-09,18,603,483,1086
2017-07-09,19,457,434,891
2017-07-09,20,365,337,702
2017-07-09,21,271,267,538
2017-07-09,22,164,201,365
2017-07-09,23,98,89,187
2017-07-10,0,49,44,93
2017-07-10,1,17,15,32
2017-07-10,2,19,10,29
2017-07-10,3,6,3,9
2017-07-10,4,10,7,17
2017-07-10,5,95,17,112
2017-07-10,6,363,30,393
2017-07-10,7,818,69,887
2017-07-10,8,1017,109,1126
2017-07-10,9,384,114,498
2017-07-10,10,221,148,369
2017-07-10,11,249,239,488
2017-07-10,12,335,176,511
2017-07-10,13,349,168,517
2017-07-10,14,315,232,547
2017-07-10,15,392,240,632
2017-07-10,16,695,276,971
2017-07-10,17,1360,327,1687
2017-07-10,18,1133,237,1370
2017-07-10,19,777,238,1015
2017-07-10,20,550,221,771
2017-07-10,21,339,148,487
2017-07-10,22,190,83,273
2017-07-10,23,83,2,85
2017-07-11,0,27,0,27
2017-07-11,1,12,0,12
2017-07-11,2,8,4,12
2017-07-11,3,4,3,7
2017-07-11,4,18,0,18
2017-07-11,5,107,15,122
2017-07-11,6,417,40,457
2017-07-11,7,974,90,1064
2017-07-11,8,1249,125,1374
2017-07-11,9,480,144,624
2017-07-11,10,271,187,458
2017-07-11,11,256,195,451
2017-07-11,12,384,194,578
2017-07-11,13,329,175,504
2017-07-11,14,303,198,501
2017-07-11,15,402,212,614
2017-07-11,16,692,231,923
2017-07-11,17,1424,311,1735
2017-07-11,18,1160,283,1443
2017-07-11,19,747,218,965
2017-07-11,20,512,218,730
2017-07-11,21,369,161,530
2017-07-11,22,228,121,349
2017-07-11,23,106,72,178
2017-07-12,0,43,36,79
2017-07-12,1,10,8,18
2017-07-12,2,12,2,14
2017-07-12,3,4,3,7
2017-07-12,4,15,0,15
2017-07-12,5,114,14,128
2017-07-12,6,405,46,451
2017-07-12,7,971,84,1055
2017-07-12,8,1114,125,1239
2017-07-12,9,504,124,628
2017-07-12,10,259,174,433
2017-07-12,11,273,201,474
2017-07-12,12,328,221,549
2017-07-12,13,329,218,547
2017-07-12,14,308,217,525
2017-07-12,15,413,212,625
2017-07-12,16,704,268,972
2017-07-12,17,1312,335,1647
2017-07-12,18,1128,220,1348
2017-07-12,19,717,180,897
2017-07-12,20,560,221,781
2017-07-12,21,377,143,520
2017-07-12,22,238,107,345
2017-07-12,23,127,61,188
2017-07-13,0,52,40,92
2017-07-13,1,24,11,35
2017-07-13,2,10,5,15
2017-07-13,3,2,2,4
2017-07-13,4,14,4,18
2017-07-13,5,110,14,124
2017-07-13,6,400,27,427
2017-07-13,7,945,54,999
2017-07-13,8,1097,94,1191
2017-07-13,9,424,112,536
2017-07-13,10,232,127,359
2017-07-13,11,253,184,437
2017-07-13,12,307,221,528
2017-07-13,13,294,186,480
2017-07-13,14,281,190,471
2017-07-13,15,359,212,571
2017-07-13,16,638,204,842
2017-07-13,17,1161,289,1450
2017-07-13,18,1032,232,1264
2017-07-13,19,704,242,946
2017-07-13,20,521,214,735
2017-07-13,21,363,142,505
2017-07-13,22,283,118,401
2017-07-13,23,140,89,229
2017-07-14,0,47,48,95
2017-07-14,1,24,34,58
2017-07-14,2,20,14,34
2017-07-14,3,6,3,9
2017-07-14,4,12,6,18
2017-07-14,5,93,13,106
2017-07-14,6,339,23,362
2017-07-14,7,770,52,822
2017-07-14,8,1066,95,1161
2017-07-14,9,436,112,548
2017-07-14,10,239,185,424
2017-07-14,11,268,211,479
2017-07-14,12,367,246,613
2017-07-14,13,365,237,602
2017-07-14,14,304,215,519
2017-07-14,15,458,260,718
2017-07-14,16,470,146,616
2017-07-14,17,475,162,637
2017-07-14,18,324,93,417
2017-07-14,19,383,116,499
2017-07-14,20,339,179,518
2017-07-14,21,272,159,431
2017-07-14,22,215,137,352
2017-07-14,23,182,92,274
2017-07-15,0,149,64,213
2017-07-15,1,97,40,137
2017-07-15,2,56,30,86
2017-07-15,3,30,18,48
2017-07-15,4,17,7,24
2017-07-15,5,18,6,24
2017-07-15,6,53,26,79
2017-07-15,7,156,54,210
2017-07-15,8,287,123,410
2017-07-15,9,413,241,654
2017-07-15,10,538,380,918
2017-07-15,11,543,494,1037
2017-07-15,12,578,542,1120
2017-07-15,13,537,543,1080
2017-07-15,14,545,576,1121
2017-07-15,15,468,581,1049
2017-07-15,16,542,632,1174
2017-07-15,17,483,578,1061
2017-07-15,18,469,513,982
2017-07-15,19,413,508,921
2017-07-15,20,351,431,782
2017-07-15,21,274,308,582
2017-07-15,22,196,214,410
2017-07-15,23,182,165,347
2017-07-16,0,176,94,270
2017-07-16,1,102,65,167
2017-07-16,2,63,39,102
2017-07-16,3,43,29,72
2017-07-16,4,16,10,26
2017-07-16,5,20,7,27
2017-07-16,6,47,22,69
2017-07-16,7,94,52,146
2017-07-16,8,231,151,382
2017-07-16,9,342,249,591
2017-07-16,10,443,431,874
2017-07-16,11,493,479,972
2017-07-16,12,565,493,1058
2017-07-16,13,545,578,1123
2017-07-16,14,519,571,1090
2017-07-16,15,566,531,1097
2017-07-16,16,518,537,1055
2017-07-16,17,515,471,986
2017-07-16,18,482,419,901
2017-07-16,19,453,386,839
2017-07-16,20,360,407,767
2017-07-16,21,223,192,415
2017-07-16,22,219,158,377
2017-07-16,23,103,75,178
2017-07-17,0,33,33,66
2017-07-17,1,17,20,37
2017-07-17,2,10,11,21
2017-07-17,3,5,0,5
2017-07-17,4,10,3,13
2017-07-17,5,112,8,120
2017-07-17,6,372,41,413
2017-07-17,7,856,39,895
2017-07-17,8,981,102,1083
2017-07-17,9,406,149,555
2017-07-17,10,185,217,402
2017-07-17,11,235,217,452
2017-07-17,12,304,220,524
2017-07-17,13,275,182,457
2017-07-17,14,155,143,298
2017-07-17,15,309,155,464
2017-07-17,16,717,211,928
2017-07-17,17,1337,310,1647
2017-07-17,18,1001,251,1252
2017-07-17,19,786,245,1031
2017-07-17,20,551,244,795
2017-07-17,21,349,191,540
2017-07-17,22,188,131,319
2017-07-17,23,92,69,161
2017-07-18,0,40,24,64
2017-07-18,1,14,11,25
2017-07-18,2,8,13,21
2017-07-18,3,5,1,6
2017-07-18,4,14,3,17
2017-07-18,5,124,10,134
2017-07-18,6,416,37,453
2017-07-18,7,1003,73,1076
2017-07-18,8,1211,98,1309
2017-07-18,9,419,116,535
2017-07-18,10,219,205,424
2017-07-18,11,252,228,480
2017-07-18,12,351,196,547
2017-07-18,13,316,202,518
2017-07-18,14,256,199,455
2017-07-18,15,380,230,610
2017-07-18,16,639,254,893
2017-07-18,17,1007,154,1161
2017-07-18,18,1063,224,1287
2017-07-18,19,816,243,1059
2017-07-18,20,547,243,790
2017-07-18,21,394,155,549
2017-07-18,22,238,77,315
2017-07-18,23,126,68,194
2017-07-19,0,45,18,63
2017-07-19,1,11,16,27
2017-07-19,2,10,3,13
2017-07-19,3,1,5,6
2017-07-19,4,16,0,16
2017-07-19,5,125,11,136
2017-07-19,6,410,23,433
2017-07-19,7,958,69,1027
2017-07-19,8,1241,85,1326
2017-07-19,9,469,110,579
2017-07-19,10,230,149,379
2017-07-19,11,257,134,391
2017-07-19,12,363,152,515
2017-07-19,13,352,141,493
2017-07-19,14,305,163,468
2017-07-19,15,373,141,514
2017-07-19,16,680,206,886
2017-07-19,17,1299,285,1584
2017-07-19,18,1135,247,1382
2017-07-19,19,780,255,1035
2017-07-19,20,590,241,831
2017-07-19,21,389,159,548
2017-07-19,22,235,104,339
2017-07-19,23,131,44,175
2017-07-20,0,72,29,101
2017-07-20,1,14,5,19
2017-07-20,2,16,3,19
2017-07-20,3,9,5,14
2017-07-20,4,15,4,19
2017-07-20,5,98,19,117
2017-07-20,6,370,20,390
2017-07-20,7,907,49,956
2017-07-20,8,1123,101,1224
2017-07-20,9,467,126,593
2017-07-20,10,226,154,380
2017-07-20,11,231,192,423
2017-07-20,12,308,196,504
2017-07-20,13,298,157,455
2017-07-20,14,298,168,466
2017-07-20,15,372,162,534
2017-07-20,16,647,203,850
2017-07-20,17,1217,273,1490
2017-07-20,18,1028,253,1281
2017-07-20,19,698,235,933
2017-07-20,20,530,215,745
2017-07-20,21,397,180,577
2017-07-20,22,258,104,362
2017-07-20,23,163,58,221
2017-07-21,0,88,28,116
2017-07-21,1,25,28,53
2017-07-21,2,11,13,24
2017-07-21,3,9,4,13
2017-07-21,4,15,2,17
2017-07-21,5,88,10,98
2017-07-21,6,360,32,392
2017-07-21,7,759,64,823
2017-07-21,8,1042,103,1145
2017-07-21,9,449,141,590
2017-07-21,10,265,193,458
2017-07-21,11,302,222,524
2017-07-21,12,368,248,616
2017-07-21,13,352,252,604
2017-07-21,14,360,238,598
2017-07-21,15,485,271,756
2017-07-21,16,741,284,1025
2017-07-21,17,1036,324,1360
2017-07-21,18,792,336,1128
2017-07-21,19,547,289,836
2017-07-21,20,384,259,643
2017-07-21,21,256,220,476
2017-07-21,22,213,137,350
2017-07-21,23,197,97,294
2017-07-22,0,140,43,183
2017-07-22,1,88,39,127
2017-07-22,2,61,43,104
2017-07-22,3,19,15,34
2017-07-22,4,19,5,24
2017-07-22,5,27,12,39
2017-07-22,6,63,21,84
2017-07-22,7,148,62,210
2017-07-22,8,256,136,392
2017-07-22,9,415,273,688
2017-07-22,10,476,370,846
2017-07-22,11,544,429,973
2017-07-22,12,528,491,1019
2017-07-22,13,478,455,933
2017-07-22,14,306,309,615
2017-07-22,15,256,275,531
2017-07-22,16,407,449,856
2017-07-22,17,343,396,739
2017-07-22,18,146,124,270
2017-07-22,19,138,161,299
2017-07-22,20,205,217,422
2017-07-22,21,179,125,304
2017-07-22,22,104,63,167
2017-07-22,23,112,57,169
2017-07-23,0,114,33,147
2017-07-23,1,70,35,105
2017-07-23,2,53,18,71
2017-07-23,3,31,7,38
2017-07-23,4,9,3,12
2017-07-23,5,12,6,18
2017-07-23,6,54,16,70
2017-07-23,7,103,63,166
2017-07-23,8,207,113,320
2017-07-23,9,361,268,629
2017-07-23,10,499,415,914
2017-07-23,11,482,471,953
2017-07-23,12,560,534,1094
2017-07-23,13,505,488,993
2017-07-23,14,422,454,876
2017-07-23,15,475,510,985
2017-07-23,16,392,356,748
2017-07-23,17,509,359,868
2017-07-23,18,269,166,435
2017-07-23,19,305,190,495
2017-07-23,20,298,224,522
2017-07-23,21,168,161,329
2017-07-23,22,158,83,241
2017-07-23,23,15,6,21
2017-07-24,0,23,11,34
2017-07-24,1,8,13,21
2017-07-24,2,6,11,17
2017-07-24,3,2,1,3
2017-07-24,4,13,3,16
2017-07-24,5,87,16,103
2017-07-24,6,318,22,340
2017-07-24,7,737,80,817
2017-07-24,8,1013,90,1103
2017-07-24,9,446,155,601
2017-07-24,10,210,204,414
2017-07-24,11,274,184,458
2017-07-24,12,325,216,541
2017-07-24,13,291,225,516
2017-07-24,14,289,272,561
2017-07-24,15,361,259,620
2017-07-24,16,708,287,995
2017-07-24,17,1186,292,1478
2017-07-24,18,1049,233,1282
2017-07-24,19,730,240,970
2017-07-24,20,524,201,725
2017-07-24,21,344,126,470
2017-07-24,22,196,100,296
2017-07-24,23,88,50,138
2017-07-25,0,55,31,86
2017-07-25,1,16,24,40
2017-07-25,2,7,4,11
2017-07-25,3,0,10,10
2017-07-25,4,19,3,22
2017-07-25,5,110,11,121
2017-07-25,6,428,28,456
2017-07-25,7,981,68,1049
2017-07-25,8,1175,95,1270
2017-07-25,9,542,138,680
2017-07-25,10,219,214,433
2017-07-25,11,292,177,469
2017-07-25,12,416,203,619
2017-07-25,13,368,295,663
2017-07-25,14,310,302,612
2017-07-25,15,432,313,745
2017-07-25,16,743,309,1052
2017-07-25,17,1466,400,1866
2017-07-25,18,1359,309,1668
2017-07-25,19,810,306,1116
2017-07-25,20,582,221,803
2017-07-25,21,434,149,583
2017-07-25,22,288,116,404
2017-07-25,23,132,64,196
2017-07-26,0,50,47,97
2017-07-26,1,29,19,48
2017-07-26,2,15,13,28
2017-07-26,3,1,2,3
2017-07-26,4,13,4,17
2017-07-26,5,130,9,139
2017-07-26,6,435,40,475
2017-07-26,7,1031,75,1106
2017-07-26,8,1242,107,1349
2017-07-26,9,569,165,734
2017-07-26,10,268,190,458
2017-07-26,11,340,253,593
2017-07-26,12,439,271,710
2017-07-26,13,411,235,646
2017-07-26,14,380,249,629
2017-07-26,15,424,311,735
2017-07-26,16,761,308,1069
2017-07-26,17,1495,371,1866
2017-07-26,18,1282,358,1640
2017-07-26,19,793,284,1077
2017-07-26,20,616,235,851
2017-07-26,21,413,184,597
2017-07-26,22,313,141,454
2017-07-26,23,145,83,228
2017-07-27,0,74,44,118
2017-07-27,1,25,27,52
2017-07-27,2,12,19,31
2017-07-27,3,1,1,2
2017-07-27,4,10,6,16
2017-07-27,5,107,14,121
2017-07-27,6,385,21,406
2017-07-27,7,890,82,972
2017-07-27,8,1254,122,1376
2017-07-27,9,531,137,668
2017-07-27,10,261,186,447
2017-07-27,11,329,249,578
2017-07-27,12,382,260,642
2017-07-27,13,381,259,640
2017-07-27,14,352,292,644
2017-07-27,15,461,310,771
2017-07-27,16,714,332,1046
2017-07-27,17,1345,394,1739
2017-07-27,18,1185,330,1515
2017-07-27,19,760,287,1047
2017-07-27,20,540,223,763
2017-07-27,21,318,149,467
2017-07-27,22,254,112,366
2017-07-27,23,147,78,225
2017-07-28,0,67,31,98
2017-07-28,1,31,22,53
2017-07-28,2,35,20,55
2017-07-28,3,5,3,8
2017-07-28,4,15,5,20
2017-07-28,5,77,12,89
2017-07-28,6,311,35,346
2017-07-28,7,766,59,825
2017-07-28,8,1101,97,1198
2017-07-28,9,509,148,657
2017-07-28,10,232,165,397
2017-07-28,11,197,133,330
2017-07-28,12,63,42,105
2017-07-28,13,91,55,146
2017-07-28,14,230,84,314
2017-07-28,15,67,24,91
2017-07-28,16,68,14,82
2017-07-28,17,178,32,210
2017-07-28,18,154,28,182
2017-07-28,19,152,40,192
2017-07-28,20,142,26,168
2017-07-28,21,58,33,91
2017-07-28,22,26,15,41
2017-07-28,23,22,6,28
2017-07-29,0,8,2,10
2017-07-29,1,5,0,5
2017-07-29,2,32,5,37
2017-07-29,3,17,6,23
2017-07-29,4,7,4,11
2017-07-29,5,14,7,21
2017-07-29,6,47,9,56
2017-07-29,7,102,34,136
2017-07-29,8,179,69,248
2017-07-29,9,331,113,444
2017-07-29,10,440,180,620
2017-07-29,11,470,288,758
2017-07-29,12,447,335,782
2017-07-29,13,311,185,496
2017-07-29,14,298,302,600
2017-07-29,15,351,269,620
2017-07-29,16,329,255,584
2017-07-29,17,457,367,824
2017-07-29,18,410,395,805
2017-07-29,19,399,327,726
2017-07-29,20,356,318,674
2017-07-29,21,259,223,482
2017-07-29,22,230,230,460
2017-07-29,23,187,156,343
2017-07-30,0,141,85,226
2017-07-30,1,124,49,173
2017-07-30,2,60,52,112
2017-07-30,3,45,30,75
2017-07-30,4,15,6,21
2017-07-30,5,22,17,39
2017-07-30,6,41,36,77
2017-07-30,7,101,61,162
2017-07-30,8,255,123,378
2017-07-30,9,367,296,663
2017-07-30,10,518,447,965
2017-07-30,11,603,678,1281
2017-07-30,12,719,695,1414
2017-07-30,13,644,748,1392
2017-07-30,14,619,721,1340
2017-07-30,15,541,723,1264
2017-07-30,16,603,695,1298
2017-07-30,17,602,649,1251
2017-07-30,18,549,473,1022
2017-07-30,19,467,445,912
2017-07-30,20,377,357,734
2017-07-30,21,226,207,433
2017-07-30,22,234,146,380
2017-07-30,23,101,54,155
2017-07-31,0,42,24,66
2017-07-31,1,14,14,28
2017-07-31,2,6,5,11
2017-07-31,3,3,0,3
2017-07-31,4,15,3,18
2017-07-31,5,93,3,96
2017-07-31,6,335,11,346
2017-07-31,7,811,44,855
2017-07-31,8,937,87,1024
2017-07-31,9,458,164,622
2017-07-31,10,224,248,472
2017-07-31,11,290,278,568
2017-07-31,12,394,313,707
2017-07-31,13,329,317,646
2017-07-31,14,306,266,572
2017-07-31,15,387,327,714
2017-07-31,16,716,361,1077
2017-07-31,17,1390,432,1822
2017-07-31,18,1128,312,1440
2017-07-31,19,825,267,1092
2017-07-31,20,495,268,763
2017-07-31,21,336,186,522
2017-07-31,22,216,108,324
2017-07-31,23,90,58,148
2017-08-01,0,36,33,69
2017-08-01,1,21,3,24
2017-08-01,2,8,0,8
2017-08-01,3,4,0,4
2017-08-01,4,18,4,22
2017-08-01,5,113,14,127
2017-08-01,6,403,32,435
2017-08-01,7,937,55,992
2017-08-01,8,1226,127,1353
2017-08-01,9,528,135,663
2017-08-01,10,242,159,401
2017-08-01,11,316,179,495
2017-08-01,12,378,210,588
2017-08-01,13,341,192,533
2017-08-01,14,298,229,527
2017-08-01,15,412,266,678
2017-08-01,16,754,267,1021
2017-08-01,17,845,166,1011
2017-08-01,18,718,130,848
2017-08-01,19,700,209,909
2017-08-01,20,552,196,748
2017-08-01,21,337,122,459
2017-08-01,22,207,101,308
2017-08-01,23,101,78,179
2017-08-02,0,41,37,78
2017-08-02,1,19,19,38
2017-08-02,2,24,13,37
2017-08-02,3,6,0,6
2017-08-02,4,20,4,24
2017-08-02,5,114,14,128
2017-08-02,6,406,28,434
2017-08-02,7,922,69,991
2017-08-02,8,1245,91,1336
2017-08-02,9,538,123,661
2017-08-02,10,229,171,400
2017-08-02,11,297,185,482
2017-08-02,12,363,231,594
2017-08-02,13,348,212,560
2017-08-02,14,296,300,596
2017-08-02,15,397,233,630
2017-08-02,16,729,249,978
2017-08-02,17,1415,314,1729
2017-08-02,18,1167,268,1435
2017-08-02,19,770,270,1040
2017-08-02,20,566,201,767
2017-08-02,21,405,147,552
2017-08-02,22,282,103,385
2017-08-02,23,147,51,198
2017-08-03,0,68,46,114
2017-08-03,1,29,16,45
2017-08-03,2,18,8,26
2017-08-03,3,4,1,5
2017-08-03,4,11,1,12
2017-08-03,5,111,14,125
2017-08-03,6,374,34,408
2017-08-03,7,897,58,955
2017-08-03,8,1211,85,1296
2017-08-03,9,504,112,616
2017-08-03,10,236,173,409
2017-08-03,11,293,204,497
2017-08-03,12,425,218,643
2017-08-03,13,343,229,572
2017-08-03,14,322,232,554
2017-08-03,15,439,297,736
2017-08-03,16,701,280,981
2017-08-03,17,1350,328,1678
2017-08-03,18,710,175,885
2017-08-03,19,506,133,639
2017-08-03,20,413,171,584
2017-08-03,21,325,132,457
2017-08-03,22,235,105,340
2017-08-03,23,146,73,219
2017-08-04,0,63,49,112
2017-08-04,1,34,10,44
2017-08-04,2,26,18,44
2017-08-04,3,6,7,13
2017-08-04,4,17,6,23
2017-08-04,5,94,13,107
2017-08-04,6,307,21,328
2017-08-04,7,721,51,772
2017-08-04,8,1118,110,1228
2017-08-04,9,503,177,680
2017-08-04,10,307,235,542
2017-08-04,11,357,312,669
2017-08-04,12,453,294,747
2017-08-04,13,429,264,693
2017-08-04,14,400,308,708
2017-08-04,15,535,329,864
2017-08-04,16,834,349,1183
2017-08-04,17,1093,362,1455
2017-08-04,18,863,344,1207
2017-08-04,19,635,295,930
2017-08-04,20,440,276,716
2017-08-04,21,292,210,502
2017-08-04,22,241,161,402
2017-08-04,23,203,116,319
2017-08-05,0,137,69,206
2017-08-05,1,67,30,97
2017-08-05,2,57,35,92
2017-08-05,3,31,8,39
2017-08-05,4,7,4,11
2017-08-05,5,18,11,29
2017-08-05,6,66,11,77
2017-08-05,7,137,55,192
2017-08-05,8,257,104,361
2017-08-05,9,392,237,629
2017-08-05,10,531,442,973
2017-08-05,11,598,544,1142
2017-08-05,12,631,666,1297
2017-08-05,13,637,702,1339
2017-08-05,14,633,828,1461
2017-08-05,15,575,844,1419
2017-08-05,16,573,757,1330
2017-08-05,17,582,706,1288
2017-08-05,18,555,540,1095
2017-08-05,19,419,566,985
2017-08-05,20,358,483,841
2017-08-05,21,300,318,618
2017-08-05,22,223,231,454
2017-08-05,23,204,167,371
2017-08-06,0,132,87,219
2017-08-06,1,97,53,150
2017-08-06,2,61,41,102
2017-08-06,3,31,21,52
2017-08-06,4,8,14,22
2017-08-06,5,5,11,16
2017-08-06,6,35,17,52
2017-08-06,7,79,56,135
2017-08-06,8,179,92,271
2017-08-06,9,307,267,574
2017-08-06,10,425,414,839
2017-08-06,11,554,570,1124
2017-08-06,12,559,656,1215
2017-08-06,13,563,619,1182
2017-08-06,14,545,693,1238
2017-08-06,15,581,760,1341
2017-08-06,16,596,645,1241
2017-08-06,17,570,526,1096
2017-08-06,18,514,486,1000
2017-08-06,19,406,422,828
2017-08-06,20,290,316,606
2017-08-06,21,179,208,387
2017-08-06,22,178,135,313
2017-08-06,23,92,64,156
2017-08-07,0,51,43,94
2017-08-07,1,17,14,31
2017-08-07,2,4,2,6
2017-08-07,3,7,2,9
2017-08-07,4,13,2,15
2017-08-07,5,51,8,59
2017-08-07,6,169,7,176
2017-08-07,7,239,9,248
2017-08-07,8,488,35,523
2017-08-07,9,316,49,365
2017-08-07,10,64,29,93
2017-08-07,11,45,23,68
2017-08-07,12,36,10,46
2017-08-07,13,29,13,42
2017-08-07,14,38,13,51
2017-08-07,15,123,45,168
2017-08-07,16,472,99,571
2017-08-07,17,940,134,1074
2017-08-07,18,604,106,710
2017-08-07,19,418,72,490
2017-08-07,20,331,64,395
2017-08-07,21,256,68,324
2017-08-07,22,191,46,237
2017-08-07,23,67,33,100
2017-08-08,0,31,19,50
2017-08-08,1,8,4,12
2017-08-08,2,7,3,10
2017-08-08,3,1,1,2
2017-08-08,4,14,2,16
2017-08-08,5,97,4,101
2017-08-08,6,337,10,347
2017-08-08,7,844,33,877
2017-08-08,8,1238,77,1315
2017-08-08,9,516,83,599
2017-08-08,10,277,217,494
2017-08-08,11,298,236,534
2017-08-08,12,371,263,634
2017-08-08,13,363,304,667
2017-08-08,14,335,271,606
2017-08-08,15,426,365,791
2017-08-08,16,773,363,1136
2017-08-08,17,1509,403,1912
2017-08-08,18,1277,351,1628
2017-08-08,19,769,261,1030
2017-08-08,20,570,222,792
2017-08-08,21,382,184,566
2017-08-08,22,288,147,435
2017-08-08,23,123,65,188
2017-08-09,0,43,65,108
2017-08-09,1,12,13,25
2017-08-09,2,7,3,10
2017-08-09,3,5,2,7
2017-08-09,4,14,1,15
2017-08-09,5,112,4,116
2017-08-09,6,360,30,390
2017-08-09,7,926,46,972
2017-08-09,8,1242,102,1344
2017-08-09,9,555,130,685
2017-08-09,10,250,251,501
2017-08-09,11,290,266,556
2017-08-09,12,398,269,667
2017-08-09,13,381,291,672
2017-08-09,14,344,301,645
2017-08-09,15,422,307,729
2017-08-09,16,816,332,1148
2017-08-09,17,1518,363,1881
2017-08-09,18,1155,328,1483
2017-08-09,19,791,280,1071
2017-08-09,20,570,215,785
2017-08-09,21,387,167,554
2017-08-09,22,265,127,392
2017-08-09,23,153,53,206
2017-08-10,0,52,45,97
2017-08-10,1,15,9,24
2017-08-10,2,14,5,19
2017-08-10,3,3,9,12
2017-08-10,4,11,4,15
2017-08-10,5,96,9,105
2017-08-10,6,334,18,352
2017-08-10,7,875,49,924
2017-08-10,8,1303,108,1411
2017-08-10,9,536,138,674
2017-08-10,10,271,225,496
2017-08-10,11,307,234,541
2017-08-10,12,459,215,674
2017-08-10,13,377,324,701
2017-08-10,14,326,289,615
2017-08-10,15,446,290,736
2017-08-10,16,783,320,1103
2017-08-10,17,1391,419,1810
2017-08-10,18,1161,428,1589
2017-08-10,19,723,331,1054
2017-08-10,20,466,232,698
2017-08-10,21,353,171,524
2017-08-10,22,284,125,409
2017-08-10,23,136,60,196
2017-08-11,0,70,44,114
2017-08-11,1,36,31,67
2017-08-11,2,16,7,23
2017-08-11,3,7,3,10
2017-08-11,4,8,2,10
2017-08-11,5,92,3,95
2017-08-11,6,299,13,312
2017-08-11,7,729,40,769
2017-08-11,8,1181,99,1280
2017-08-11,9,603,135,738
2017-08-11,10,298,197,495
2017-08-11,11,411,246,657
2017-08-11,12,453,301,754
2017-08-11,13,488,306,794
2017-08-11,14,430,322,752
2017-08-11,15,533,346,879
2017-08-11,16,824,418,1242
2017-08-11,17,1131,391,1522
2017-08-11,18,798,285,1083
2017-08-11,19,294,93,387
2017-08-11,20,77,40,117
2017-08-11,21,111,35,146
2017-08-11,22,39,6,45
2017-08-11,23,78,20,98
2017-08-12,0,65,22,87
2017-08-12,1,68,10,78
2017-08-12,2,36,12,48
2017-08-12,3,14,6,20
2017-08-12,4,8,2,10
2017-08-12,5,18,9,27
2017-08-12,6,53,22,75
2017-08-12,7,139,39,178
2017-08-12,8,223,136,359
2017-08-12,9,356,189,545
2017-08-12,10,414,288,702
2017-08-12,11,522,424,946
2017-08-12,12,515,436,951
2017-08-12,13,496,543,1039
2017-08-12,14,519,601,1120
2017-08-12,15,530,615,1145
2017-08-12,16,483,605,1088
2017-08-12,17,470,613,1083
2017-08-12,18,441,423,864
2017-08-12,19,366,301,667
2017-08-12,20,58,44,102
2017-08-12,21,146,64,210
2017-08-12,22,129,58,187
2017-08-12,23,102,59,161
2017-08-13,0,105,33,138
2017-08-13,1,63,35,98
2017-08-13,2,46,24,70
2017-08-13,3,27,7,34
2017-08-13,4,12,5,17
2017-08-13,5,18,8,26
2017-08-13,6,42,22,64
2017-08-13,7,111,35,146
2017-08-13,8,200,85,285
2017-08-13,9,331,292,623
2017-08-13,10,437,428,865
2017-08-13,11,502,533,1035
2017-08-13,12,616,660,1276
2017-08-13,13,626,613,1239
2017-08-13,14,581,662,1243
2017-08-13,15,571,584,1155
2017-08-13,16,569,621,1190
2017-08-13,17,565,546,1111
2017-08-13,18,559,393,952
2017-08-13,19,461,448,909
2017-08-13,20,401,303,704
2017-08-13,21,216,222,438
2017-08-13,22,211,179,390
2017-08-13,23,85,53,138
2017-08-14,0,30,34,64
2017-08-14,1,19,13,32
2017-08-14,2,9,5,14
2017-08-14,3,5,1,6
2017-08-14,4,9,1,10
2017-08-14,5,73,6,79
2017-08-14,6,324,10,334
2017-08-14,7,726,52,778
2017-08-14,8,1013,88,1101
2017-08-14,9,476,169,645
2017-08-14,10,251,205,456
2017-08-14,11,318,255,573
2017-08-14,12,395,331,726
2017-08-14,13,317,281,598
2017-08-14,14,304,287,591
2017-08-14,15,423,303,726
2017-08-14,16,742,318,1060
2017-08-14,17,1282,311,1593
2017-08-14,18,1035,266,1301
2017-08-14,19,663,258,921
2017-08-14,20,452,162,614
2017-08-14,21,308,187,495
2017-08-14,22,180,124,304
2017-08-14,23,106,53,159
2017-08-15,0,38,38,76
2017-08-15,1,14,20,34
2017-08-15,2,11,10,21
2017-08-15,3,4,4,8
2017-08-15,4,10,12,22
2017-08-15,5,100,6,106
2017-08-15,6,358,17,375
2017-08-15,7,691,35,726
2017-08-15,8,539,28,567
2017-08-15,9,149,28,177
2017-08-15,10,67,15,82
2017-08-15,11,77,16,93
2017-08-15,12,121,24,145
2017-08-15,13,233,85,318
2017-08-15,14,269,132,401
2017-08-15,15,369,181,550
2017-08-15,16,734,214,948
2017-08-15,17,1212,255,1467
2017-08-15,18,1052,204,1256
2017-08-15,19,713,192,905
2017-08-15,20,494,174,668
2017-08-15,21,384,115,499
2017-08-15,22,274,77,351
2017-08-15,23,122,36,158
2017-08-16,0,51,10,61
2017-08-16,1,21,7,28
2017-08-16,2,16,4,20
2017-08-16,3,3,5,8
2017-08-16,4,10,3,13
2017-08-16,5,104,10,114
2017-08-16,6,376,17,393
2017-08-16,7,831,62,893
2017-08-16,8,1225,94,1319
2017-08-16,9,495,132,627
2017-08-16,10,287,177,464
2017-08-16,11,316,212,528
2017-08-16,12,464,249,713
2017-08-16,13,398,231,629
2017-08-16,14,309,184,493
2017-08-16,15,389,236,625
2017-08-16,16,749,231,980
2017-08-16,17,1317,259,1576
2017-08-16,18,1161,278,1439
2017-08-16,19,757,235,992
2017-08-16,20,506,154,660
2017-08-16,21,357,124,481
2017-08-16,22,227,95,322
2017-08-16,23,129,70,199
2017-08-17,0,38,15,53
2017-08-17,1,19,11,30
2017-08-17,2,8,5,13
2017-08-17,3,1,1,2
2017-08-17,4,14,4,18
2017-08-17,5,101,15,116
2017-08-17,6,354,15,369
2017-08-17,7,856,51,907
2017-08-17,8,1166,88,1254
2017-08-17,9,511,91,602
2017-08-17,10,243,157,400
2017-08-17,11,315,203,518
2017-08-17,12,428,223,651
2017-08-17,13,350,204,554
2017-08-17,14,292,228,520
2017-08-17,15,381,222,603
2017-08-17,16,668,267,935
2017-08-17,17,1318,281,1599
2017-08-17,18,1130,265,1395
2017-08-17,19,762,242,1004
2017-08-17,20,524,209,733
2017-08-17,21,314,142,456
2017-08-17,22,244,102,346
2017-08-17,23,170,53,223
2017-08-18,0,67,19,86
2017-08-18,1,41,15,56
2017-08-18,2,28,11,39
2017-08-18,3,7,1,8
2017-08-18,4,12,8,20
2017-08-18,5,84,5,89
2017-08-18,6,292,16,308
2017-08-18,7,699,49,748
2017-08-18,8,1030,74,1104
2017-08-18,9,551,128,679
2017-08-18,10,270,223,493
2017-08-18,11,339,240,579
2017-08-18,12,440,253,693
2017-08-18,13,464,249,713
2017-08-18,14,393,270,663
2017-08-18,15,480,249,729
2017-08-18,16,733,287,1020
2017-08-18,17,946,288,1234
2017-08-18,18,233,70,303
2017-08-18,19,411,116,527
2017-08-18,20,295,137,432
2017-08-18,21,241,117,358
2017-08-18,22,189,102,291
2017-08-18,23,160,71,231
2017-08-19,0,98,38,136
2017-08-19,1,64,27,91
2017-08-19,2,56,25,81
2017-08-19,3,17,23,40
2017-08-19,4,10,7,17
2017-08-19,5,25,4,29
2017-08-19,6,69,18,87
2017-08-19,7,150,55,205
2017-08-19,8,267,113,380
2017-08-19,9,456,250,706
2017-08-19,10,539,397,936
2017-08-19,11,592,447,1039
2017-08-19,12,530,508,1038
2017-08-19,13,567,527,1094
2017-08-19,14,589,516,1105
2017-08-19,15,485,500,985
2017-08-19,16,490,521,1011
2017-08-19,17,485,473,958
2017-08-19,18,419,491,910
2017-08-19,19,398,419,817
2017-08-19,20,334,327,661
2017-08-19,21,265,211,476
2017-08-19,22,171,153,324
2017-08-19,23,196,120,316
2017-08-20,0,121,74,195
2017-08-20,1,104,77,181
2017-08-20,2,59,30,89
2017-08-20,3,27,22,49
2017-08-20,4,8,5,13
2017-08-20,5,16,5,21
2017-08-20,6,36,31,67
2017-08-20,7,90,59,149
2017-08-20,8,205,123,328
2017-08-20,9,329,193,522
2017-08-20,10,470,366,836
2017-08-20,11,573,461,1034
2017-08-20,12,535,521,1056
2017-08-20,13,592,496,1088
2017-08-20,14,595,491,1086
2017-08-20,15,531,487,1018
2017-08-20,16,567,424,991
2017-08-20,17,545,366,911
2017-08-20,18,507,401,908
2017-08-20,19,445,299,744
2017-08-20,20,356,210,566
2017-08-20,21,180,176,356
2017-08-20,22,176,129,305
2017-08-20,23,64,66,130
2017-08-21,0,25,32,57
2017-08-21,1,11,10,21
2017-08-21,2,7,12,19
2017-08-21,3,0,4,4
2017-08-21,4,11,1,12
2017-08-21,5,78,4,82
2017-08-21,6,293,9,302
2017-08-21,7,736,32,768
2017-08-21,8,979,70,1049
2017-08-21,9,452,119,571
2017-08-21,10,250,170,420
2017-08-21,11,274,212,486
2017-08-21,12,384,236,620
2017-08-21,13,395,236,631
2017-08-21,14,358,231,589
2017-08-21,15,359,162,521
2017-08-21,16,601,217,818
2017-08-21,17,1156,305,1461
2017-08-21,18,1087,310,1397
2017-08-21,19,740,260,1000
2017-08-21,20,474,203,677
2017-08-21,21,259,138,397
2017-08-21,22,165,93,258
2017-08-21,23,81,30,111
2017-08-22,0,32,17,49
2017-08-22,1,15,35,50
2017-08-22,2,10,5,15
2017-08-22,3,4,3,7
2017-08-22,4,16,2,18
2017-08-22,5,96,9,105
2017-08-22,6,368,12,380
2017-08-22,7,894,51,945
2017-08-22,8,1175,76,1251
2017-08-22,9,456,117,573
2017-08-22,10,227,157,384
2017-08-22,11,263,185,448
2017-08-22,12,353,166,519
2017-08-22,13,310,154,464
2017-08-22,14,299,180,479
2017-08-22,15,352,178,530
2017-08-22,16,662,176,838
2017-08-22,17,1311,265,1576
2017-08-22,18,1121,224,1345
2017-08-22,19,773,213,986
2017-08-22,20,544,188,732
2017-08-22,21,348,119,467
2017-08-22,22,200,122,322
2017-08-22,23,86,34,120
2017-08-23,0,51,31,82
2017-08-23,1,26,13,39
2017-08-23,2,18,5,23
2017-08-23,3,12,0,12
2017-08-23,4,17,1,18
2017-08-23,5,112,6,118
2017-08-23,6,396,18,414
2017-08-23,7,944,55,999
2017-08-23,8,1164,104,1268
2017-08-23,9,487,110,597
2017-08-23,10,257,155,412
2017-08-23,11,314,189,503
2017-08-23,12,407,194,601
2017-08-23,13,347,231,578
2017-08-23,14,327,228,555
2017-08-23,15,432,283,715
2017-08-23,16,776,269,1045
2017-08-23,17,1391,373,1764
2017-08-23,18,1229,278,1507
2017-08-23,19,853,236,1089
2017-08-23,20,538,171,709
2017-08-23,21,363,147,510
2017-08-23,22,236,91,327
2017-08-23,23,122,54,176
2017-08-24,0,52,20,72
2017-08-24,1,19,12,31
2017-08-24,2,10,6,16
2017-08-24,3,5,7,12
2017-08-24,4,16,4,20
2017-08-24,5,88,1,89
2017-08-24,6,346,14,360
2017-08-24,7,846,58,904
2017-08-24,8,1205,84,1289
2017-08-24,9,525,101,626
2017-08-24,10,256,173,429
2017-08-24,11,321,227,548
2017-08-24,12,455,251,706
2017-08-24,13,413,243,656
2017-08-24,14,409,257,666
2017-08-24,15,440,255,695
2017-08-24,16,768,250,1018
2017-08-24,17,1422,311,1733
2017-08-24,18,1191,269,1460
2017-08-24,19,794,236,1030
2017-08-24,20,567,189,756
2017-08-24,21,376,121,497
2017-08-24,22,240,91,331
2017-08-24,23,128,62,190
2017-08-25,0,71,22,93
2017-08-25,1,22,19,41
2017-08-25,2,19,12,31
2017-08-25,3,2,1,3
2017-08-25,4,14,0,14
2017-08-25,5,81,1,82
2017-08-25,6,323,11,334
2017-08-25,7,770,53,823
2017-08-25,8,1200,83,1283
2017-08-25,9,534,112,646
2017-08-25,10,339,203,542
2017-08-25,11,399,236,635
2017-08-25,12,495,270,765
2017-08-25,13,510,315,825
2017-08-25,14,456,318,774
2017-08-25,15,574,299,873
2017-08-25,16,918,379,1297
2017-08-25,17,1291,436,1727
2017-08-25,18,977,328,1305
2017-08-25,19,630,271,901
2017-08-25,20,480,199,679
2017-08-25,21,331,154,485
2017-08-25,22,320,144,464
2017-08-25,23,168,92,260
2017-08-26,0,122,84,206
2017-08-26,1,95,36,131
2017-08-26,2,60,41,101
2017-08-26,3,24,8,32
2017-08-26,4,7,6,13
2017-08-26,5,22,5,27
2017-08-26,6,68,5,73
2017-08-26,7,130,38,168
2017-08-26,8,284,105,389
2017-08-26,9,455,214,669
2017-08-26,10,548,409,957
2017-08-26,11,601,537,1138
2017-08-26,12,622,603,1225
2017-08-26,13,544,578,1122
2017-08-26,14,608,592,1200
2017-08-26,15,660,713,1373
2017-08-26,16,604,527,1131
2017-08-26,17,604,543,1147
2017-08-26,18,546,503,1049
2017-08-26,19,514,392,906
2017-08-26,20,359,265,624
2017-08-26,21,268,164,432
2017-08-26,22,220,99,319
2017-08-26,23,165,82,247
2017-08-27,0,111,33,144
2017-08-27,1,170,105,275
2017-08-27,2,87,28,115
2017-08-27,3,28,12,40
2017-08-27,4,17,11,28
2017-08-27,5,16,9,25
2017-08-27,6,29,8,37
2017-08-27,7,99,42,141
2017-08-27,8,223,104,327
2017-08-27,9,322,211,533
2017-08-27,10,465,374,839
2017-08-27,11,566,497,1063
2017-08-27,12,643,500,1143
2017-08-27,13,595,577,1172
2017-08-27,14,597,584,1181
2017-08-27,15,566,595,1161
2017-08-27,16,565,471,1036
2017-08-27,17,642,472,1114
2017-08-27,18,520,371,891
2017-08-27,19,510,321,831
2017-08-27,20,378,193,571
2017-08-27,21,170,103,273
2017-08-27,22,189,75,264
2017-08-27,23,103,49,152
2017-08-28,0,36,29,65
2017-08-28,1,14,10,24
2017-08-28,2,8,4,12
2017-08-28,3,5,5,10
2017-08-28,4,10,2,12
2017-08-28,5,87,5,92
2017-08-28,6,343,17,360
2017-08-28,7,820,39,859
2017-08-28,8,1014,67,1081
2017-08-28,9,471,110,581
2017-08-28,10,277,181,458
2017-08-28,11,286,227,513
2017-08-28,12,418,200,618
2017-08-28,13,399,234,633
2017-08-28,14,390,244,634
2017-08-28,15,448,200,648
2017-08-28,16,822,285,1107
2017-08-28,17,1520,310,1830
2017-08-28,18,1219,287,1506
2017-08-28,19,720,194,914
2017-08-28,20,426,104,530
2017-08-28,21,265,68,333
2017-08-28,22,175,47,222
2017-08-28,23,72,15,87
2017-08-29,0,50,13,63
2017-08-29,1,21,11,32
2017-08-29,2,10,4,14
2017-08-29,3,3,0,3
2017-08-29,4,10,2,12
2017-08-29,5,29,1,30
2017-08-29,6,120,2,122
2017-08-29,7,282,10,292
2017-08-29,8,478,17,495
2017-08-29,9,251,30,281
2017-08-29,10,84,31,115
2017-08-29,11,62,40,102
2017-08-29,12,81,22,103
2017-08-29,13,62,15,77
2017-08-29,14,52,11,63
2017-08-29,15,76,16,92
2017-08-29,16,170,21,191
2017-08-29,17,431,44,475
2017-08-29,18,606,61,667
2017-08-29,19,405,47,452
2017-08-29,20,313,50,363
2017-08-29,21,204,47,251
2017-08-29,22,158,41,199
2017-08-29,23,100,26,126
2017-08-30,0,47,27,74
2017-08-30,1,25,6,31
2017-08-30,2,15,2,17
2017-08-30,3,11,4,15
2017-08-30,4,21,1,22
2017-08-30,5,92,3,95
2017-08-30,6,375,15,390
2017-08-30,7,992,41,1033
2017-08-30,8,1349,102,1451
2017-08-30,9,599,118,717
2017-08-30,10,317,130,447
2017-08-30,11,356,194,550
2017-08-30,12,495,149,644
2017-08-30,13,437,208,645
2017-08-30,14,409,206,615
2017-08-30,15,525,242,767
2017-08-30,16,787,269,1056
2017-08-30,17,1470,316,1786
2017-08-30,18,1310,267,1577
2017-08-30,19,905,206,1111
2017-08-30,20,557,161,718
2017-08-30,21,383,99,482
2017-08-30,22,243,77,320
2017-08-30,23,110,41,151
2017-08-31,0,49,38,87
2017-08-31,1,20,9,29
2017-08-31,2,7,6,13
2017-08-31,3,4,5,9
2017-08-31,4,13,5,18
2017-08-31,5,103,6,109
2017-08-31,6,352,19,371
2017-08-31,7,921,57,978
2017-08-31,8,1310,91,1401
2017-08-31,9,555,86,641
2017-08-31,10,296,124,420
2017-08-31,11,321,186,507
2017-08-31,12,412,165,577
2017-08-31,13,417,200,617
2017-08-31,14,422,201,623
2017-08-31,15,473,220,693
2017-08-31,16,756,270,1026
2017-08-31,17,1401,336,1737
2017-08-31,18,1284,261,1545
2017-08-31,19,792,187,979
2017-08-31,20,516,128,644
2017-08-31,21,307,88,395
2017-08-31,22,261,59,320
2017-08-31,23,138,34,172
2017-09-01,0,67,27,94
2017-09-01,1,34,12,46
2017-09-01,2,20,9,29
2017-09-01,3,9,4,13
2017-09-01,4,11,1,12
2017-09-01,5,94,6,100
2017-09-01,6,268,14,282
2017-09-01,7,719,37,756
2017-09-01,8,1145,54,1199
2017-09-01,9,578,115,693
2017-09-01,10,288,163,451
2017-09-01,11,370,220,590
2017-09-01,12,513,288,801
2017-09-01,13,517,223,740
2017-09-01,14,563,294,857
2017-09-01,15,775,332,1107
2017-09-01,16,876,370,1246
2017-09-01,17,988,316,1304
2017-09-01,18,733,290,1023
2017-09-01,19,464,229,693
2017-09-01,20,289,136,425
2017-09-01,21,213,100,313
2017-09-01,22,159,75,234
2017-09-01,23,124,44,168
2017-09-02,0,101,36,137
2017-09-02,1,51,40,91
2017-09-02,2,47,19,66
2017-09-02,3,24,9,33
2017-09-02,4,4,0,4
2017-09-02,5,10,2,12
2017-09-02,6,13,1,14
2017-09-02,7,47,9,56
2017-09-02,8,82,26,108
2017-09-02,9,83,9,92
2017-09-02,10,96,14,110
2017-09-02,11,104,19,123
2017-09-02,12,194,55,249
2017-09-02,13,199,72,271
2017-09-02,14,134,50,184
2017-09-02,15,153,66,219
2017-09-02,16,233,113,346
2017-09-02,17,240,156,396
2017-09-02,18,260,152,412
2017-09-02,19,245,136,381
2017-09-02,20,155,106,261
2017-09-02,21,144,102,246
2017-09-02,22,115,69,184
2017-09-02,23,120,60,180
2017-09-03,0,72,36,108
2017-09-03,1,46,33,79
2017-09-03,2,26,26,52
2017-09-03,3,16,6,22
2017-09-03,4,3,4,7
2017-09-03,5,13,4,17
2017-09-03,6,32,8,40
2017-09-03,7,73,19,92
2017-09-03,8,156,110,266
2017-09-03,9,268,270,538
2017-09-03,10,407,440,847
2017-09-03,11,545,553,1098
2017-09-03,12,512,743,1255
2017-09-03,13,570,784,1354
2017-09-03,14,551,900,1451
2017-09-03,15,508,852,1360
2017-09-03,16,474,833,1307
2017-09-03,17,444,810,1254
2017-09-03,18,470,711,1181
2017-09-03,19,416,585,1001
2017-09-03,20,298,382,680
2017-09-03,21,259,338,597
2017-09-03,22,185,262,447
2017-09-03,23,167,151,318
2017-09-04,0,95,103,198
2017-09-04,1,56,43,99
2017-09-04,2,46,24,70
2017-09-04,3,23,10,33
2017-09-04,4,11,4,15
2017-09-04,5,19,4,23
2017-09-04,6,26,14,40
2017-09-04,7,81,18,99
2017-09-04,8,189,74,263
2017-09-04,9,342,269,611
2017-09-04,10,455,418,873
2017-09-04,11,544,591,1135
2017-09-04,12,590,625,1215
2017-09-04,13,636,657,1293
2017-09-04,14,593,669,1262
2017-09-04,15,586,582,1168
2017-09-04,16,593,571,1164
2017-09-04,17,574,532,1106
2017-09-04,18,574,453,1027
2017-09-04,19,446,287,733
2017-09-04,20,306,217,523
2017-09-04,21,189,128,317
2017-09-04,22,115,97,212
2017-09-04,23,58,43,101
2017-09-05,0,31,24,55
2017-09-05,1,8,6,14
2017-09-05,2,6,4,10
2017-09-05,3,6,1,7
2017-09-05,4,14,0,14
2017-09-05,5,94,2,96
2017-09-05,6,330,12,342
2017-09-05,7,930,49,979
2017-09-05,8,1141,62,1203
2017-09-05,9,478,90,568
2017-09-05,10,272,159,431
2017-09-05,11,304,154,458
2017-09-05,12,404,204,608
2017-09-05,13,367,179,546
2017-09-05,14,313,199,512
2017-09-05,15,411,167,578
2017-09-05,16,807,234,1041
2017-09-05,17,1485,234,1719
2017-09-05,18,880,133,1013
2017-09-05,19,219,21,240
2017-09-05,20,280,37,317
2017-09-05,21,283,48,331
2017-09-05,22,145,34,179
2017-09-05,23,82,16,98
2017-09-06,0,44,13,57
2017-09-06,1,9,4,13
2017-09-06,2,2,3,5
2017-09-06,3,4,3,7
2017-09-06,4,13,1,14
2017-09-06,5,94,2,96
2017-09-06,6,379,5,384
2017-09-06,7,920,38,958
2017-09-06,8,1237,67,1304
2017-09-06,9,486,52,538
2017-09-06,10,212,44,256
2017-09-06,11,96,33,129
2017-09-06,12,86,12,98
2017-09-06,13,85,8,93
2017-09-06,14,87,16,103
2017-09-06,15,79,3,82
2017-09-06,16,210,7,217
2017-09-06,17,432,43,475
2017-09-06,18,394,22,416
2017-09-06,19,265,25,290
2017-09-06,20,136,14,150
2017-09-06,21,110,10,120
2017-09-06,22,111,10,121
2017-09-06,23,62,8,70
2017-09-07,0,34,2,36
2017-09-07,1,23,8,31
2017-09-07,2,11,1,12
2017-09-07,3,3,2,5
2017-09-07,4,17,1,18
2017-09-07,5,120,0,120
2017-09-07,6,396,10,406
2017-09-07,7,1041,42,1083
2017-09-07,8,1238,59,1297
2017-09-07,9,554,77,631
2017-09-07,10,311,87,398
2017-09-07,11,363,146,509
2017-09-07,12,481,163,644
2017-09-07,13,434,165,599
2017-09-07,14,385,146,531
2017-09-07,15,478,188,666
2017-09-07,16,833,187,1020
2017-09-07,17,1523,269,1792
2017-09-07,18,1328,230,1558
2017-09-07,19,850,174,1024
2017-09-07,20,535,95,630
2017-09-07,21,343,110,453
2017-09-07,22,311,79,390
2017-09-07,23,149,48,197
2017-09-08,0,80,33,113
2017-09-08,1,34,10,44
2017-09-08,2,20,11,31
2017-09-08,3,4,0,4
2017-09-08,4,6,3,9
2017-09-08,5,90,3,93
2017-09-08,6,366,6,372
2017-09-08,7,880,38,918
2017-09-08,8,1392,103,1495
2017-09-08,9,579,73,652
2017-09-08,10,351,152,503
2017-09-08,11,418,190,608
2017-09-08,12,482,209,691
2017-09-08,13,516,251,767
2017-09-08,14,452,291,743
2017-09-08,15,571,306,877
2017-09-08,16,861,303,1164
2017-09-08,17,1380,310,1690
2017-09-08,18,1101,279,1380
2017-09-08,19,665,216,881
2017-09-08,20,414,143,557
2017-09-08,21,343,140,483
2017-09-08,22,248,112,360
2017-09-08,23,193,63,256
2017-09-09,0,137,42,179
2017-09-09,1,89,29,118
2017-09-09,2,76,42,118
2017-09-09,3,24,7,31
2017-09-09,4,6,5,11
2017-09-09,5,31,2,33
2017-09-09,6,52,6,58
2017-09-09,7,119,31,150
2017-09-09,8,293,62,355
2017-09-09,9,488,158,646
2017-09-09,10,608,340,948
2017-09-09,11,571,476,1047
2017-09-09,12,694,505,1199
2017-09-09,13,669,549,1218
2017-09-09,14,657,651,1308
2017-09-09,15,654,671,1325
2017-09-09,16,648,595,1243
2017-09-09,17,639,626,1265
2017-09-09,18,631,484,1115
2017-09-09,19,495,412,907
2017-09-09,20,304,231,535
2017-09-09,21,284,133,417
2017-09-09,22,192,94,286
2017-09-09,23,185,65,250
2017-09-10,0,149,38,187
2017-09-10,1,94,35,129
2017-09-10,2,77,14,91
2017-09-10,3,36,7,43
2017-09-10,4,8,4,12
2017-09-10,5,28,11,39
2017-09-10,6,48,18,66
2017-09-10,7,86,42,128
2017-09-10,8,233,85,318
2017-09-10,9,380,180,560
2017-09-10,10,513,333,846
2017-09-10,11,598,422,1020
2017-09-10,12,693,500,1193
2017-09-10,13,627,476,1103
2017-09-10,14,595,456,1051
2017-09-10,15,613,560,1173
2017-09-10,16,681,497,1178
2017-09-10,17,602,460,1062
2017-09-10,18,553,325,878
2017-09-10,19,477,296,773
2017-09-10,20,337,153,490
2017-09-10,21,190,139,329
2017-09-10,22,134,84,218
2017-09-10,23,69,53,122
2017-09-11,0,34,34,68
2017-09-11,1,14,10,24
2017-09-11,2,7,2,9
2017-09-11,3,2,3,5
2017-09-11,4,7,2,9
2017-09-11,5,87,8,95
2017-09-11,6,373,10,383
2017-09-11,7,850,55,905
2017-09-11,8,1180,87,1267
2017-09-11,9,440,86,526
2017-09-11,10,225,133,358
2017-09-11,11,287,186,473
2017-09-11,12,394,175,569
2017-09-11,13,348,242,590
2017-09-11,14,331,276,607
2017-09-11,15,449,273,722
2017-09-11,16,805,264,1069
2017-09-11,17,1509,340,1849
2017-09-11,18,1253,281,1534
2017-09-11,19,764,200,964
2017-09-11,20,486,109,595
2017-09-11,21,304,90,394
2017-09-11,22,181,70,251
2017-09-11,23,89,46,135
2017-09-12,0,41,22,63
2017-09-12,1,18,12,30
2017-09-12,2,11,11,22
2017-09-12,3,2,2,4
2017-09-12,4,21,2,23
2017-09-12,5,113,6,119
2017-09-12,6,406,15,421
2017-09-12,7,1039,53,1092
2017-09-12,8,1511,83,1594
2017-09-12,9,524,82,606
2017-09-12,10,292,131,423
2017-09-12,11,295,161,456
2017-09-12,12,432,189,621
2017-09-12,13,370,186,556
2017-09-12,14,343,203,546
2017-09-12,15,468,206,674
2017-09-12,16,811,216,1027
2017-09-12,17,1624,318,1942
2017-09-12,18,1379,313,1692
2017-09-12,19,858,200,1058
2017-09-12,20,485,128,613
2017-09-12,21,377,89,466
2017-09-12,22,232,80,312
2017-09-12,23,104,33,137
2017-09-13,0,51,12,63
2017-09-13,1,19,4,23
2017-09-13,2,10,2,12
2017-09-13,3,3,2,5
2017-09-13,4,9,1,10
2017-09-13,5,104,4,108
2017-09-13,6,222,10,232
2017-09-13,7,503,27,530
2017-09-13,8,795,48,843
2017-09-13,9,488,63,551
2017-09-13,10,253,98,351
2017-09-13,11,282,133,415
2017-09-13,12,403,173,576
2017-09-13,13,396,152,548
2017-09-13,14,305,160,465
2017-09-13,15,420,155,575
2017-09-13,16,816,180,996
2017-09-13,17,1517,264,1781
2017-09-13,18,1159,233,1392
2017-09-13,19,787,146,933
2017-09-13,20,550,89,639
2017-09-13,21,368,72,440
2017-09-13,22,234,60,294
2017-09-13,23,110,28,138
2017-09-14,0,50,8,58
2017-09-14,1,13,9,22
2017-09-14,2,11,8,19
2017-09-14,3,6,0,6
2017-09-14,4,14,1,15
2017-09-14,5,92,1,93
2017-09-14,6,350,18,368
2017-09-14,7,916,34,950
2017-09-14,8,1380,91,1471
2017-09-14,9,583,70,653
2017-09-14,10,292,112,404
2017-09-14,11,310,132,442
2017-09-14,12,396,164,560
2017-09-14,13,428,175,603
2017-09-14,14,417,177,594
2017-09-14,15,468,213,681
2017-09-14,16,823,221,1044
2017-09-14,17,1496,238,1734
2017-09-14,18,1152,190,1342
2017-09-14,19,671,141,812
2017-09-14,20,474,117,591
2017-09-14,21,345,79,424
2017-09-14,22,172,41,213
2017-09-14,23,103,17,120
2017-09-15,0,60,12,72
2017-09-15,1,28,5,33
2017-09-15,2,20,5,25
2017-09-15,3,1,6,7
2017-09-15,4,13,5,18
2017-09-15,5,92,5,97
2017-09-15,6,305,25,330
2017-09-15,7,817,55,872
2017-09-15,8,1320,92,1412
2017-09-15,9,541,98,639
2017-09-15,10,275,152,427
2017-09-15,11,338,227,565
2017-09-15,12,533,247,780
2017-09-15,13,455,265,720
2017-09-15,14,479,269,748
2017-09-15,15,610,283,893
2017-09-15,16,947,278,1225
2017-09-15,17,1366,329,1695
2017-09-15,18,1111,316,1427
2017-09-15,19,673,259,932
2017-09-15,20,399,159,558
2017-09-15,21,293,121,414
2017-09-15,22,267,111,378
2017-09-15,23,240,97,337
2017-09-16,0,135,76,211
2017-09-16,1,116,39,155
2017-09-16,2,57,16,73
2017-09-16,3,32,7,39
2017-09-16,4,12,4,16
2017-09-16,5,15,13,28
2017-09-16,6,36,24,60
2017-09-16,7,155,30,185
2017-09-16,8,348,94,442
2017-09-16,9,497,226,723
2017-09-16,10,603,371,974
2017-09-16,11,673,474,1147
2017-09-16,12,765,600,1365
2017-09-16,13,744,587,1331
2017-09-16,14,642,607,1249
2017-09-16,15,612,597,1209
2017-09-16,16,651,696,1347
2017-09-16,17,569,613,1182
2017-09-16,18,600,455,1055
2017-09-16,19,509,338,847
2017-09-16,20,300,256,556
2017-09-16,21,235,197,432
2017-09-16,22,222,172,394
2017-09-16,23,180,97,277
2017-09-17,0,172,66,238
2017-09-17,1,111,30,141
2017-09-17,2,61,32,93
2017-09-17,3,42,13,55
2017-09-17,4,9,6,15
2017-09-17,5,20,13,33
2017-09-17,6,106,45,151
2017-09-17,7,126,56,182
2017-09-17,8,221,142,363
2017-09-17,9,373,261,634
2017-09-17,10,548,403,951
2017-09-17,11,590,502,1092
2017-09-17,12,559,479,1038
2017-09-17,13,630,487,1117
2017-09-17,14,564,485,1049
2017-09-17,15,553,460,1013
2017-09-17,16,621,486,1107
2017-09-17,17,604,496,1100
2017-09-17,18,582,330,912
2017-09-17,19,458,266,724
2017-09-17,20,299,140,439
2017-09-17,21,207,107,314
2017-09-17,22,165,87,252
2017-09-17,23,113,43,156
2017-09-18,0,41,30,71
2017-09-18,1,13,19,32
2017-09-18,2,10,3,13
2017-09-18,3,3,1,4
2017-09-18,4,15,2,17
2017-09-18,5,108,5,113
2017-09-18,6,340,15,355
2017-09-18,7,854,44,898
2017-09-18,8,1048,71,1119
2017-09-18,9,470,77,547
2017-09-18,10,229,164,393
2017-09-18,11,284,177,461
2017-09-18,12,378,219,597
2017-09-18,13,365,225,590
2017-09-18,14,336,215,551
2017-09-18,15,421,198,619
2017-09-18,16,779,215,994
2017-09-18,17,1549,284,1833
2017-09-18,18,1248,198,1446
2017-09-18,19,793,178,971
2017-09-18,20,481,136,617
2017-09-18,21,327,72,399
2017-09-18,22,199,49,248
2017-09-18,23,111,35,146
2017-09-19,0,33,7,40
2017-09-19,1,4,5,9
2017-09-19,2,14,3,17
2017-09-19,3,6,0,6
2017-09-19,4,17,6,23
2017-09-19,5,111,6,117
2017-09-19,6,400,22,422
2017-09-19,7,1101,44,1145
2017-09-19,8,1333,84,1417
2017-09-19,9,511,78,589
2017-09-19,10,253,110,363
2017-09-19,11,323,132,455
2017-09-19,12,449,161,610
2017-09-19,13,399,153,552
2017-09-19,14,362,180,542
2017-09-19,15,535,194,729
2017-09-19,16,848,218,1066
2017-09-19,17,1639,322,1961
2017-09-19,18,1295,248,1543
2017-09-19,19,786,197,983
2017-09-19,20,493,90,583
2017-09-19,21,396,79,475
2017-09-19,22,210,55,265
2017-09-19,23,99,34,133
2017-09-20,0,51,15,66
2017-09-20,1,25,6,31
2017-09-20,2,15,3,18
2017-09-20,3,2,6,8
2017-09-20,4,9,2,11
2017-09-20,5,110,6,116
2017-09-20,6,419,12,431
2017-09-20,7,1065,45,1110
2017-09-20,8,1291,106,1397
2017-09-20,9,510,97,607
2017-09-20,10,257,118,375
2017-09-20,11,321,147,468
2017-09-20,12,467,140,607
2017-09-20,13,420,162,582
2017-09-20,14,371,157,528
2017-09-20,15,488,179,667
2017-09-20,16,816,188,1004
2017-09-20,17,1524,265,1789
2017-09-20,18,1229,237,1466
2017-09-20,19,802,156,958
2017-09-20,20,461,115,576
2017-09-20,21,317,77,394
2017-09-20,22,257,69,326
2017-09-20,23,138,47,185
2017-09-21,0,47,21,68
2017-09-21,1,17,11,28
2017-09-21,2,11,1,12
2017-09-21,3,6,3,9
2017-09-21,4,18,1,19
2017-09-21,5,102,7,109
2017-09-21,6,374,15,389
2017-09-21,7,977,43,1020
2017-09-21,8,1305,60,1365
2017-09-21,9,507,78,585
2017-09-21,10,258,98,356
2017-09-21,11,322,140,462
2017-09-21,12,396,155,551
2017-09-21,13,390,144,534
2017-09-21,14,353,156,509
2017-09-21,15,510,173,683
2017-09-21,16,786,199,985
2017-09-21,17,1468,322,1790
2017-09-21,18,1253,252,1505
2017-09-21,19,690,187,877
2017-09-21,20,539,100,639
2017-09-21,21,384,77,461
2017-09-21,22,261,60,321
2017-09-21,23,169,35,204
2017-09-22,0,80,35,115
2017-09-22,1,45,25,70
2017-09-22,2,18,7,25
2017-09-22,3,17,6,23
2017-09-22,4,13,3,16
2017-09-22,5,86,7,93
2017-09-22,6,315,13,328
2017-09-22,7,830,53,883
2017-09-22,8,1143,81,1224
2017-09-22,9,516,85,601
2017-09-22,10,282,195,477
2017-09-22,11,397,221,618
2017-09-22,12,523,265,788
2017-09-22,13,518,243,761
2017-09-22,14,450,258,708
2017-09-22,15,553,283,836
2017-09-22,16,890,297,1187
2017-09-22,17,1286,286,1572
2017-09-22,18,989,258,1247
2017-09-22,19,649,186,835
2017-09-22,20,389,129,518
2017-09-22,21,304,135,439
2017-09-22,22,247,128,375
2017-09-22,23,199,102,301
2017-09-23,0,124,52,176
2017-09-23,1,84,45,129
2017-09-23,2,65,23,88
2017-09-23,3,35,11,46
2017-09-23,4,14,5,19
2017-09-23,5,27,5,32
2017-09-23,6,64,16,80
2017-09-23,7,142,31,173
2017-09-23,8,298,102,400
2017-09-23,9,453,229,682
2017-09-23,10,552,333,885
2017-09-23,11,587,419,1006
2017-09-23,12,632,508,1140
2017-09-23,13,616,462,1078
2017-09-23,14,552,515,1067
2017-09-23,15,616,463,1079
2017-09-23,16,570,460,1030
2017-09-23,17,574,449,1023
2017-09-23,18,549,417,966
2017-09-23,19,472,350,822
2017-09-23,20,310,169,479
2017-09-23,21,267,161,428
2017-09-23,22,281,103,384
2017-09-23,23,200,72,272
2017-09-24,0,188,81,269
2017-09-24,1,97,79,176
2017-09-24,2,80,42,122
2017-09-24,3,39,21,60
2017-09-24,4,15,7,22
2017-09-24,5,9,4,13
2017-09-24,6,44,9,53
2017-09-24,7,95,30,125
2017-09-24,8,212,89,301
2017-09-24,9,382,209,591
2017-09-24,10,485,345,830
2017-09-24,11,491,420,911
2017-09-24,12,652,480,1132
2017-09-24,13,537,432,969
2017-09-24,14,552,454,1006
2017-09-24,15,500,409,909
2017-09-24,16,583,455,1038
2017-09-24,17,518,381,899
2017-09-24,18,497,336,833
2017-09-24,19,422,243,665
2017-09-24,20,272,150,422
2017-09-24,21,229,103,332
2017-09-24,22,134,51,185
2017-09-24,23,77,33,110
2017-09-25,0,44,25,69
2017-09-25,1,26,16,42
2017-09-25,2,12,16,28
2017-09-25,3,4,4,8
2017-09-25,4,18,3,21
2017-09-25,5,92,2,94
2017-09-25,6,378,12,390
2017-09-25,7,847,51,898
2017-09-25,8,1042,73,1115
2017-09-25,9,438,62,500
2017-09-25,10,226,130,356
2017-09-25,11,279,169,448
2017-09-25,12,365,184,549
2017-09-25,13,360,148,508
2017-09-25,14,345,179,524
2017-09-25,15,442,218,660
2017-09-25,16,765,215,980
2017-09-25,17,1440,227,1667
2017-09-25,18,1269,209,1478
2017-09-25,19,765,136,901
2017-09-25,20,474,95,569
2017-09-25,21,322,89,411
2017-09-25,22,169,78,247
2017-09-25,23,140,50,190
2017-09-26,0,46,16,62
2017-09-26,1,13,8,21
2017-09-26,2,7,4,11
2017-09-26,3,1,2,3
2017-09-26,4,25,6,31
2017-09-26,5,114,8,122
2017-09-26,6,414,14,428
2017-09-26,7,1056,51,1107
2017-09-26,8,1376,85,1461
2017-09-26,9,514,73,587
2017-09-26,10,235,105,340
2017-09-26,11,316,113,429
2017-09-26,12,416,126,542
2017-09-26,13,404,133,537
2017-09-26,14,380,140,520
2017-09-26,15,472,135,607
2017-09-26,16,781,178,959
2017-09-26,17,1560,233,1793
2017-09-26,18,1281,195,1476
2017-09-26,19,775,130,905
2017-09-26,20,543,91,634
2017-09-26,21,352,109,461
2017-09-26,22,215,62,277
2017-09-26,23,120,24,144
2017-09-27,0,68,8,76
2017-09-27,1,12,17,29
2017-09-27,2,13,5,18
2017-09-27,3,4,1,5
2017-09-27,4,16,1,17
2017-09-27,5,132,0,132
2017-09-27,6,443,17,460
2017-09-27,7,1061,50,1111
2017-09-27,8,1329,81,1410
2017-09-27,9,494,73,567
2017-09-27,10,258,76,334
2017-09-27,11,307,121,428
2017-09-27,12,425,125,550
2017-09-27,13,404,131,535
2017-09-27,14,330,160,490
2017-09-27,15,461,142,603
2017-09-27,16,730,148,878
2017-09-27,17,1425,208,1633
2017-09-27,18,1249,183,1432
2017-09-27,19,772,162,934
2017-09-27,20,520,114,634
2017-09-27,21,389,118,507
2017-09-27,22,236,72,308
2017-09-27,23,140,50,190
2017-09-28,0,50,12,62
2017-09-28,1,25,13,38
2017-09-28,2,16,3,19
2017-09-28,3,2,2,4
2017-09-28,4,14,1,15
2017-09-28,5,96,4,100
2017-09-28,6,385,18,403
2017-09-28,7,1006,40,1046
2017-09-28,8,1280,103,1383
2017-09-28,9,600,72,672
2017-09-28,10,300,110,410
2017-09-28,11,345,129,474
2017-09-28,12,453,124,577
2017-09-28,13,437,170,607
2017-09-28,14,388,196,584
2017-09-28,15,491,227,718
2017-09-28,16,855,226,1081
2017-09-28,17,1519,267,1786
2017-09-28,18,1328,259,1587
2017-09-28,19,852,167,1019
2017-09-28,20,512,124,636
2017-09-28,21,426,111,537
2017-09-28,22,305,96,401
2017-09-28,23,163,54,217
2017-09-29,0,86,22,108
2017-09-29,1,25,21,46
2017-09-29,2,25,6,31
2017-09-29,3,7,7,14
2017-09-29,4,22,1,23
2017-09-29,5,97,3,100
2017-09-29,6,343,13,356
2017-09-29,7,885,39,924
2017-09-29,8,1292,88,1380
2017-09-29,9,620,119,739
2017-09-29,10,311,167,478
2017-09-29,11,374,248,622
2017-09-29,12,495,229,724
2017-09-29,13,547,267,814
2017-09-29,14,481,273,754
2017-09-29,15,631,333,964
2017-09-29,16,903,310,1213
2017-09-29,17,1379,322,1701
2017-09-29,18,1005,261,1266
2017-09-29,19,585,162,747
2017-09-29,20,319,167,486
2017-09-29,21,295,122,417
2017-09-29,22,261,94,355
2017-09-29,23,196,72,268
2017-09-30,0,130,55,185
2017-09-30,1,96,42,138
2017-09-30,2,63,29,92
2017-09-30,3,28,10,38
2017-09-30,4,5,11,16
2017-09-30,5,16,1,17
2017-09-30,6,47,11,58
2017-09-30,7,141,38,179
2017-09-30,8,305,88,393
2017-09-30,9,450,185,635
2017-09-30,10,619,327,946
2017-09-30,11,630,422,1052
2017-09-30,12,641,511,1152
2017-09-30,13,654,492,1146
2017-09-30,14,639,491,1130
2017-09-30,15,603,559,1162
2017-09-30,16,574,511,1085
2017-09-30,17,560,429,989
2017-09-30,18,528,297,825
2017-09-30,19,368,215,583
2017-09-30,20,249,129,378
2017-09-30,21,208,101,309
2017-09-30,22,187,99,286
2017-09-30,23,148,79,227
2017-10-01,0,116,56,172
2017-10-01,1,93,45,138
2017-10-01,2,48,22,70
2017-10-01,3,44,11,55
2017-10-01,4,10,7,17
2017-10-01,5,23,5,28
2017-10-01,6,29,7,36
2017-10-01,7,87,10,97
2017-10-01,8,205,65,270
2017-10-01,9,358,168,526
2017-10-01,10,482,254,736
2017-10-01,11,538,372,910
2017-10-01,12,629,462,1091
2017-10-01,13,602,452,1054
2017-10-01,14,610,497,1107
2017-10-01,15,613,470,1083
2017-10-01,16,675,451,1126
2017-10-01,17,582,418,1000
2017-10-01,18,634,327,961
2017-10-01,19,446,159,605
2017-10-01,20,268,117,385
2017-10-01,21,173,93,266
2017-10-01,22,116,49,165
2017-10-01,23,74,30,104
2017-10-02,0,36,27,63
2017-10-02,1,10,7,17
2017-10-02,2,10,1,11
2017-10-02,3,4,3,7
2017-10-02,4,16,2,18
2017-10-02,5,101,2,103
2017-10-02,6,355,10,365
2017-10-02,7,857,38,895
2017-10-02,8,1186,80,1266
2017-10-02,9,498,86,584
2017-10-02,10,224,128,352
2017-10-02,11,307,148,455
2017-10-02,12,394,132,526
2017-10-02,13,439,180,619
2017-10-02,14,353,186,539
2017-10-02,15,494,160,654
2017-10-02,16,847,235,1082
2017-10-02,17,1571,239,1810
2017-10-02,18,1192,162,1354
2017-10-02,19,728,115,843
2017-10-02,20,434,68,502
2017-10-02,21,285,38,323
2017-10-02,22,167,33,200
2017-10-02,23,96,16,112
2017-10-03,0,41,16,57
2017-10-03,1,11,2,13
2017-10-03,2,8,1,9
2017-10-03,3,5,1,6
2017-10-03,4,18,2,20
2017-10-03,5,113,5,118
2017-10-03,6,399,6,405
2017-10-03,7,1040,46,1086
2017-10-03,8,1394,80,1474
2017-10-03,9,588,84,672
2017-10-03,10,252,82,334
2017-10-03,11,331,114,445
2017-10-03,12,465,153,618
2017-10-03,13,445,165,610
2017-10-03,14,360,134,494
2017-10-03,15,494,188,682
2017-10-03,16,855,193,1048
2017-10-03,17,1532,278,1810
2017-10-03,18,1242,198,1440
2017-10-03,19,735,121,856
2017-10-03,20,422,103,525
2017-10-03,21,322,53,375
2017-10-03,22,204,51,255
2017-10-03,23,121,11,132
2017-10-04,0,34,6,40
2017-10-04,1,26,11,37
2017-10-04,2,11,4,15
2017-10-04,3,2,1,3
2017-10-04,4,11,5,16
2017-10-04,5,128,8,136
2017-10-04,6,415,15,430
2017-10-04,7,987,44,1031
2017-10-04,8,1352,76,1428
2017-10-04,9,556,90,646
2017-10-04,10,292,112,404
2017-10-04,11,343,131,474
2017-10-04,12,471,152,623
2017-10-04,13,408,144,552
2017-10-04,14,353,152,505
2017-10-04,15,496,168,664
2017-10-04,16,872,185,1057
2017-10-04,17,1547,246,1793
2017-10-04,18,1305,202,1507
2017-10-04,19,796,118,914
2017-10-04,20,491,80,571
2017-10-04,21,409,63,472
2017-10-04,22,235,47,282
2017-10-04,23,117,27,144
2017-10-05,0,46,11,57
2017-10-05,1,22,9,31
2017-10-05,2,22,8,30
2017-10-05,3,10,3,13
2017-10-05,4,10,4,14
2017-10-05,5,104,5,109
2017-10-05,6,393,16,409
2017-10-05,7,989,44,1033
2017-10-05,8,1349,101,1450
2017-10-05,9,544,100,644
2017-10-05,10,266,97,363
2017-10-05,11,373,134,507
2017-10-05,12,492,113,605
2017-10-05,13,466,143,609
2017-10-05,14,392,181,573
2017-10-05,15,494,188,682
2017-10-05,16,829,230,1059
2017-10-05,17,1499,268,1767
2017-10-05,18,1257,238,1495
2017-10-05,19,769,157,926
2017-10-05,20,441,83,524
2017-10-05,21,363,83,446
2017-10-05,22,276,68,344
2017-10-05,23,156,46,202
2017-10-06,0,75,31,106
2017-10-06,1,42,21,63
2017-10-06,2,26,13,39
2017-10-06,3,8,3,11
2017-10-06,4,15,3,18
2017-10-06,5,95,6,101
2017-10-06,6,331,22,353
2017-10-06,7,820,47,867
2017-10-06,8,1195,92,1287
2017-10-06,9,542,131,673
2017-10-06,10,355,189,544
2017-10-06,11,367,212,579
2017-10-06,12,543,218,761
2017-10-06,13,535,298,833
2017-10-06,14,480,305,785
2017-10-06,15,593,345,938
2017-10-06,16,953,345,1298
2017-10-06,17,1332,414,1746
2017-10-06,18,1007,337,1344
2017-10-06,19,609,192,801
2017-10-06,20,365,157,522
2017-10-06,21,300,139,439
2017-10-06,22,348,152,500
2017-10-06,23,252,125,377
2017-10-07,0,150,91,241
2017-10-07,1,87,71,158
2017-10-07,2,64,27,91
2017-10-07,3,34,20,54
2017-10-07,4,12,9,21
2017-10-07,5,23,6,29
2017-10-07,6,54,12,66
2017-10-07,7,142,28,170
2017-10-07,8,293,91,384
2017-10-07,9,442,231,673
2017-10-07,10,522,406,928
2017-10-07,11,617,568,1185
2017-10-07,12,627,637,1264
2017-10-07,13,671,653,1324
2017-10-07,14,639,730,1369
2017-10-07,15,658,775,1433
2017-10-07,16,644,716,1360
2017-10-07,17,647,586,1233
2017-10-07,18,525,490,1015
2017-10-07,19,356,315,671
2017-10-07,20,314,227,541
2017-10-07,21,315,232,547
2017-10-07,22,206,207,413
2017-10-07,23,173,134,307
2017-10-08,0,108,82,190
2017-10-08,1,95,73,168
2017-10-08,2,62,38,100
2017-10-08,3,40,39,79
2017-10-08,4,15,7,22
2017-10-08,5,10,7,17
2017-10-08,6,61,25,86
2017-10-08,7,86,50,136
2017-10-08,8,158,61,219
2017-10-08,9,222,138,360
2017-10-08,10,317,167,484
2017-10-08,11,389,290,679
2017-10-08,12,488,381,869
2017-10-08,13,476,423,899
2017-10-08,14,492,478,970
2017-10-08,15,509,447,956
2017-10-08,16,427,421,848
2017-10-08,17,447,414,861
2017-10-08,18,424,336,760
2017-10-08,19,339,187,526
2017-10-08,20,251,159,410
2017-10-08,21,231,137,368
2017-10-08,22,154,90,244
2017-10-08,23,102,51,153
2017-10-09,0,64,27,91
2017-10-09,1,45,31,76
2017-10-09,2,23,11,34
2017-10-09,3,13,4,17
2017-10-09,4,12,7,19
2017-10-09,5,30,3,33
2017-10-09,6,33,3,36
2017-10-09,7,44,1,45
2017-10-09,8,144,10,154
2017-10-09,9,132,27,159
2017-10-09,10,173,47,220
2017-10-09,11,308,141,449
2017-10-09,12,374,191,565
2017-10-09,13,407,241,648
2017-10-09,14,419,222,641
2017-10-09,15,473,336,809
2017-10-09,16,636,251,887
2017-10-09,17,860,326,1186
2017-10-09,18,839,235,1074
2017-10-09,19,533,159,692
2017-10-09,20,373,102,475
2017-10-09,21,256,90,346
2017-10-09,22,147,69,216
2017-10-09,23,121,37,158
2017-10-10,0,36,22,58
2017-10-10,1,15,11,26
2017-10-10,2,8,6,14
2017-10-10,3,4,1,5
2017-10-10,4,18,6,24
2017-10-10,5,110,2,112
2017-10-10,6,397,17,414
2017-10-10,7,917,65,982
2017-10-10,8,1262,87,1349
2017-10-10,9,512,92,604
2017-10-10,10,247,117,364
2017-10-10,11,275,150,425
2017-10-10,12,334,186,520
2017-10-10,13,375,213,588
2017-10-10,14,336,222,558
2017-10-10,15,445,175,620
2017-10-10,16,734,291,1025
2017-10-10,17,1515,328,1843
2017-10-10,18,1165,250,1415
2017-10-10,19,701,149,850
2017-10-10,20,407,111,518
2017-10-10,21,328,88,416
2017-10-10,22,237,50,287
2017-10-10,23,97,39,136
2017-10-11,0,53,12,65
2017-10-11,1,13,3,16
2017-10-11,2,15,7,22
2017-10-11,3,9,2,11
2017-10-11,4,8,3,11
2017-10-11,5,131,4,135
2017-10-11,6,378,11,389
2017-10-11,7,887,33,920
2017-10-11,8,1217,67,1284
2017-10-11,9,523,67,590
2017-10-11,10,269,69,338
2017-10-11,11,315,142,457
2017-10-11,12,419,96,515
2017-10-11,13,384,143,527
2017-10-11,14,306,122,428
2017-10-11,15,469,150,619
2017-10-11,16,764,122,886
2017-10-11,17,961,133,1094
2017-10-11,18,688,72,760
2017-10-11,19,398,39,437
2017-10-11,20,304,27,331
2017-10-11,21,233,23,256
2017-10-11,22,143,27,170
2017-10-11,23,97,16,113
2017-10-12,0,22,4,26
2017-10-12,1,14,1,15
2017-10-12,2,13,0,13
2017-10-12,3,7,1,8
2017-10-12,4,14,3,17
2017-10-12,5,90,3,93
2017-10-12,6,347,12,359
2017-10-12,7,879,38,917
2017-10-12,8,1211,59,1270
2017-10-12,9,560,65,625
2017-10-12,10,276,111,387
2017-10-12,11,259,100,359
2017-10-12,12,323,128,451
2017-10-12,13,345,104,449
2017-10-12,14,320,172,492
2017-10-12,15,467,162,629
2017-10-12,16,736,160,896
2017-10-12,17,1270,211,1481
2017-10-12,18,1028,127,1155
2017-10-12,19,709,125,834
2017-10-12,20,427,69,496
2017-10-12,21,291,50,341
2017-10-12,22,203,52,255
2017-10-12,23,131,31,162
2017-10-13,0,163,24,187
2017-10-13,1,231,92,323
2017-10-13,2,47,22,69
2017-10-13,3,7,12,19
2017-10-13,4,14,0,14
2017-10-13,5,83,4,87
2017-10-13,6,281,23,304
2017-10-13,7,755,47,802
2017-10-13,8,1268,80,1348
2017-10-13,9,547,92,639
2017-10-13,10,329,138,467
2017-10-13,11,365,151,516
2017-10-13,12,429,185,614
2017-10-13,13,474,187,661
2017-10-13,14,418,229,647
2017-10-13,15,512,279,791
2017-10-13,16,849,272,1121
2017-10-13,17,1111,234,1345
2017-10-13,18,651,124,775
2017-10-13,19,366,112,478
2017-10-13,20,283,59,342
2017-10-13,21,232,74,306
2017-10-13,22,200,92,292
2017-10-13,23,157,65,222
2017-10-14,0,130,50,180
2017-10-14,1,89,44,133
2017-10-14,2,76,51,127
2017-10-14,3,26,27,53
2017-10-14,4,16,15,31
2017-10-14,5,16,1,17
2017-10-14,6,63,8,71
2017-10-14,7,149,28,177
2017-10-14,8,319,75,394
2017-10-14,9,429,165,594
2017-10-14,10,517,273,790
2017-10-14,11,586,373,959
2017-10-14,12,639,416,1055
2017-10-14,13,634,518,1152
2017-10-14,14,664,581,1245
2017-10-14,15,614,596,1210
2017-10-14,16,613,595,1208
2017-10-14,17,643,558,1201
2017-10-14,18,561,438,999
2017-10-14,19,390,236,626
2017-10-14,20,338,200,538
2017-10-14,21,277,130,407
2017-10-14,22,234,109,343
2017-10-14,23,220,85,305
2017-10-15,0,166,65,231
2017-10-15,1,109,54,163
2017-10-15,2,67,28,95
2017-10-15,3,40,13,53
2017-10-15,4,15,12,27
2017-10-15,5,13,4,17
2017-10-15,6,33,5,38
2017-10-15,7,92,19,111
2017-10-15,8,187,80,267
2017-10-15,9,288,131,419
2017-10-15,10,434,262,696
2017-10-15,11,520,344,864
2017-10-15,12,619,385,1004
2017-10-15,13,609,453,1062
2017-10-15,14,619,451,1070
2017-10-15,15,569,514,1083
2017-10-15,16,665,512,1177
2017-10-15,17,692,477,1169
2017-10-15,18,614,380,994
2017-10-15,19,419,263,682
2017-10-15,20,291,154,445
2017-10-15,21,220,96,316
2017-10-15,22,141,77,218
2017-10-15,23,92,35,127
2017-10-16,0,30,21,51
2017-10-16,1,11,3,14
2017-10-16,2,14,11,25
2017-10-16,3,4,5,9
2017-10-16,4,7,2,9
2017-10-16,5,66,0,66
2017-10-16,6,229,8,237
2017-10-16,7,684,21,705
2017-10-16,8,1135,61,1196
2017-10-16,9,514,85,599
2017-10-16,10,260,112,372
2017-10-16,11,277,129,406
2017-10-16,12,413,163,576
2017-10-16,13,422,186,608
2017-10-16,14,327,180,507
2017-10-16,15,454,172,626
2017-10-16,16,830,174,1004
2017-10-16,17,1467,205,1672
2017-10-16,18,1084,152,1236
2017-10-16,19,651,94,745
2017-10-16,20,386,75,461
2017-10-16,21,269,57,326
2017-10-16,22,187,47,234
2017-10-16,23,99,22,121
2017-10-17,0,40,5,45
2017-10-17,1,15,7,22
2017-10-17,2,8,1,9
2017-10-17,3,2,2,4
2017-10-17,4,10,3,13
2017-10-17,5,106,1,107
2017-10-17,6,369,10,379
2017-10-17,7,897,30,927
2017-10-17,8,1329,68,1397
2017-10-17,9,514,54,568
2017-10-17,10,269,86,355
2017-10-17,11,265,87,352
2017-10-17,12,435,114,549
2017-10-17,13,378,131,509
2017-10-17,14,364,173,537
2017-10-17,15,475,149,624
2017-10-17,16,827,173,1000
2017-10-17,17,1523,169,1692
2017-10-17,18,1161,132,1293
2017-10-17,19,652,67,719
2017-10-17,20,384,72,456
2017-10-17,21,296,32,328
2017-10-17,22,198,35,233
2017-10-17,23,124,44,168
2017-10-18,0,46,14,60
2017-10-18,1,12,3,15
2017-10-18,2,13,4,17
2017-10-18,3,4,1,5
2017-10-18,4,14,1,15
2017-10-18,5,118,4,122
2017-10-18,6,362,10,372
2017-10-18,7,885,33,918
2017-10-18,8,1322,54,1376
2017-10-18,9,597,69,666
2017-10-18,10,277,88,365
2017-10-18,11,303,116,419
2017-10-18,12,410,122,532
2017-10-18,13,408,190,598
2017-10-18,14,373,166,539
2017-10-18,15,499,185,684
2017-10-18,16,849,180,1029
2017-10-18,17,1482,219,1701
2017-10-18,18,1151,182,1333
2017-10-18,19,657,142,799
2017-10-18,20,428,77,505
2017-10-18,21,364,74,438
2017-10-18,22,252,60,312
2017-10-18,23,156,29,185
2017-10-19,0,45,15,60
2017-10-19,1,29,8,37
2017-10-19,2,14,9,23
2017-10-19,3,6,0,6
2017-10-19,4,14,3,17
2017-10-19,5,93,1,94
2017-10-19,6,360,16,376
2017-10-19,7,862,21,883
2017-10-19,8,1268,54,1322
2017-10-19,9,571,77,648
2017-10-19,10,287,125,412
2017-10-19,11,305,154,459
2017-10-19,12,429,166,595
2017-10-19,13,401,206,607
2017-10-19,14,391,181,572
2017-10-19,15,503,253,756
2017-10-19,16,804,245,1049
2017-10-19,17,1498,298,1796
2017-10-19,18,1189,193,1382
2017-10-19,19,671,105,776
2017-10-19,20,481,63,544
2017-10-19,21,324,65,389
2017-10-19,22,261,63,324
2017-10-19,23,143,44,187
2017-10-20,0,75,28,103
2017-10-20,1,29,15,44
2017-10-20,2,18,18,36
2017-10-20,3,10,5,15
2017-10-20,4,16,4,20
2017-10-20,5,79,3,82
2017-10-20,6,330,13,343
2017-10-20,7,785,36,821
2017-10-20,8,1263,77,1340
2017-10-20,9,602,145,747
2017-10-20,10,340,164,504
2017-10-20,11,416,238,654
2017-10-20,12,585,227,812
2017-10-20,13,530,250,780
2017-10-20,14,445,296,741
2017-10-20,15,588,333,921
2017-10-20,16,912,323,1235
2017-10-20,17,1315,374,1689
2017-10-20,18,969,231,1200
2017-10-20,19,572,144,716
2017-10-20,20,364,147,511
2017-10-20,21,257,98,355
2017-10-20,22,223,88,311
2017-10-20,23,181,86,267
2017-10-21,0,104,44,148
2017-10-21,1,68,18,86
2017-10-21,2,45,15,60
2017-10-21,3,36,13,49
2017-10-21,4,14,8,22
2017-10-21,5,17,1,18
2017-10-21,6,51,7,58
2017-10-21,7,135,38,173
2017-10-21,8,280,58,338
2017-10-21,9,441,193,634
2017-10-21,10,571,314,885
2017-10-21,11,643,522,1165
2017-10-21,12,680,607,1287
2017-10-21,13,713,657,1370
2017-10-21,14,645,682,1327
2017-10-21,15,669,669,1338
2017-10-21,16,670,719,1389
2017-10-21,17,665,562,1227
2017-10-21,18,557,388,945
2017-10-21,19,440,213,653
2017-10-21,20,269,140,409
2017-10-21,21,227,109,336
2017-10-21,22,193,113,306
2017-10-21,23,173,68,241
2017-10-22,0,140,70,210
2017-10-22,1,87,41,128
2017-10-22,2,71,27,98
2017-10-22,3,45,13,58
2017-10-22,4,18,6,24
2017-10-22,5,18,10,28
2017-10-22,6,68,32,100
2017-10-22,7,113,43,156
2017-10-22,8,270,174,444
2017-10-22,9,417,307,724
2017-10-22,10,607,409,1016
2017-10-22,11,632,471,1103
2017-10-22,12,705,532,1237
2017-10-22,13,650,571,1221
2017-10-22,14,626,585,1211
2017-10-22,15,619,571,1190
2017-10-22,16,634,523,1157
2017-10-22,17,567,482,1049
2017-10-22,18,526,300,826
2017-10-22,19,372,148,520
2017-10-22,20,258,96,354
2017-10-22,21,179,91,270
2017-10-22,22,121,42,163
2017-10-22,23,70,27,97
2017-10-23,0,32,16,48
2017-10-23,1,12,11,23
2017-10-23,2,10,2,12
2017-10-23,3,10,5,15
2017-10-23,4,13,4,17
2017-10-23,5,97,2,99
2017-10-23,6,312,10,322
2017-10-23,7,779,35,814
2017-10-23,8,1062,75,1137
2017-10-23,9,520,115,635
2017-10-23,10,232,176,408
2017-10-23,11,282,215,497
2017-10-23,12,382,231,613
2017-10-23,13,367,227,594
2017-10-23,14,330,256,586
2017-10-23,15,479,253,732
2017-10-23,16,850,223,1073
2017-10-23,17,1427,251,1678
2017-10-23,18,1179,206,1385
2017-10-23,19,665,113,778
2017-10-23,20,418,67,485
2017-10-23,21,264,78,342
2017-10-23,22,165,35,200
2017-10-23,23,96,13,109
2017-10-24,0,33,5,38
2017-10-24,1,13,7,20
2017-10-24,2,8,3,11
2017-10-24,3,2,0,2
2017-10-24,4,14,2,16
2017-10-24,5,97,3,100
2017-10-24,6,354,18,372
2017-10-24,7,915,30,945
2017-10-24,8,1346,80,1426
2017-10-24,9,578,104,682
2017-10-24,10,264,98,362
2017-10-24,11,339,133,472
2017-10-24,12,444,170,614
2017-10-24,13,400,163,563
2017-10-24,14,388,193,581
2017-10-24,15,474,193,667
2017-10-24,16,855,193,1048
2017-10-24,17,1473,258,1731
2017-10-24,18,1228,169,1397
2017-10-24,19,656,114,770
2017-10-24,20,392,71,463
2017-10-24,21,372,74,446
2017-10-24,22,250,51,301
2017-10-24,23,106,16,122
2017-10-25,0,45,11,56
2017-10-25,1,16,6,22
2017-10-25,2,8,3,11
2017-10-25,3,7,2,9
2017-10-25,4,15,1,16
2017-10-25,5,118,3,121
2017-10-25,6,386,11,397
2017-10-25,7,946,33,979
2017-10-25,8,1335,64,1399
2017-10-25,9,589,76,665
2017-10-25,10,289,105,394
2017-10-25,11,346,121,467
2017-10-25,12,453,163,616
2017-10-25,13,419,123,542
2017-10-25,14,362,157,519
2017-10-25,15,470,156,626
2017-10-25,16,778,156,934
2017-10-25,17,1508,183,1691
2017-10-25,18,1168,149,1317
2017-10-25,19,722,83,805
2017-10-25,20,434,67,501
2017-10-25,21,307,45,352
2017-10-25,22,222,41,263
2017-10-25,23,92,27,119
2017-10-26,0,32,8,40
2017-10-26,1,28,3,31
2017-10-26,2,12,4,16
2017-10-26,3,5,1,6
2017-10-26,4,15,3,18
2017-10-26,5,95,4,99
2017-10-26,6,326,12,338
2017-10-26,7,874,37,911
2017-10-26,8,1249,61,1310
2017-10-26,9,526,56,582
2017-10-26,10,255,72,327
2017-10-26,11,315,101,416
2017-10-26,12,416,96,512
2017-10-26,13,360,80,440
2017-10-26,14,366,137,503
2017-10-26,15,471,133,604
2017-10-26,16,772,185,957
2017-10-26,17,1360,197,1557
2017-10-26,18,1100,124,1224
2017-10-26,19,607,87,694
2017-10-26,20,392,66,458
2017-10-26,21,290,57,347
2017-10-26,22,218,33,251
2017-10-26,23,106,21,127
2017-10-27,0,53,11,64
2017-10-27,1,27,6,33
2017-10-27,2,8,6,14
2017-10-27,3,5,2,7
2017-10-27,4,15,4,19
2017-10-27,5,83,4,87
2017-10-27,6,294,7,301
2017-10-27,7,644,23,667
2017-10-27,8,1145,75,1220
2017-10-27,9,612,114,726
2017-10-27,10,300,126,426
2017-10-27,11,358,157,515
2017-10-27,12,523,241,764
2017-10-27,13,500,273,773
2017-10-27,14,475,285,760
2017-10-27,15,594,288,882
2017-10-27,16,874,339,1213
2017-10-27,17,1330,318,1648
2017-10-27,18,926,204,1130
2017-10-27,19,580,122,702
2017-10-27,20,322,66,388
2017-10-27,21,252,61,313
2017-10-27,22,219,73,292
2017-10-27,23,148,57,205
2017-10-28,0,103,35,138
2017-10-28,1,76,24,100
2017-10-28,2,64,25,89
2017-10-28,3,36,10,46
2017-10-28,4,14,10,24
2017-10-28,5,12,1,13
2017-10-28,6,38,7,45
2017-10-28,7,99,6,105
2017-10-28,8,273,45,318
2017-10-28,9,405,163,568
2017-10-28,10,564,313,877
2017-10-28,11,579,447,1026
2017-10-28,12,625,495,1120
2017-10-28,13,647,583,1230
2017-10-28,14,621,617,1238
2017-10-28,15,617,658,1275
2017-10-28,16,558,580,1138
2017-10-28,17,525,522,1047
2017-10-28,18,479,365,844
2017-10-28,19,350,182,532
2017-10-28,20,264,120,384
2017-10-28,21,269,115,384
2017-10-28,22,163,105,268
2017-10-28,23,157,55,212
2017-10-29,0,149,46,195
2017-10-29,1,117,56,173
2017-10-29,2,103,32,135
2017-10-29,3,47,26,73
2017-10-29,4,12,4,16
2017-10-29,5,9,2,11
2017-10-29,6,21,2,23
2017-10-29,7,46,4,50
2017-10-29,8,127,32,159
2017-10-29,9,176,66,242
2017-10-29,10,262,113,375
2017-10-29,11,384,149,533
2017-10-29,12,393,172,565
2017-10-29,13,369,188,557
2017-10-29,14,401,182,583
2017-10-29,15,244,66,310
2017-10-29,16,144,28,172
2017-10-29,17,132,48,180
2017-10-29,18,87,12,99
2017-10-29,19,37,5,42
2017-10-29,20,17,1,18
2017-10-29,21,25,2,27
2017-10-29,22,33,3,36
2017-10-29,23,15,2,17
2017-10-30,0,8,2,10
2017-10-30,1,3,1,4
2017-10-30,2,3,0,3
2017-10-30,3,1,0,1
2017-10-30,4,8,0,8
2017-10-30,5,68,2,70
2017-10-30,6,224,4,228
2017-10-30,7,607,19,626
2017-10-30,8,963,41,1004
2017-10-30,9,432,50,482
2017-10-30,10,196,76,272
2017-10-30,11,229,83,312
2017-10-30,12,349,120,469
2017-10-30,13,301,125,426
2017-10-30,14,291,149,440
2017-10-30,15,399,156,555
2017-10-30,16,737,141,878
2017-10-30,17,1359,184,1543
2017-10-30,18,1022,138,1160
2017-10-30,19,631,74,705
2017-10-30,20,379,42,421
2017-10-30,21,249,36,285
2017-10-30,22,161,10,171
2017-10-30,23,74,8,82
2017-10-31,0,27,8,35
2017-10-31,1,10,4,14
2017-10-31,2,9,3,12
2017-10-31,3,1,1,2
2017-10-31,4,13,1,14
2017-10-31,5,93,2,95
2017-10-31,6,354,13,367
2017-10-31,7,844,21,865
2017-10-31,8,1256,52,1308
2017-10-31,9,472,61,533
2017-10-31,10,264,81,345
2017-10-31,11,329,93,422
2017-10-31,12,399,100,499
2017-10-31,13,367,121,488
2017-10-31,14,367,135,502
2017-10-31,15,529,124,653
2017-10-31,16,930,160,1090
2017-10-31,17,1432,197,1629
2017-10-31,18,1035,94,1129
2017-10-31,19,516,77,593
2017-10-31,20,332,67,399
2017-10-31,21,241,39,280
2017-10-31,22,173,18,191
2017-10-31,23,98,22,120
2017-11-01,0,52,7,59
2017-11-01,1,19,4,23
2017-11-01,2,18,3,21
2017-11-01,3,3,1,4
2017-11-01,4,15,1,16
2017-11-01,5,87,3,90
2017-11-01,6,316,6,322
2017-11-01,7,851,17,868
2017-11-01,8,1203,47,1250
2017-11-01,9,580,34,614
2017-11-01,10,217,51,268
2017-11-01,11,266,65,331
2017-11-01,12,400,72,472
2017-11-01,13,360,89,449
2017-11-01,14,309,83,392
2017-11-01,15,401,102,503
2017-11-01,16,759,117,876
2017-11-01,17,1305,139,1444
2017-11-01,18,1034,85,1119
2017-11-01,19,601,46,647
2017-11-01,20,384,30,414
2017-11-01,21,288,39,327
2017-11-01,22,192,29,221
2017-11-01,23,105,24,129
2017-11-02,0,55,10,65
2017-11-02,1,12,8,20
2017-11-02,2,6,0,6
2017-11-02,3,5,0,5
2017-11-02,4,15,4,19
2017-11-02,5,86,1,87
2017-11-02,6,332,7,339
2017-11-02,7,857,19,876
2017-11-02,8,1285,51,1336
2017-11-02,9,601,61,662
2017-11-02,10,253,92,345
2017-11-02,11,350,95,445
2017-11-02,12,440,117,557
2017-11-02,13,400,150,550
2017-11-02,14,380,197,577
2017-11-02,15,524,182,706
2017-11-02,16,832,174,1006
2017-11-02,17,1500,227,1727
2017-11-02,18,1193,184,1377
2017-11-02,19,662,100,762
2017-11-02,20,454,69,523
2017-11-02,21,357,59,416
2017-11-02,22,296,53,349
2017-11-02,23,147,23,170
2017-11-03,0,66,20,86
2017-11-03,1,33,16,49
2017-11-03,2,18,10,28
2017-11-03,3,11,0,11
2017-11-03,4,13,2,15
2017-11-03,5,79,5,84
2017-11-03,6,255,4,259
2017-11-03,7,728,35,763
2017-11-03,8,1251,79,1330
2017-11-03,9,631,122,753
2017-11-03,10,347,168,515
2017-11-03,11,411,194,605
2017-11-03,12,503,267,770
2017-11-03,13,504,292,796
2017-11-03,14,441,252,693
2017-11-03,15,564,254,818
2017-11-03,16,886,323,1209
2017-11-03,17,1328,310,1638
2017-11-03,18,943,191,1134
2017-11-03,19,574,136,710
2017-11-03,20,371,95,466
2017-11-03,21,303,108,411
2017-11-03,22,266,136,402
2017-11-03,23,159,73,232
2017-11-04,0,125,68,193
2017-11-04,1,74,36,110
2017-11-04,2,49,19,68
2017-11-04,3,24,22,46
2017-11-04,4,12,1,13
2017-11-04,5,15,2,17
2017-11-04,6,43,6,49
2017-11-04,7,117,14,131
2017-11-04,8,257,25,282
2017-11-04,9,342,126,468
2017-11-04,10,476,195,671
2017-11-04,11,514,300,814
2017-11-04,12,574,453,1027
2017-11-04,13,578,447,1025
2017-11-04,14,561,471,1032
2017-11-04,15,578,540,1118
2017-11-04,16,567,442,1009
2017-11-04,17,376,252,628
2017-11-04,18,229,67,296
2017-11-04,19,81,24,105
2017-11-04,20,40,4,44
2017-11-04,21,41,3,44
2017-11-04,22,28,15,43
2017-11-04,23,40,5,45
2017-11-05,0,63,20,83
2017-11-05,1,79,25,104
2017-11-05,2,9,7,16
2017-11-05,3,9,2,11
2017-11-05,4,3,0,3
2017-11-05,5,6,6,12
2017-11-05,6,38,12,50
2017-11-05,7,73,15,88
2017-11-05,8,139,34,173
2017-11-05,9,203,64,267
2017-11-05,10,263,65,328
2017-11-05,11,317,102,419
2017-11-05,12,365,171,536
2017-11-05,13,304,155,459
2017-11-05,14,338,160,498
2017-11-05,15,375,193,568
2017-11-05,16,385,158,543
2017-11-05,17,309,120,429
2017-11-05,18,287,75,362
2017-11-05,19,228,57,285
2017-11-05,20,149,43,192
2017-11-05,21,154,41,195
2017-11-05,22,113,34,147
2017-11-05,23,87,31,118
2017-11-06,0,19,10,29
2017-11-06,1,8,3,11
2017-11-06,2,10,2,12
2017-11-06,3,5,0,5
2017-11-06,4,11,1,12
2017-11-06,5,100,7,107
2017-11-06,6,358,8,366
2017-11-06,7,868,28,896
2017-11-06,8,1080,51,1131
2017-11-06,9,452,50,502
2017-11-06,10,260,92,352
2017-11-06,11,285,145,430
2017-11-06,12,374,128,502
2017-11-06,13,382,121,503
2017-11-06,14,322,156,478
2017-11-06,15,499,161,660
2017-11-06,16,861,166,1027
2017-11-06,17,1223,131,1354
2017-11-06,18,953,64,1017
2017-11-06,19,549,55,604
2017-11-06,20,368,47,415
2017-11-06,21,242,41,283
2017-11-06,22,200,36,236
2017-11-06,23,69,15,84
2017-11-07,0,27,13,40
2017-11-07,1,8,1,9
2017-11-07,2,9,3,12
2017-11-07,3,4,0,4
2017-11-07,4,16,2,18
2017-11-07,5,118,4,122
2017-11-07,6,402,10,412
2017-11-07,7,950,29,979
2017-11-07,8,1299,41,1340
2017-11-07,9,505,38,543
2017-11-07,10,218,43,261
2017-11-07,11,70,11,81
2017-11-07,12,53,6,59
2017-11-07,13,41,0,41
2017-11-07,14,43,1,44
2017-11-07,15,63,1,64
2017-11-07,16,154,10,164
2017-11-07,17,260,3,263
2017-11-07,18,132,4,136
2017-11-07,19,127,3,130
2017-11-07,20,110,2,112
2017-11-07,21,126,7,133
2017-11-07,22,71,14,85
2017-11-07,23,59,1,60
2017-11-08,0,15,3,18
2017-11-08,1,12,5,17
2017-11-08,2,5,5,10
2017-11-08,3,4,1,5
2017-11-08,4,10,1,11
2017-11-08,5,87,5,92
2017-11-08,6,380,8,388
2017-11-08,7,772,21,793
2017-11-08,8,1029,36,1065
2017-11-08,9,440,36,476
2017-11-08,10,202,34,236
2017-11-08,11,242,36,278
2017-11-08,12,306,65,371
2017-11-08,13,326,48,374
2017-11-08,14,283,54,337
2017-11-08,15,363,56,419
2017-11-08,16,677,51,728
2017-11-08,17,1114,64,1178
2017-11-08,18,930,40,970
2017-11-08,19,543,24,567
2017-11-08,20,319,29,348
2017-11-08,21,253,29,282
2017-11-08,22,170,29,199
2017-11-08,23,72,20,92
2017-11-09,0,33,12,45
2017-11-09,1,9,3,12
2017-11-09,2,5,10,15
2017-11-09,3,2,6,8
2017-11-09,4,14,1,15
2017-11-09,5,75,2,77
2017-11-09,6,269,6,275
2017-11-09,7,727,25,752
2017-11-09,8,1144,43,1187
2017-11-09,9,491,46,537
2017-11-09,10,214,32,246
2017-11-09,11,254,56,310
2017-11-09,12,342,73,415
2017-11-09,13,368,87,455
2017-11-09,14,335,101,436
2017-11-09,15,456,98,554
2017-11-09,16,743,106,849
2017-11-09,17,1046,103,1149
2017-11-09,18,867,59,926
2017-11-09,19,483,44,527
2017-11-09,20,194,26,220
2017-11-09,21,229,38,267
2017-11-09,22,176,21,197
2017-11-09,23,111,16,127
2017-11-10,0,60,16,76
2017-11-10,1,24,8,32
2017-11-10,2,11,7,18
2017-11-10,3,9,6,15
2017-11-10,4,15,4,19
2017-11-10,5,33,2,35
2017-11-10,6,138,13,151
2017-11-10,7,323,16,339
2017-11-10,8,615,38,653
2017-11-10,9,366,40,406
2017-11-10,10,274,54,328
2017-11-10,11,347,116,463
2017-11-10,12,343,80,423
2017-11-10,13,359,104,463
2017-11-10,14,331,142,473
2017-11-10,15,336,114,450
2017-11-10,16,451,88,539
2017-11-10,17,568,77,645
2017-11-10,18,411,30,441
2017-11-10,19,244,27,271
2017-11-10,20,165,12,177
2017-11-10,21,124,15,139
2017-11-10,22,99,12,111
2017-11-10,23,80,8,88
2017-11-11,0,38,12,50
2017-11-11,1,37,9,46
2017-11-11,2,27,3,30
2017-11-11,3,8,2,10
2017-11-11,4,12,1,13
2017-11-11,5,7,2,9
2017-11-11,6,29,2,31
2017-11-11,7,78,14,92
2017-11-11,8,120,21,141
2017-11-11,9,233,51,284
2017-11-11,10,267,90,357
2017-11-11,11,335,131,466
2017-11-11,12,364,160,524
2017-11-11,13,388,201,589
2017-11-11,14,398,206,604
2017-11-11,15,327,185,512
2017-11-11,16,312,136,448
2017-11-11,17,257,97,354
2017-11-11,18,208,31,239
2017-11-11,19,191,34,225
2017-11-11,20,130,11,141
2017-11-11,21,106,26,132
2017-11-11,22,97,9,106
2017-11-11,23,77,14,91
2017-11-12,0,67,15,82
2017-11-12,1,44,15,59
2017-11-12,2,29,8,37
2017-11-12,3,16,1,17
2017-11-12,4,13,0,13
2017-11-12,5,4,0,4
2017-11-12,6,30,5,35
2017-11-12,7,69,5,74
2017-11-12,8,111,29,140
2017-11-12,9,222,53,275
2017-11-12,10,261,98,359
2017-11-12,11,333,106,439
2017-11-12,12,370,195,565
2017-11-12,13,336,187,523
2017-11-12,14,390,176,566
2017-11-12,15,356,186,542
2017-11-12,16,394,174,568
2017-11-12,17,331,94,425
2017-11-12,18,269,40,309
2017-11-12,19,177,32,209
2017-11-12,20,139,14,153
2017-11-12,21,128,18,146
2017-11-12,22,95,21,116
2017-11-12,23,36,5,41
2017-11-13,0,8,2,10
2017-11-13,1,10,1,11
2017-11-13,2,2,4,6
2017-11-13,4,7,2,9
2017-11-13,5,61,4,65
2017-11-13,6,256,4,260
2017-11-13,7,676,15,691
2017-11-13,8,945,42,987
2017-11-13,9,453,42,495
2017-11-13,10,214,66,280
2017-11-13,11,234,89,323
2017-11-13,12,290,110,400
2017-11-13,13,308,102,410
2017-11-13,14,295,91,386
2017-11-13,15,381,95,476
2017-11-13,16,646,71,717
2017-11-13,17,1102,84,1186
2017-11-13,18,863,58,921
2017-11-13,19,527,47,574
2017-11-13,20,329,29,358
2017-11-13,21,239,35,274
2017-11-13,22,137,29,166
2017-11-13,23,45,10,55
2017-11-14,0,23,3,26
2017-11-14,1,8,4,12
2017-11-14,2,5,3,8
2017-11-14,3,8,1,9
2017-11-14,4,18,1,19
2017-11-14,5,81,1,82
2017-11-14,6,327,8,335
2017-11-14,7,763,8,771
2017-11-14,8,1239,51,1290
2017-11-14,9,532,57,589
2017-11-14,10,214,57,271
2017-11-14,11,266,58,324
2017-11-14,12,312,59,371
2017-11-14,13,289,55,344
2017-11-14,14,282,64,346
2017-11-14,15,366,65,431
2017-11-14,16,661,67,728
2017-11-14,17,1087,65,1152
2017-11-14,18,878,49,927
2017-11-14,19,488,36,524
2017-11-14,20,344,32,376
2017-11-14,21,231,24,255
2017-11-14,22,181,22,203
2017-11-14,23,84,17,101
2017-11-15,0,30,5,35
2017-11-15,1,10,4,14
2017-11-15,2,10,0,10
2017-11-15,3,4,0,4
2017-11-15,4,15,1,16
2017-11-15,5,95,4,99
2017-11-15,6,318,6,324
2017-11-15,7,814,21,835
2017-11-15,8,1162,41,1203
2017-11-15,9,516,31,547
2017-11-15,10,259,46,305
2017-11-15,11,258,56,314
2017-11-15,12,317,60,377
2017-11-15,13,327,72,399
2017-11-15,14,282,94,376
2017-11-15,15,406,57,463
2017-11-15,16,647,67,714
2017-11-15,17,1116,75,1191
2017-11-15,18,920,63,983
2017-11-15,19,526,31,557
2017-11-15,20,360,29,389
2017-11-15,21,285,11,296
2017-11-15,22,208,19,227
2017-11-15,23,92,15,107
2017-11-16,0,43,12,55
2017-11-16,1,11,3,14
2017-11-16,2,8,1,9
2017-11-16,3,5,0,5
2017-11-16,4,19,0,19
2017-11-16,5,87,2,89
2017-11-16,6,323,14,337
2017-11-16,7,816,28,844
2017-11-16,8,1184,50,1234
2017-11-16,9,498,63,561
2017-11-16,10,241,66,307
2017-11-16,11,290,79,369
2017-11-16,12,390,92,482
2017-11-16,13,311,111,422
2017-11-16,14,323,123,446
2017-11-16,15,455,105,560
2017-11-16,16,672,91,763
2017-11-16,17,1084,103,1187
2017-11-16,18,902,71,973
2017-11-16,19,552,38,590
2017-11-16,20,360,25,385
2017-11-16,21,221,33,254
2017-11-16,22,159,19,178
2017-11-16,23,103,14,117
2017-11-17,0,43,11,54
2017-11-17,1,25,4,29
2017-11-17,2,7,2,9
2017-11-17,3,5,2,7
2017-11-17,4,15,1,16
2017-11-17,5,85,2,87
2017-11-17,6,271,7,278
2017-11-17,7,657,27,684
2017-11-17,8,1075,45,1120
2017-11-17,9,490,64,554
2017-11-17,10,256,68,324
2017-11-17,11,309,93,402
2017-11-17,12,410,112,522
2017-11-17,13,399,101,500
2017-11-17,14,369,130,499
2017-11-17,15,477,160,637
2017-11-17,16,646,140,786
2017-11-17,17,958,117,1075
2017-11-17,18,696,50,746
2017-11-17,19,405,48,453
2017-11-17,20,216,39,255
2017-11-17,21,180,33,213
2017-11-17,22,137,32,169
2017-11-17,23,98,24,122
2017-11-18,0,89,26,115
2017-11-18,1,49,17,66
2017-11-18,2,37,8,45
2017-11-18,3,14,1,15
2017-11-18,4,6,2,8
2017-11-18,5,10,1,11
2017-11-18,6,30,6,36
2017-11-18,7,111,16,127
2017-11-18,8,206,44,250
2017-11-18,9,320,62,382
2017-11-18,10,396,142,538
2017-11-18,11,463,159,622
2017-11-18,12,499,232,731
2017-11-18,13,452,331,783
2017-11-18,14,416,306,722
2017-11-18,15,381,225,606
2017-11-18,16,360,210,570
2017-11-18,17,368,187,555
2017-11-18,18,258,118,376
2017-11-18,19,271,77,348
2017-11-18,20,189,79,268
2017-11-18,21,144,49,193
2017-11-18,22,125,51,176
2017-11-18,23,125,87,212
2017-11-19,0,98,37,135
2017-11-19,1,40,10,50
2017-11-19,2,32,8,40
2017-11-19,3,16,14,30
2017-11-19,4,9,4,13
2017-11-19,5,7,1,8
2017-11-19,6,22,6,28
2017-11-19,7,56,15,71
2017-11-19,8,136,36,172
2017-11-19,9,224,79,303
2017-11-19,10,352,99,451
2017-11-19,11,393,177,570
2017-11-19,12,440,225,665
2017-11-19,13,401,157,558
2017-11-19,14,409,161,570
2017-11-19,15,392,121,513
2017-11-19,16,364,88,452
2017-11-19,17,304,72,376
2017-11-19,18,230,34,264
2017-11-19,19,167,19,186
2017-11-19,20,137,21,158
2017-11-19,21,110,10,120
2017-11-19,22,73,14,87
2017-11-19,23,74,17,91
2017-11-20,0,21,6,27
2017-11-20,1,11,5,16
2017-11-20,2,3,0,3
2017-11-20,3,1,1,2
2017-11-20,4,9,0,9
2017-11-20,5,75,2,77
2017-11-20,6,264,4,268
2017-11-20,7,681,14,695
2017-11-20,8,962,33,995
2017-11-20,9,384,42,426
2017-11-20,10,212,63,275
2017-11-20,11,224,61,285
2017-11-20,12,282,84,366
2017-11-20,13,283,89,372
2017-11-20,14,269,108,377
2017-11-20,15,377,130,507
2017-11-20,16,626,121,747
2017-11-20,17,1027,82,1109
2017-11-20,18,815,52,867
2017-11-20,19,447,22,469
2017-11-20,20,278,29,307
2017-11-20,21,209,20,229
2017-11-20,22,113,25,138
2017-11-20,23,53,16,69
2017-11-21,0,37,11,48
2017-11-21,1,9,1,10
2017-11-21,2,3,2,5
2017-11-21,3,2,0,2
2017-11-21,4,11,3,14
2017-11-21,5,75,1,76
2017-11-21,6,274,10,284
2017-11-21,7,707,15,722
2017-11-21,8,1063,25,1088
2017-11-21,9,500,29,529
2017-11-21,10,237,64,301
2017-11-21,11,270,115,385
2017-11-21,12,346,103,449
2017-11-21,13,360,108,468
2017-11-21,14,294,105,399
2017-11-21,15,425,161,586
2017-11-21,16,646,122,768
2017-11-21,17,971,118,1089
2017-11-21,18,782,68,850
2017-11-21,19,478,43,521
2017-11-21,20,258,46,304
2017-11-21,21,203,31,234
2017-11-21,22,127,16,143
2017-11-21,23,80,23,103
2017-11-22,0,29,10,39
2017-11-22,1,14,6,20
2017-11-22,2,4,3,7
2017-11-22,3,5,0,5
2017-11-22,4,8,0,8
2017-11-22,5,85,6,91
2017-11-22,6,206,4,210
2017-11-22,7,502,17,519
2017-11-22,8,780,28,808
2017-11-22,9,439,41,480
2017-11-22,10,263,64,327
2017-11-22,11,267,87,354
2017-11-22,12,354,106,460
2017-11-22,13,442,127,569
2017-11-22,14,486,105,591
2017-11-22,15,583,116,699
2017-11-22,16,548,77,625
2017-11-22,17,450,73,523
2017-11-22,18,277,33,310
2017-11-22,19,190,25,215
2017-11-22,20,120,15,135
2017-11-22,21,69,9,78
2017-11-22,22,66,7,73
2017-11-22,23,56,6,62
2017-11-23,0,36,3,39
2017-11-23,1,22,1,23
2017-11-23,2,14,6,20
2017-11-23,3,9,2,11
2017-11-23,4,6,3,9
2017-11-23,5,10,1,11
2017-11-23,6,24,1,25
2017-11-23,7,66,15,81
2017-11-23,8,117,26,143
2017-11-23,9,133,49,182
2017-11-23,10,147,104,251
2017-11-23,11,203,144,347
2017-11-23,12,189,122,311
2017-11-23,13,168,153,321
2017-11-23,14,154,160,314
2017-11-23,15,139,200,339
2017-11-23,16,106,107,213
2017-11-23,17,71,60,131
2017-11-23,18,38,62,100
2017-11-23,19,49,26,75
2017-11-23,20,44,2,46
2017-11-23,21,25,5,30
2017-11-23,22,34,6,40
2017-11-23,23,37,8,45
2017-11-24,0,20,8,28
2017-11-24,1,9,3,12
2017-11-24,2,6,0,6
2017-11-24,3,2,0,2
2017-11-24,4,3,1,4
2017-11-24,5,8,1,9
2017-11-24,6,49,7,56
2017-11-24,7,102,9,111
2017-11-24,8,122,22,144
2017-11-24,9,156,58,214
2017-11-24,10,146,123,269
2017-11-24,11,197,182,379
2017-11-24,12,215,227,442
2017-11-24,13,257,290,547
2017-11-24,14,298,354,652
2017-11-24,15,314,297,611
2017-11-24,16,317,265,582
2017-11-24,17,273,168,441
2017-11-24,18,174,64,238
2017-11-24,19,142,78,220
2017-11-24,20,90,39,129
2017-11-24,21,86,29,115
2017-11-24,22,72,20,92
2017-11-24,23,60,20,80
2017-11-25,0,29,7,36
2017-11-25,1,32,13,45
2017-11-25,2,19,6,25
2017-11-25,3,5,0,5
2017-11-25,4,2,2,4
2017-11-25,5,7,3,10
2017-11-25,6,19,2,21
2017-11-25,7,66,9,75
2017-11-25,8,89,29,118
2017-11-25,9,194,117,311
2017-11-25,10,234,189,423
2017-11-25,11,312,289,601
2017-11-25,12,371,355,726
2017-11-25,13,352,449,801
2017-11-25,14,417,424,841
2017-11-25,15,402,386,788
2017-11-25,16,338,352,690
2017-11-25,17,297,192,489
2017-11-25,18,224,114,338
2017-11-25,19,188,85,273
2017-11-25,20,105,64,169
2017-11-25,21,120,36,156
2017-11-25,22,85,43,128
2017-11-25,23,75,29,104
2017-11-26,0,52,16,68
2017-11-26,1,28,17,45
2017-11-26,2,29,14,43
2017-11-26,3,15,3,18
2017-11-26,4,7,0,7
2017-11-26,5,8,0,8
2017-11-26,6,24,3,27
2017-11-26,7,45,8,53
2017-11-26,8,107,13,120
2017-11-26,9,201,54,255
2017-11-26,10,271,102,373
2017-11-26,11,295,157,452
2017-11-26,12,346,175,521
2017-11-26,13,381,151,532
2017-11-26,14,336,173,509
2017-11-26,15,363,155,518
2017-11-26,16,331,118,449
2017-11-26,17,296,63,359
2017-11-26,18,237,35,272
2017-11-26,19,201,27,228
2017-11-26,20,144,27,171
2017-11-26,21,91,17,108
2017-11-26,22,58,8,66
2017-11-26,23,35,6,41
2017-11-27,0,20,4,24
2017-11-27,1,9,0,9
2017-11-27,2,4,1,5
2017-11-27,3,2,0,2
2017-11-27,4,15,1,16
2017-11-27,5,83,1,84
2017-11-27,6,248,6,254
2017-11-27,7,675,18,693
2017-11-27,8,1066,32,1098
2017-11-27,9,399,50,449
2017-11-27,10,182,42,224
2017-11-27,11,235,62,297
2017-11-27,12,302,67,369
2017-11-27,13,332,72,404
2017-11-27,14,296,74,370
2017-11-27,15,403,103,506
2017-11-27,16,674,70,744
2017-11-27,17,1108,82,1190
2017-11-27,18,888,59,947
2017-11-27,19,530,35,565
2017-11-27,20,302,27,329
2017-11-27,21,206,11,217
2017-11-27,22,125,16,141
2017-11-27,23,50,13,63
2017-11-28,0,23,4,27
2017-11-28,1,11,2,13
2017-11-28,2,6,4,10
2017-11-28,4,16,3,19
2017-11-28,5,77,0,77
2017-11-28,6,310,6,316
2017-11-28,7,835,22,857
2017-11-28,8,1219,33,1252
2017-11-28,9,514,44,558
2017-11-28,10,244,35,279
2017-11-28,11,242,47,289
2017-11-28,12,320,66,386
2017-11-28,13,311,68,379
2017-11-28,14,279,68,347
2017-11-28,15,387,93,480
2017-11-28,16,695,74,769
2017-11-28,17,1111,72,1183
2017-11-28,18,954,46,1000
2017-11-28,19,544,37,581
2017-11-28,20,339,30,369
2017-11-28,21,215,19,234
2017-11-28,22,161,19,180
2017-11-28,23,68,3,71
2017-11-29,0,25,3,28
2017-11-29,1,6,3,9
2017-11-29,2,3,1,4
2017-11-29,3,5,0,5
2017-11-29,4,13,1,14
2017-11-29,5,98,3,101
2017-11-29,6,299,7,306
2017-11-29,7,808,25,833
2017-11-29,8,1258,38,1296
2017-11-29,9,518,43,561
2017-11-29,10,253,45,298
2017-11-29,11,266,46,312
2017-11-29,12,378,63,441
2017-11-29,13,358,64,422
2017-11-29,14,312,81,393
2017-11-29,15,437,78,515
2017-11-29,16,680,74,754
2017-11-29,17,1199,84,1283
2017-11-29,18,892,66,958
2017-11-29,19,573,40,613
2017-11-29,20,397,26,423
2017-11-29,21,236,32,268
2017-11-29,22,165,13,178
2017-11-29,23,106,38,144
2017-11-30,0,54,10,64
2017-11-30,1,13,4,17
2017-11-30,2,10,2,12
2017-11-30,3,0,2,2
2017-11-30,4,17,1,18
2017-11-30,5,89,2,91
2017-11-30,6,315,1,316
2017-11-30,7,786,22,808
2017-11-30,8,1229,40,1269
2017-11-30,9,517,37,554
2017-11-30,10,286,51,337
2017-11-30,11,263,58,321
2017-11-30,12,400,64,464
2017-11-30,13,323,86,409
2017-11-30,14,309,98,407
2017-11-30,15,477,107,584
2017-11-30,16,716,89,805
2017-11-30,17,1146,72,1218
2017-11-30,18,857,69,926
2017-11-30,19,585,55,640
2017-11-30,20,389,27,416
2017-11-30,21,180,26,206
2017-11-30,22,170,12,182
2017-11-30,23,95,7,102
2017-12-01,0,41,8,49
2017-12-01,1,23,4,27
2017-12-01,2,9,2,11
2017-12-01,3,2,5,7
2017-12-01,4,13,2,15
2017-12-01,5,78,1,79
2017-12-01,6,275,5,280
2017-12-01,7,646,23,669
2017-12-01,8,1138,49,1187
2017-12-01,9,476,50,526
2017-12-01,10,256,47,303
2017-12-01,11,286,73,359
2017-12-01,12,357,81,438
2017-12-01,13,399,119,518
2017-12-01,14,366,121,487
2017-12-01,15,460,102,562
2017-12-01,16,709,114,823
2017-12-01,17,1084,88,1172
2017-12-01,18,750,58,808
2017-12-01,19,448,45,493
2017-12-01,20,268,29,297
2017-12-01,21,191,28,219
2017-12-01,22,170,25,195
2017-12-01,23,120,15,135
2017-12-02,0,92,14,106
2017-12-02,1,57,19,76
2017-12-02,2,51,12,63
2017-12-02,3,22,4,26
2017-12-02,4,4,2,6
2017-12-02,5,7,2,9
2017-12-02,6,29,4,33
2017-12-02,7,90,4,94
2017-12-02,8,193,37,230
2017-12-02,9,311,32,343
2017-12-02,10,429,105,534
2017-12-02,11,443,172,615
2017-12-02,12,500,178,678
2017-12-02,13,459,251,710
2017-12-02,14,433,224,657
2017-12-02,15,485,243,728
2017-12-02,16,444,234,678
2017-12-02,17,415,179,594
2017-12-02,18,328,78,406
2017-12-02,19,231,37,268
2017-12-02,20,188,35,223
2017-12-02,21,149,21,170
2017-12-02,22,137,26,163
2017-12-02,23,133,17,150
2017-12-03,0,101,17,118
2017-12-03,1,74,13,87
2017-12-03,2,45,15,60
2017-12-03,3,22,11,33
2017-12-03,4,9,3,12
2017-12-03,5,8,0,8
2017-12-03,6,20,2,22
2017-12-03,7,43,7,50
2017-12-03,8,120,23,143
2017-12-03,9,208,69,277
2017-12-03,10,348,124,472
2017-12-03,11,386,135,521
2017-12-03,12,487,170,657
2017-12-03,13,507,198,705
2017-12-03,14,476,246,722
2017-12-03,15,486,216,702
2017-12-03,16,444,141,585
2017-12-03,17,378,89,467
2017-12-03,18,298,45,343
2017-12-03,19,221,38,259
2017-12-03,20,155,24,179
2017-12-03,21,118,18,136
2017-12-03,22,77,17,94
2017-12-03,23,50,7,57
2017-12-04,0,25,7,32
2017-12-04,1,3,1,4
2017-12-04,2,5,0,5
2017-12-04,3,3,1,4
2017-12-04,4,12,0,12
2017-12-04,5,76,1,77
2017-12-04,6,303,7,310
2017-12-04,7,659,16,675
2017-12-04,8,1037,27,1064
2017-12-04,9,410,39,449
2017-12-04,10,210,35,245
2017-12-04,11,228,44,272
2017-12-04,12,311,48,359
2017-12-04,13,269,54,323
2017-12-04,14,267,81,348
2017-12-04,15,373,77,450
2017-12-04,16,640,69,709
2017-12-04,17,1109,58,1167
2017-12-04,18,931,45,976
2017-12-04,19,553,38,591
2017-12-04,20,314,16,330
2017-12-04,21,231,28,259
2017-12-04,22,134,16,150
2017-12-04,23,61,13,74
2017-12-05,0,32,11,43
2017-12-05,1,5,7,12
2017-12-05,2,7,4,11
2017-12-05,3,4,4,8
2017-12-05,4,18,0,18
2017-12-05,5,74,2,76
2017-12-05,6,309,8,317
2017-12-05,7,782,19,801
2017-12-05,8,1222,40,1262
2017-12-05,9,462,29,491
2017-12-05,10,196,32,228
2017-12-05,11,250,33,283
2017-12-05,12,315,63,378
2017-12-05,13,315,46,361
2017-12-05,14,268,58,326
2017-12-05,15,398,58,456
2017-12-05,16,677,54,731
2017-12-05,17,1004,58,1062
2017-12-05,18,602,25,627
2017-12-05,19,205,12,217
2017-12-05,20,151,11,162
2017-12-05,21,197,9,206
2017-12-05,22,102,13,115
2017-12-05,23,97,4,101
2017-12-06,0,34,6,40
2017-12-06,1,16,1,17
2017-12-06,2,4,1,5
2017-12-06,3,2,1,3
2017-12-06,4,16,1,17
2017-12-06,5,89,1,90
2017-12-06,6,287,8,295
2017-12-06,7,745,19,764
2017-12-06,8,1060,28,1088
2017-12-06,9,466,27,493
2017-12-06,10,199,27,226
2017-12-06,11,195,33,228
2017-12-06,12,308,31,339
2017-12-06,13,290,40,330
2017-12-06,14,249,34,283
2017-12-06,15,356,28,384
2017-12-06,16,597,42,639
2017-12-06,17,941,45,986
2017-12-06,18,874,47,921
2017-12-06,19,487,27,514
2017-12-06,20,367,16,383
2017-12-06,21,223,16,239
2017-12-06,22,149,17,166
2017-12-06,23,74,17,91
2017-12-07,0,41,10,51
2017-12-07,1,13,4,17
2017-12-07,2,5,2,7
2017-12-07,3,2,3,5
2017-12-07,4,14,2,16
2017-12-07,5,82,1,83
2017-12-07,6,277,5,282
2017-12-07,7,752,18,770
2017-12-07,8,1084,37,1121
2017-12-07,9,482,41,523
2017-12-07,10,211,28,239
2017-12-07,11,239,53,292
2017-12-07,12,282,44,326
2017-12-07,13,250,38,288
2017-12-07,14,291,57,348
2017-12-07,15,336,70,406
2017-12-07,16,593,52,645
2017-12-07,17,964,66,1030
2017-12-07,18,837,54,891
2017-12-07,19,517,35,552
2017-12-07,20,292,22,314
2017-12-07,21,238,15,253
2017-12-07,22,148,14,162
2017-12-07,23,86,14,100
2017-12-08,0,26,3,29
2017-12-08,1,17,2,19
2017-12-08,2,15,1,16
2017-12-08,3,10,0,10
2017-12-08,4,17,1,18
2017-12-08,5,73,1,74
2017-12-08,6,247,8,255
2017-12-08,7,556,20,576
2017-12-08,8,963,29,992
2017-12-08,9,515,36,551
2017-12-08,10,244,44,288
2017-12-08,11,245,52,297
2017-12-08,12,305,58,363
2017-12-08,13,310,45,355
2017-12-08,14,297,56,353
2017-12-08,15,377,43,420
2017-12-08,16,576,80,656
2017-12-08,17,807,46,853
2017-12-08,18,581,34,615
2017-12-08,19,374,27,401
2017-12-08,20,226,34,260
2017-12-08,21,170,27,197
2017-12-08,22,136,28,164
2017-12-08,23,101,18,119
2017-12-09,0,73,10,83
2017-12-09,1,45,9,54
2017-12-09,2,41,3,44
2017-12-09,3,17,2,19
2017-12-09,4,4,4,8
2017-12-09,5,6,1,7
2017-12-09,6,15,1,16
2017-12-09,7,73,6,79
2017-12-09,8,131,6,137
2017-12-09,9,158,8,166
2017-12-09,10,165,11,176
2017-12-09,11,165,6,171
2017-12-09,12,162,22,184
2017-12-09,13,157,18,175
2017-12-09,14,126,9,135
2017-12-09,15,126,9,135
2017-12-09,16,130,14,144
2017-12-09,17,122,11,133
2017-12-09,18,95,5,100
2017-12-09,19,87,8,95
2017-12-09,20,86,10,96
2017-12-09,21,56,2,58
2017-12-09,22,63,9,72
2017-12-09,23,59,0,59
2017-12-10,0,44,4,48
2017-12-10,1,44,6,50
2017-12-10,2,19,2,21
2017-12-10,3,19,2,21
2017-12-10,4,12,1,13
2017-12-10,5,9,1,10
2017-12-10,6,20,1,21
2017-12-10,7,71,7,78
2017-12-10,8,97,9,106
2017-12-10,9,145,18,163
2017-12-10,10,236,38,274
2017-12-10,11,278,42,320
2017-12-10,12,299,54,353
2017-12-10,13,293,65,358
2017-12-10,14,301,65,366
2017-12-10,15,335,67,402
2017-12-10,16,343,54,397
2017-12-10,17,260,42,302
2017-12-10,18,238,27,265
2017-12-10,19,175,26,201
2017-12-10,20,103,17,120
2017-12-10,21,116,15,131
2017-12-10,22,73,14,87
2017-12-10,23,42,2,44
2017-12-11,0,26,2,28
2017-12-11,1,4,1,5
2017-12-11,2,4,0,4
2017-12-11,3,1,0,1
2017-12-11,4,9,1,10
2017-12-11,5,73,1,74
2017-12-11,6,226,3,229
2017-12-11,7,627,12,639
2017-12-11,8,1015,23,1038
2017-12-11,9,424,31,455
2017-12-11,10,197,29,226
2017-12-11,11,206,46,252
2017-12-11,12,292,39,331
2017-12-11,13,295,39,334
2017-12-11,14,257,53,310
2017-12-11,15,320,56,376
2017-12-11,16,543,39,582
2017-12-11,17,1001,25,1026
2017-12-11,18,783,30,813
2017-12-11,19,445,26,471
2017-12-11,20,270,16,286
2017-12-11,21,205,15,220
2017-12-11,22,100,4,104
2017-12-11,23,51,6,57
2017-12-12,0,24,5,29
2017-12-12,1,10,3,13
2017-12-12,2,6,1,7
2017-12-12,3,3,0,3
2017-12-12,4,8,0,8
2017-12-12,5,86,1,87
2017-12-12,6,277,5,282
2017-12-12,7,710,8,718
2017-12-12,8,1175,39,1214
2017-12-12,9,496,41,537
2017-12-12,10,194,41,235
2017-12-12,11,224,44,268
2017-12-12,12,266,43,309
2017-12-12,13,256,36,292
2017-12-12,14,214,41,255
2017-12-12,15,328,37,365
2017-12-12,16,521,40,561
2017-12-12,17,909,31,940
2017-12-12,18,739,22,761
2017-12-12,19,346,12,358
2017-12-12,20,209,7,216
2017-12-12,21,141,4,145
2017-12-12,22,81,3,84
2017-12-12,23,38,0,38
2017-12-13,0,21,0,21
2017-12-13,1,4,2,6
2017-12-13,2,7,0,7
2017-12-13,3,5,0,5
2017-12-13,4,6,0,6
2017-12-13,5,52,0,52
2017-12-13,6,196,1,197
2017-12-13,7,448,13,461
2017-12-13,8,828,20,848
2017-12-13,9,368,17,385
2017-12-13,10,165,12,177
2017-12-13,11,152,11,163
2017-12-13,12,190,9,199
2017-12-13,13,185,13,198
2017-12-13,14,184,17,201
2017-12-13,15,245,14,259
2017-12-13,16,410,17,427
2017-12-13,17,717,25,742
2017-12-13,18,559,17,576
2017-12-13,19,331,12,343
2017-12-13,20,197,8,205
2017-12-13,21,177,3,180
2017-12-13,22,114,8,122
2017-12-13,23,71,3,74
2017-12-14,0,27,1,28
2017-12-14,1,13,4,17
2017-12-14,2,3,1,4
2017-12-14,3,3,2,5
2017-12-14,4,7,0,7
2017-12-14,5,65,4,69
2017-12-14,6,254,1,255
2017-12-14,7,598,13,611
2017-12-14,8,1004,23,1027
2017-12-14,9,409,22,431
2017-12-14,10,182,15,197
2017-12-14,11,184,22,206
2017-12-14,12,244,16,260
2017-12-14,13,243,21,264
2017-12-14,14,227,27,254
2017-12-14,15,336,33,369
2017-12-14,16,471,33,504
2017-12-14,17,789,34,823
2017-12-14,18,664,16,680
2017-12-14,19,387,19,406
2017-12-14,20,227,10,237
2017-12-14,21,197,12,209
2017-12-14,22,139,7,146
2017-12-14,23,76,7,83
2017-12-15,0,47,2,49
2017-12-15,1,31,2,33
2017-12-15,2,11,2,13
2017-12-15,3,1,2,3
2017-12-15,4,8,1,9
2017-12-15,5,58,1,59
2017-12-15,6,199,2,201
2017-12-15,7,466,12,478
2017-12-15,8,842,23,865
2017-12-15,9,456,16,472
2017-12-15,10,198,15,213
2017-12-15,11,230,8,238
2017-12-15,12,228,29,257
2017-12-15,13,175,17,192
2017-12-15,14,141,10,151
2017-12-15,15,198,10,208
2017-12-15,16,256,5,261
2017-12-15,17,399,7,406
2017-12-15,18,299,11,310
2017-12-15,19,177,2,179
2017-12-15,20,102,8,110
2017-12-15,21,114,2,116
2017-12-15,22,75,7,82
2017-12-15,23,56,4,60
2017-12-16,0,39,6,45
2017-12-16,1,36,3,39
2017-12-16,2,27,4,31
2017-12-16,3,16,2,18
2017-12-16,4,5,0,5
2017-12-16,5,6,1,7
2017-12-16,6,20,1,21
2017-12-16,7,75,2,77
2017-12-16,8,144,8,152
2017-12-16,9,190,25,215
2017-12-16,10,278,47,325
2017-12-16,11,355,69,424
2017-12-16,12,386,87,473
2017-12-16,13,333,93,426
2017-12-16,14,375,115,490
2017-12-16,15,387,126,513
2017-12-16,16,368,92,460
2017-12-16,17,310,77,387
2017-12-16,18,257,29,286
2017-12-16,19,206,28,234
2017-12-16,20,129,23,152
2017-12-16,21,99,38,137
2017-12-16,22,118,28,146
2017-12-16,23,94,27,121
2017-12-17,0,69,7,76
2017-12-17,1,55,5,60
2017-12-17,2,33,3,36
2017-12-17,3,23,2,25
2017-12-17,4,9,0,9
2017-12-17,5,9,0,9
2017-12-17,6,14,2,16
2017-12-17,7,47,4,51
2017-12-17,8,126,7,133
2017-12-17,9,176,47,223
2017-12-17,10,275,54,329
2017-12-17,11,319,87,406
2017-12-17,12,407,118,525
2017-12-17,13,386,101,487
2017-12-17,14,394,123,517
2017-12-17,15,360,110,470
2017-12-17,16,361,80,441
2017-12-17,17,282,92,374
2017-12-17,18,227,33,260
2017-12-17,19,213,25,238
2017-12-17,20,147,32,179
2017-12-17,21,112,29,141
2017-12-17,22,85,5,90
2017-12-17,23,44,2,46
2017-12-18,0,21,6,27
2017-12-18,1,11,8,19
2017-12-18,2,15,2,17
2017-12-18,3,8,1,9
2017-12-18,4,12,1,13
2017-12-18,5,64,1,65
2017-12-18,6,248,7,255
2017-12-18,7,614,10,624
2017-12-18,8,1054,52,1106
2017-12-18,9,543,48,591
2017-12-18,10,223,37,260
2017-12-18,11,254,76,330
2017-12-18,12,338,91,429
2017-12-18,13,309,89,398
2017-12-18,14,276,131,407
2017-12-18,15,358,87,445
2017-12-18,16,600,88,688
2017-12-18,17,1006,75,1081
2017-12-18,18,814,60,874
2017-12-18,19,480,51,531
2017-12-18,20,265,38,303
2017-12-18,21,209,39,248
2017-12-18,22,131,31,162
2017-12-18,23,76,20,96
2017-12-19,0,50,10,60
2017-12-19,1,7,5,12
2017-12-19,2,7,0,7
2017-12-19,3,5,2,7
2017-12-19,4,14,1,15
2017-12-19,5,78,8,86
2017-12-19,6,290,8,298
2017-12-19,7,681,16,697
2017-12-19,8,1177,44,1221
2017-12-19,9,498,37,535
2017-12-19,10,238,74,312
2017-12-19,11,325,94,419
2017-12-19,12,369,114,483
2017-12-19,13,344,127,471
2017-12-19,14,329,120,449
2017-12-19,15,444,141,585
2017-12-19,16,624,103,727
2017-12-19,17,1052,113,1165
2017-12-19,18,859,77,936
2017-12-19,19,512,43,555
2017-12-19,20,312,37,349
2017-12-19,21,227,47,274
2017-12-19,22,157,20,177
2017-12-19,23,71,9,80
2017-12-20,0,39,13,52
2017-12-20,1,11,4,15
2017-12-20,2,10,0,10
2017-12-20,3,7,1,8
2017-12-20,4,11,4,15
2017-12-20,5,90,3,93
2017-12-20,6,275,3,278
2017-12-20,7,680,26,706
2017-12-20,8,1012,31,1043
2017-12-20,9,503,34,537
2017-12-20,10,229,51,280
2017-12-20,11,259,67,326
2017-12-20,12,324,73,397
2017-12-20,13,306,50,356
2017-12-20,14,287,69,356
2017-12-20,15,371,74,445
2017-12-20,16,554,74,628
2017-12-20,17,881,73,954
2017-12-20,18,679,32,711
2017-12-20,19,379,49,428
2017-12-20,20,233,19,252
2017-12-20,21,163,21,184
2017-12-20,22,147,24,171
2017-12-20,23,68,23,91
2017-12-21,0,30,12,42
2017-12-21,1,17,3,20
2017-12-21,2,6,2,8
2017-12-21,3,5,0,5
2017-12-21,4,9,2,11
2017-12-21,5,65,1,66
2017-12-21,6,206,2,208
2017-12-21,7,491,11,502
2017-12-21,8,835,28,863
2017-12-21,9,402,45,447
2017-12-21,10,216,34,250
2017-12-21,11,238,67,305
2017-12-21,12,327,79,406
2017-12-21,13,260,68,328
2017-12-21,14,291,58,349
2017-12-21,15,370,66,436
2017-12-21,16,508,57,565
2017-12-21,17,744,58,802
2017-12-21,18,527,22,549
2017-12-21,19,300,25,325
2017-12-21,20,167,12,179
2017-12-21,21,142,18,160
2017-12-21,22,106,8,114
2017-12-21,23,59,5,64
2017-12-22,0,41,4,45
2017-12-22,1,11,5,16
2017-12-22,2,7,2,9
2017-12-22,3,9,0,9
2017-12-22,4,7,2,9
2017-12-22,5,48,1,49
2017-12-22,6,159,5,164
2017-12-22,7,302,12,314
2017-12-22,8,524,20,544
2017-12-22,9,344,31,375
2017-12-22,10,217,45,262
2017-12-22,11,262,93,355
2017-12-22,12,334,66,400
2017-12-22,13,395,90,485
2017-12-22,14,414,107,521
2017-12-22,15,507,106,613
2017-12-22,16,415,93,508
2017-12-22,17,374,80,454
2017-12-22,18,294,52,346
2017-12-22,19,141,28,169
2017-12-22,20,125,33,158
2017-12-22,21,102,29,131
2017-12-22,22,100,30,130
2017-12-22,23,64,29,93
2017-12-23,0,37,3,40
2017-12-23,1,24,10,34
2017-12-23,2,18,3,21
2017-12-23,3,7,6,13
2017-12-23,4,5,1,6
2017-12-23,5,7,0,7
2017-12-23,6,24,1,25
2017-12-23,7,52,8,60
2017-12-23,8,79,12,91
2017-12-23,9,153,47,200
2017-12-23,10,171,57,228
2017-12-23,11,197,69,266
2017-12-23,12,206,59,265
2017-12-23,13,206,48,254
2017-12-23,14,148,72,220
2017-12-23,15,106,29,135
2017-12-23,16,131,47,178
2017-12-23,17,77,17,94
2017-12-23,18,34,3,37
2017-12-23,19,51,11,62
2017-12-23,20,49,4,53
2017-12-23,21,44,11,55
2017-12-23,22,43,17,60
2017-12-23,23,36,24,60
2017-12-24,0,26,3,29
2017-12-24,1,17,7,24
2017-12-24,2,15,6,21
2017-12-24,3,10,2,12
2017-12-24,4,10,3,13
2017-12-24,5,4,0,4
2017-12-24,6,16,0,16
2017-12-24,7,24,0,24
2017-12-24,8,60,23,83
2017-12-24,9,99,23,122
2017-12-24,10,135,47,182
2017-12-24,11,159,46,205
2017-12-24,12,159,47,206
2017-12-24,13,147,43,190
2017-12-24,14,125,52,177
2017-12-24,15,131,46,177
2017-12-24,16,122,36,158
2017-12-24,17,84,15,99
2017-12-24,18,58,19,77
2017-12-24,19,49,16,65
2017-12-24,20,42,8,50
2017-12-24,21,30,8,38
2017-12-24,22,20,10,30
2017-12-24,23,30,9,39
2017-12-25,0,17,1,18
2017-12-25,1,8,0,8
2017-12-25,2,4,0,4
2017-12-25,3,4,4,8
2017-12-25,4,3,1,4
2017-12-25,5,5,1,6
2017-12-25,6,8,0,8
2017-12-25,7,14,3,17
2017-12-25,8,22,3,25
2017-12-25,9,43,12,55
2017-12-25,10,30,9,39
2017-12-25,11,50,40,90
2017-12-25,12,53,36,89
2017-12-25,13,63,54,117
2017-12-25,14,75,55,130
2017-12-25,15,79,46,125
2017-12-25,16,59,30,89
2017-12-25,17,50,18,68
2017-12-25,18,21,5,26
2017-12-25,19,38,2,40
2017-12-25,20,16,3,19
2017-12-25,21,25,4,29
2017-12-25,22,11,1,12
2017-12-25,23,15,0,15
2017-12-26,0,10,2,12
2017-12-26,1,3,0,3
2017-12-26,2,4,1,5
2017-12-26,3,3,1,4
2017-12-26,4,6,0,6
2017-12-26,5,15,0,15
2017-12-26,6,60,0,60
2017-12-26,7,126,2,128
2017-12-26,8,181,17,198
2017-12-26,9,154,13,167
2017-12-26,10,118,26,144
2017-12-26,11,117,26,143
2017-12-26,12,143,37,180
2017-12-26,13,138,56,194
2017-12-26,14,167,40,207
2017-12-26,15,179,37,216
2017-12-26,16,230,78,308
2017-12-26,17,240,22,262
2017-12-26,18,176,17,193
2017-12-26,19,102,14,116
2017-12-26,20,78,2,80
2017-12-26,21,69,4,73
2017-12-26,22,35,5,40
2017-12-26,23,31,4,35
2017-12-27,0,12,3,15
2017-12-27,1,3,0,3
2017-12-27,3,6,2,8
2017-12-27,4,7,0,7
2017-12-27,5,23,2,25
2017-12-27,6,99,6,105
2017-12-27,7,198,8,206
2017-12-27,8,327,10,337
2017-12-27,9,203,39,242
2017-12-27,10,136,32,168
2017-12-27,11,141,43,184
2017-12-27,12,166,41,207
2017-12-27,13,145,36,181
2017-12-27,14,157,39,196
2017-12-27,15,210,39,249
2017-12-27,16,252,33,285
2017-12-27,17,297,27,324
2017-12-27,18,209,13,222
2017-12-27,19,135,6,141
2017-12-27,20,76,0,76
2017-12-27,21,64,2,66
2017-12-27,22,40,5,45
2017-12-27,23,28,1,29
2017-12-28,0,13,0,13
2017-12-28,1,6,0,6
2017-12-28,2,5,0,5
2017-12-28,3,5,1,6
2017-12-28,4,9,1,10
2017-12-28,5,25,0,25
2017-12-28,6,81,0,81
2017-12-28,7,160,8,168
2017-12-28,8,298,9,307
2017-12-28,9,193,12,205
2017-12-28,10,112,13,125
2017-12-28,11,127,13,140
2017-12-28,12,151,22,173
2017-12-28,13,131,24,155
2017-12-28,14,118,17,135
2017-12-28,15,175,36,211
2017-12-28,16,241,27,268
2017-12-28,17,274,17,291
2017-12-28,18,204,14,218
2017-12-28,19,116,2,118
2017-12-28,20,74,6,80
2017-12-28,21,38,7,45
2017-12-28,22,38,11,49
2017-12-28,23,24,8,32
2017-12-29,0,18,3,21
2017-12-29,1,5,1,6
2017-12-29,2,7,0,7
2017-12-29,3,3,0,3
2017-12-29,4,6,0,6
2017-12-29,5,28,0,28
2017-12-29,6,72,4,76
2017-12-29,7,129,5,134
2017-12-29,8,223,8,231
2017-12-29,9,190,14,204
2017-12-29,10,118,16,134
2017-12-29,11,139,29,168
2017-12-29,12,203,35,238
2017-12-29,13,195,45,240
2017-12-29,14,184,36,220
2017-12-29,15,220,32,252
2017-12-29,16,271,50,321
2017-12-29,17,228,21,249
2017-12-29,18,152,14,166
2017-12-29,19,127,6,133
2017-12-29,20,56,7,63
2017-12-29,21,66,5,71
2017-12-29,22,53,10,63
2017-12-29,23,51,3,54
2017-12-30,0,30,8,38
2017-12-30,1,18,2,20
2017-12-30,2,9,1,10
2017-12-30,3,8,0,8
2017-12-30,4,4,0,4
2017-12-30,5,2,1,3
2017-12-30,6,13,1,14
2017-12-30,7,17,1,18
2017-12-30,8,55,3,58
2017-12-30,9,70,9,79
2017-12-30,10,99,8,107
2017-12-30,11,137,17,154
2017-12-30,12,135,33,168
2017-12-30,13,142,26,168
2017-12-30,14,162,17,179
2017-12-30,15,156,35,191
2017-12-30,16,151,33,184
2017-12-30,17,102,19,121
2017-12-30,18,91,9,100
2017-12-30,19,79,11,90
2017-12-30,20,53,1,54
2017-12-30,21,47,7,54
2017-12-30,22,30,1,31
2017-12-30,23,23,0,23
2017-12-31,0,14,1,15
2017-12-31,1,7,4,11
2017-12-31,2,11,1,12
2017-12-31,3,6,0,6
2017-12-31,4,7,0,7
2017-12-31,5,2,0,2
2017-12-31,6,5,0,5
2017-12-31,7,22,0,22
2017-12-31,8,41,1,42
2017-12-31,9,86,5,91
2017-12-31,10,92,6,98
2017-12-31,11,85,11,96
2017-12-31,12,126,20,146
2017-12-31,13,135,14,149
2017-12-31,14,128,14,142
2017-12-31,15,120,9,129
2017-12-31,16,113,11,124
2017-12-31,17,91,8,99
2017-12-31,18,67,0,67
2017-12-31,19,55,4,59
2017-12-31,20,30,0,30
2017-12-31,21,44,2,46
2017-12-31,22,21,4,25
2017-12-31,23,13,1,14
